origin,destination,trips,date
34017015500,36005050400,105,2019-12-30
34023000603,36005050400,106,2019-12-30
36005002701,36005050400,181,2019-12-30
36005003900,36005050400,125,2019-12-30
36005009300,36005050400,105,2019-12-30
36005014500,36005050400,123,2019-12-30
36005023200,36005050400,131,2019-12-30
36005023800,36005050400,125,2019-12-30
36005034200,36005050400,204,2019-12-30
36005038100,36005050400,153,2019-12-30
36005039000,36005050400,162,2019-12-30
36005040100,36005050400,117,2019-12-30
36005046201,36005050400,476,2019-12-30
36005046202,36005050400,274,2019-12-30
36005050400,36005050400,525,2019-12-30
36047030000,36005050400,127,2019-12-30
36047033900,36005050400,352,2019-12-30
36047041800,36005050400,133,2019-12-30
36047049200,36005050400,128,2019-12-30
36047059100,36005050400,125,2019-12-30
36061002900,36005050400,115,2019-12-30
36061003300,36005050400,123,2019-12-30
36061006000,36005050400,118,2019-12-30
36061009700,36005050400,133,2019-12-30
36061011800,36005050400,106,2019-12-30
36061012800,36005050400,102,2019-12-30
36061015400,36005050400,116,2019-12-30
36061026900,36005050400,165,2019-12-30
36081004700,36005050400,130,2019-12-30
36081005300,36005050400,171,2019-12-30
36081025100,36005050400,127,2019-12-30
36103112102,36005050400,122,2019-12-30
36119005500,36005050400,155,2019-12-30
36119006300,36005050400,124,2019-12-30
34013004900,36005050400,86,2020-01-06
34017004600,36005050400,150,2020-01-06
34017006700,36005050400,111,2020-01-06
34017007300,36005050400,87,2020-01-06
34017007600,36005050400,131,2020-01-06
34017013900,36005050400,96,2020-01-06
34031175802,36005050400,79,2020-01-06
36005002701,36005050400,177,2020-01-06
36005004200,36005050400,107,2020-01-06
36005011700,36005050400,96,2020-01-06
36005021800,36005050400,149,2020-01-06
36005023200,36005050400,142,2020-01-06
36005023800,36005050400,104,2020-01-06
36005030200,36005050400,143,2020-01-06
36005033400,36005050400,137,2020-01-06
36005035600,36005050400,132,2020-01-06
36005046201,36005050400,517,2020-01-06
36047031500,36005050400,195,2020-01-06
36047041800,36005050400,115,2020-01-06
36047059100,36005050400,105,2020-01-06
36059519704,36005050400,86,2020-01-06
36061001300,36005050400,121,2020-01-06
36061002900,36005050400,101,2020-01-06
36061003700,36005050400,102,2020-01-06
36061010601,36005050400,89,2020-01-06
36061010900,36005050400,87,2020-01-06
36119008302,36005050400,104,2020-01-06
34017000400,36005050400,97,2020-01-13
36005006800,36005050400,144,2020-01-13
36005023200,36005050400,191,2020-01-13
36005035600,36005050400,171,2020-01-13
36005036300,36005050400,131,2020-01-13
36005037800,36005050400,100,2020-01-13
36005046201,36005050400,133,2020-01-13
36047005900,36005050400,90,2020-01-13
36047030000,36005050400,121,2020-01-13
36047031500,36005050400,126,2020-01-13
36047059100,36005050400,145,2020-01-13
36047060800,36005050400,162,2020-01-13
36061002700,36005050400,114,2020-01-13
36061002900,36005050400,102,2020-01-13
36061009700,36005050400,132,2020-01-13
36061015100,36005050400,158,2020-01-13
36061019500,36005050400,110,2020-01-13
36081083700,36005050400,129,2020-01-13
36119008602,36005050400,142,2020-01-13
34017004102,36005050400,110,2020-01-20
34017013900,36005050400,104,2020-01-20
34039030702,36005050400,92,2020-01-20
36005003900,36005050400,125,2020-01-20
36005006800,36005050400,143,2020-01-20
36005008900,36005050400,129,2020-01-20
36005021001,36005050400,202,2020-01-20
36005023800,36005050400,113,2020-01-20
36005027402,36005050400,194,2020-01-20
36005035600,36005050400,160,2020-01-20
36005036300,36005050400,148,2020-01-20
36005039000,36005050400,199,2020-01-20
36005046201,36005050400,428,2020-01-20
36047033900,36005050400,179,2020-01-20
36047079200,36005050400,126,2020-01-20
36061002900,36005050400,106,2020-01-20
36061003100,36005050400,112,2020-01-20
36061004800,36005050400,212,2020-01-20
36061006200,36005050400,139,2020-01-20
36061015400,36005050400,134,2020-01-20
36081058300,36005050400,112,2020-01-20
34013016800,36005050400,90,2020-01-27
34017013900,36005050400,116,2020-01-27
34031124311,36005050400,122,2020-01-27
34031175802,36005050400,93,2020-01-27
36005004200,36005050400,173,2020-01-27
36005006300,36005050400,330,2020-01-27
36005006700,36005050400,129,2020-01-27
36005006800,36005050400,252,2020-01-27
36005023800,36005050400,155,2020-01-27
36005024800,36005050400,151,2020-01-27
36005028400,36005050400,146,2020-01-27
36005028900,36005050400,106,2020-01-27
36005030200,36005050400,158,2020-01-27
36005033400,36005050400,128,2020-01-27
36005035600,36005050400,305,2020-01-27
36005038100,36005050400,144,2020-01-27
36005039000,36005050400,244,2020-01-27
36005039300,36005050400,118,2020-01-27
36005042400,36005050400,121,2020-01-27
36005046201,36005050400,513,2020-01-27
36005046202,36005050400,146,2020-01-27
36005050400,36005050400,464,2020-01-27
36047015900,36005050400,133,2020-01-27
36047028000,36005050400,184,2020-01-27
36047030000,36005050400,122,2020-01-27
36047033900,36005050400,159,2020-01-27
36047037900,36005050400,130,2020-01-27
36047038500,36005050400,191,2020-01-27
36047052500,36005050400,228,2020-01-27
36059519802,36005050400,115,2020-01-27
36061002900,36005050400,143,2020-01-27
36061003100,36005050400,137,2020-01-27
36061011800,36005050400,189,2020-01-27
36061015400,36005050400,177,2020-01-27
36081066400,36005050400,252,2020-01-27
36081071600,36005050400,153,2020-01-27
36103158604,36005050400,110,2020-01-27
36103158607,36005050400,131,2020-01-27
36119001700,36005050400,92,2020-01-27
36119002900,36005050400,156,2020-01-27
36119010000,36005050400,123,2020-01-27
34003023501,36005050400,126,2020-02-03
34003054500,36005050400,135,2020-02-03
34013009100,36005050400,80,2020-02-03
34013023000,36005050400,77,2020-02-03
34017010400,36005050400,130,2020-02-03
34023001805,36005050400,142,2020-02-03
34027041803,36005050400,73,2020-02-03
34039034100,36005050400,64,2020-02-03
36005003900,36005050400,107,2020-02-03
36005004200,36005050400,173,2020-02-03
36005005001,36005050400,192,2020-02-03
36005006800,36005050400,121,2020-02-03
36005007300,36005050400,77,2020-02-03
36005011700,36005050400,97,2020-02-03
36005023200,36005050400,139,2020-02-03
36005023800,36005050400,197,2020-02-03
36005026701,36005050400,131,2020-02-03
36005028400,36005050400,244,2020-02-03
36005028600,36005050400,98,2020-02-03
36005029600,36005050400,161,2020-02-03
36005033400,36005050400,148,2020-02-03
36005033600,36005050400,122,2020-02-03
36005035600,36005050400,262,2020-02-03
36005037900,36005050400,85,2020-02-03
36005038100,36005050400,109,2020-02-03
36005039000,36005050400,134,2020-02-03
36005039700,36005050400,98,2020-02-03
36005040100,36005050400,116,2020-02-03
36005046201,36005050400,995,2020-02-03
36047033900,36005050400,199,2020-02-03
36047034900,36005050400,110,2020-02-03
36047052500,36005050400,87,2020-02-03
36047114400,36005050400,98,2020-02-03
36061002900,36005050400,118,2020-02-03
36061003100,36005050400,173,2020-02-03
36061005000,36005050400,96,2020-02-03
36061010900,36005050400,87,2020-02-03
36061014602,36005050400,81,2020-02-03
36061015400,36005050400,103,2020-02-03
36081020800,36005050400,137,2020-02-03
36081024000,36005050400,180,2020-02-03
36081057700,36005050400,116,2020-02-03
36103135201,36005050400,90,2020-02-03
36103146203,36005050400,93,2020-02-03
36119005500,36005050400,131,2020-02-03
34003023501,36005050400,110,2020-02-10
34003042500,36005050400,113,2020-02-10
34003054500,36005050400,138,2020-02-10
34013007400,36005050400,127,2020-02-10
34035054300,36005050400,135,2020-02-10
34039035400,36005050400,81,2020-02-10
36005003700,36005050400,109,2020-02-10
36005004200,36005050400,125,2020-02-10
36005007100,36005050400,98,2020-02-10
36005013800,36005050400,118,2020-02-10
36005014500,36005050400,141,2020-02-10
36005019400,36005050400,133,2020-02-10
36005021900,36005050400,102,2020-02-10
36005023800,36005050400,164,2020-02-10
36005028400,36005050400,409,2020-02-10
36005033400,36005050400,104,2020-02-10
36005035600,36005050400,137,2020-02-10
36005037300,36005050400,91,2020-02-10
36005038100,36005050400,91,2020-02-10
36005039000,36005050400,125,2020-02-10
36005043100,36005050400,92,2020-02-10
36005046201,36005050400,449,2020-02-10
36005050400,36005050400,110,2020-02-10
36047011000,36005050400,109,2020-02-10
36047012901,36005050400,99,2020-02-10
36047119600,36005050400,90,2020-02-10
36061001401,36005050400,113,2020-02-10
36061001501,36005050400,101,2020-02-10
36061002602,36005050400,136,2020-02-10
36061002900,36005050400,117,2020-02-10
36061003100,36005050400,314,2020-02-10
36061003300,36005050400,106,2020-02-10
36061006600,36005050400,97,2020-02-10
36061007600,36005050400,98,2020-02-10
36061010601,36005050400,84,2020-02-10
36061011201,36005050400,105,2020-02-10
36061011800,36005050400,94,2020-02-10
36081071600,36005050400,98,2020-02-10
36103135201,36005050400,103,2020-02-10
36005004200,36005050400,182,2020-02-17
36005006800,36005050400,100,2020-02-17
36005013800,36005050400,126,2020-02-17
36005014500,36005050400,150,2020-02-17
36005021002,36005050400,158,2020-02-17
36005023800,36005050400,204,2020-02-17
36005028400,36005050400,124,2020-02-17
36005028600,36005050400,340,2020-02-17
36005033400,36005050400,260,2020-02-17
36005035600,36005050400,113,2020-02-17
36005038100,36005050400,107,2020-02-17
36005046201,36005050400,519,2020-02-17
36047013100,36005050400,135,2020-02-17
36047033900,36005050400,223,2020-02-17
36047045400,36005050400,92,2020-02-17
36047119600,36005050400,173,2020-02-17
36061002900,36005050400,108,2020-02-17
36061003100,36005050400,124,2020-02-17
36061010601,36005050400,101,2020-02-17
36061015400,36005050400,109,2020-02-17
36061025100,36005050400,142,2020-02-17
36081033100,36005050400,128,2020-02-17
34003054500,36005050400,92,2020-02-24
34023000603,36005050400,83,2020-02-24
34039030702,36005050400,84,2020-02-24
36005003900,36005050400,131,2020-02-24
36005013100,36005050400,155,2020-02-24
36005013800,36005050400,121,2020-02-24
36005014500,36005050400,244,2020-02-24
36005017300,36005050400,122,2020-02-24
36005028400,36005050400,89,2020-02-24
36005028600,36005050400,267,2020-02-24
36005030200,36005050400,303,2020-02-24
36005033400,36005050400,116,2020-02-24
36005036300,36005050400,128,2020-02-24
36005036902,36005050400,142,2020-02-24
36005038100,36005050400,104,2020-02-24
36005039000,36005050400,153,2020-02-24
36005045600,36005050400,112,2020-02-24
36005046201,36005050400,499,2020-02-24
36005046202,36005050400,207,2020-02-24
36005050400,36005050400,858,2020-02-24
36047003400,36005050400,125,2020-02-24
36047015400,36005050400,123,2020-02-24
36047019100,36005050400,108,2020-02-24
36047033900,36005050400,102,2020-02-24
36047041800,36005050400,120,2020-02-24
36059413200,36005050400,91,2020-02-24
36061003100,36005050400,198,2020-02-24
36061006200,36005050400,109,2020-02-24
36061009700,36005050400,106,2020-02-24
36061011800,36005050400,102,2020-02-24
36061013200,36005050400,114,2020-02-24
36061015400,36005050400,98,2020-02-24
36081045500,36005050400,78,2020-02-24
36081047300,36005050400,103,2020-02-24
36087012402,36005050400,142,2020-02-24
36103135201,36005050400,96,2020-02-24
36103146203,36005050400,115,2020-02-24
36119013600,36005050400,219,2020-02-24
36005000400,36005050400,85,2020-03-02
36005001600,36005050400,112,2020-03-02
36005002800,36005050400,177,2020-03-02
36005003100,36005050400,104,2020-03-02
36005003900,36005050400,80,2020-03-02
36005004200,36005050400,396,2020-03-02
36005004400,36005050400,191,2020-03-02
36005006300,36005050400,186,2020-03-02
36005006800,36005050400,107,2020-03-02
36005013800,36005050400,221,2020-03-02
36005014500,36005050400,157,2020-03-02
36005021800,36005050400,105,2020-03-02
36005022701,36005050400,95,2020-03-02
36005023200,36005050400,119,2020-03-02
36005023704,36005050400,90,2020-03-02
36005024700,36005050400,97,2020-03-02
36005024900,36005050400,134,2020-03-02
36005025200,36005050400,86,2020-03-02
36005028400,36005050400,246,2020-03-02
36005032600,36005050400,93,2020-03-02
36005033400,36005050400,194,2020-03-02
36005034800,36005050400,104,2020-03-02
36005038100,36005050400,97,2020-03-02
36005040100,36005050400,117,2020-03-02
36005042600,36005050400,99,2020-03-02
36005046201,36005050400,413,2020-03-02
36005048400,36005050400,97,2020-03-02
36047019200,36005050400,87,2020-03-02
36047029200,36005050400,122,2020-03-02
36047042900,36005050400,90,2020-03-02
36047043100,36005050400,88,2020-03-02
36047043200,36005050400,129,2020-03-02
36047049400,36005050400,79,2020-03-02
36047050400,36005050400,89,2020-03-02
36047051400,36005050400,70,2020-03-02
36047079200,36005050400,93,2020-03-02
36047119600,36005050400,124,2020-03-02
36061002201,36005050400,90,2020-03-02
36061002900,36005050400,119,2020-03-02
36061003100,36005050400,211,2020-03-02
36061003700,36005050400,127,2020-03-02
36061009700,36005050400,99,2020-03-02
36061010900,36005050400,79,2020-03-02
36061011800,36005050400,97,2020-03-02
36061014300,36005050400,135,2020-03-02
36061016500,36005050400,88,2020-03-02
36103145804,36005050400,137,2020-03-02
36103146203,36005050400,136,2020-03-02
36119002700,36005050400,91,2020-03-02
34013002500,36005050400,85,2020-03-09
34013018300,36005050400,85,2020-03-09
36005001600,36005050400,125,2020-03-09
36005004200,36005050400,256,2020-03-09
36005006300,36005050400,100,2020-03-09
36005006700,36005050400,115,2020-03-09
36005006800,36005050400,128,2020-03-09
36005013800,36005050400,121,2020-03-09
36005014500,36005050400,98,2020-03-09
36005027402,36005050400,208,2020-03-09
36005028400,36005050400,193,2020-03-09
36005028500,36005050400,86,2020-03-09
36005035600,36005050400,121,2020-03-09
36005042600,36005050400,104,2020-03-09
36005046201,36005050400,610,2020-03-09
36005046202,36005050400,216,2020-03-09
36005048400,36005050400,102,2020-03-09
36005050400,36005050400,106,2020-03-09
36047011600,36005050400,102,2020-03-09
36047019200,36005050400,101,2020-03-09
36047029400,36005050400,143,2020-03-09
36047030000,36005050400,137,2020-03-09
36047032100,36005050400,101,2020-03-09
36047042900,36005050400,162,2020-03-09
36047043200,36005050400,139,2020-03-09
36047045400,36005050400,80,2020-03-09
36047114400,36005050400,100,2020-03-09
36047119600,36005050400,91,2020-03-09
36061002900,36005050400,92,2020-03-09
36061003100,36005050400,95,2020-03-09
36061010900,36005050400,86,2020-03-09
36061014300,36005050400,107,2020-03-09
36061015400,36005050400,103,2020-03-09
36061023801,36005050400,104,2020-03-09
36061027300,36005050400,115,2020-03-09
36081021200,36005050400,98,2020-03-09
36119002700,36005050400,106,2020-03-09
36119005500,36005050400,86,2020-03-09
34013018300,36005050400,110,2020-03-16
36005003900,36005050400,132,2020-03-16
36005004200,36005050400,171,2020-03-16
36005006800,36005050400,234,2020-03-16
36005007200,36005050400,168,2020-03-16
36005013800,36005050400,173,2020-03-16
36005023200,36005050400,124,2020-03-16
36005024100,36005050400,101,2020-03-16
36005024700,36005050400,149,2020-03-16
36005026602,36005050400,283,2020-03-16
36005028400,36005050400,158,2020-03-16
36005028900,36005050400,146,2020-03-16
36005030200,36005050400,197,2020-03-16
36005034800,36005050400,147,2020-03-16
36005036100,36005050400,117,2020-03-16
36005038100,36005050400,125,2020-03-16
36005039700,36005050400,159,2020-03-16
36005046201,36005050400,799,2020-03-16
36047011600,36005050400,133,2020-03-16
36047025400,36005050400,162,2020-03-16
36047038500,36005050400,166,2020-03-16
36047042900,36005050400,141,2020-03-16
36047045400,36005050400,111,2020-03-16
36047049200,36005050400,106,2020-03-16
36047114400,36005050400,132,2020-03-16
36061002900,36005050400,141,2020-03-16
36061003100,36005050400,115,2020-03-16
36061011800,36005050400,131,2020-03-16
36061015400,36005050400,130,2020-03-16
36061030300,36005050400,125,2020-03-16
34003054500,36005050400,161,2020-03-23
36005004200,36005050400,365,2020-03-23
36005005400,36005050400,137,2020-03-23
36005007700,36005050400,240,2020-03-23
36005013800,36005050400,602,2020-03-23
36005014500,36005050400,166,2020-03-23
36005016200,36005050400,310,2020-03-23
36005019400,36005050400,178,2020-03-23
36005023200,36005050400,161,2020-03-23
36005028400,36005050400,191,2020-03-23
36005034800,36005050400,182,2020-03-23
36005035600,36005050400,193,2020-03-23
36005040100,36005050400,164,2020-03-23
36005046201,36005050400,116,2020-03-23
36005046202,36005050400,179,2020-03-23
36005050400,36005050400,192,2020-03-23
36047017600,36005050400,140,2020-03-23
36047038500,36005050400,171,2020-03-23
36047105801,36005050400,246,2020-03-23
36061002900,36005050400,139,2020-03-23
36061003100,36005050400,142,2020-03-23
36061020901,36005050400,137,2020-03-23
36119001302,36005050400,177,2020-03-23
34003054500,36005050400,203,2020-03-30
34013016200,36005050400,175,2020-03-30
34023009300,36005050400,137,2020-03-30
36005001600,36005050400,194,2020-03-30
36005002800,36005050400,274,2020-03-30
36005004001,36005050400,119,2020-03-30
36005004200,36005050400,850,2020-03-30
36005006300,36005050400,147,2020-03-30
36005006800,36005050400,1032,2020-03-30
36005007000,36005050400,198,2020-03-30
36005007400,36005050400,344,2020-03-30
36005013100,36005050400,888,2020-03-30
36005013800,36005050400,244,2020-03-30
36005014500,36005050400,2123,2020-03-30
36005021601,36005050400,310,2020-03-30
36005021900,36005050400,176,2020-03-30
36005023200,36005050400,246,2020-03-30
36005023800,36005050400,150,2020-03-30
36005024700,36005050400,273,2020-03-30
36005026602,36005050400,304,2020-03-30
36005028400,36005050400,581,2020-03-30
36005030200,36005050400,452,2020-03-30
36005033400,36005050400,194,2020-03-30
36005035600,36005050400,480,2020-03-30
36005036100,36005050400,151,2020-03-30
36005036300,36005050400,415,2020-03-30
36005038100,36005050400,160,2020-03-30
36005038600,36005050400,282,2020-03-30
36005038900,36005050400,155,2020-03-30
36005039700,36005050400,402,2020-03-30
36005040100,36005050400,981,2020-03-30
36005046201,36005050400,1578,2020-03-30
36005046202,36005050400,169,2020-03-30
36005050400,36005050400,1101,2020-03-30
36047031500,36005050400,178,2020-03-30
36047038500,36005050400,174,2020-03-30
36047040500,36005050400,119,2020-03-30
36047044900,36005050400,178,2020-03-30
36061002900,36005050400,206,2020-03-30
36061003100,36005050400,346,2020-03-30
36061023801,36005050400,151,2020-03-30
36081031700,36005050400,163,2020-03-30
36119002700,36005050400,187,2020-03-30
36119003300,36005050400,468,2020-03-30
36119005500,36005050400,154,2020-03-30
36119007700,36005050400,198,2020-03-30
34003054500,36005050400,130,2020-04-06
34039030802,36005050400,153,2020-04-06
36005001600,36005050400,216,2020-04-06
36005004001,36005050400,333,2020-04-06
36005004200,36005050400,242,2020-04-06
36005005002,36005050400,188,2020-04-06
36005005600,36005050400,194,2020-04-06
36005006800,36005050400,313,2020-04-06
36005007400,36005050400,271,2020-04-06
36005009800,36005050400,314,2020-04-06
36005013800,36005050400,300,2020-04-06
36005014500,36005050400,160,2020-04-06
36005017300,36005050400,204,2020-04-06
36005021800,36005050400,366,2020-04-06
36005022901,36005050400,130,2020-04-06
36005023200,36005050400,282,2020-04-06
36005023301,36005050400,213,2020-04-06
36005028900,36005050400,166,2020-04-06
36005030000,36005050400,159,2020-04-06
36005033400,36005050400,432,2020-04-06
36005035600,36005050400,197,2020-04-06
36005036300,36005050400,165,2020-04-06
36005038100,36005050400,547,2020-04-06
36005039700,36005050400,154,2020-04-06
36005040100,36005050400,203,2020-04-06
36005040400,36005050400,273,2020-04-06
36005042600,36005050400,168,2020-04-06
36005046201,36005050400,2155,2020-04-06
36005046202,36005050400,188,2020-04-06
36005050400,36005050400,145,2020-04-06
36047022000,36005050400,125,2020-04-06
36047050700,36005050400,190,2020-04-06
36047052500,36005050400,158,2020-04-06
36061002900,36005050400,145,2020-04-06
36061003100,36005050400,179,2020-04-06
36103145804,36005050400,148,2020-04-06
36005000400,36005050400,146,2020-04-13
36005001600,36005050400,846,2020-04-13
36005004001,36005050400,140,2020-04-13
36005004200,36005050400,180,2020-04-13
36005005400,36005050400,184,2020-04-13
36005006300,36005050400,348,2020-04-13
36005006800,36005050400,892,2020-04-13
36005007000,36005050400,225,2020-04-13
36005008600,36005050400,240,2020-04-13
36005013800,36005050400,245,2020-04-13
36005014500,36005050400,268,2020-04-13
36005022901,36005050400,144,2020-04-13
36005028400,36005050400,203,2020-04-13
36005036300,36005050400,179,2020-04-13
36005038100,36005050400,447,2020-04-13
36005038600,36005050400,581,2020-04-13
36005040100,36005050400,181,2020-04-13
36005040400,36005050400,185,2020-04-13
36005046201,36005050400,1497,2020-04-13
36005046202,36005050400,219,2020-04-13
36047037900,36005050400,176,2020-04-13
36061003100,36005050400,199,2020-04-13
36085002700,36005050400,180,2020-04-13
34003054500,36005050400,127,2020-04-20
34013023200,36005050400,155,2020-04-20
36005004200,36005050400,401,2020-04-20
36005004400,36005050400,187,2020-04-20
36005005002,36005050400,162,2020-04-20
36005006300,36005050400,605,2020-04-20
36005006800,36005050400,184,2020-04-20
36005009200,36005050400,260,2020-04-20
36005013100,36005050400,214,2020-04-20
36005013800,36005050400,208,2020-04-20
36005014500,36005050400,160,2020-04-20
36005016700,36005050400,408,2020-04-20
36005020601,36005050400,196,2020-04-20
36005021200,36005050400,222,2020-04-20
36005022200,36005050400,159,2020-04-20
36005022701,36005050400,373,2020-04-20
36005022901,36005050400,538,2020-04-20
36005024700,36005050400,162,2020-04-20
36005028400,36005050400,193,2020-04-20
36005030200,36005050400,439,2020-04-20
36005035600,36005050400,191,2020-04-20
36005038100,36005050400,282,2020-04-20
36005038600,36005050400,297,2020-04-20
36005040100,36005050400,238,2020-04-20
36005040400,36005050400,141,2020-04-20
36005046201,36005050400,2759,2020-04-20
36047028000,36005050400,162,2020-04-20
36047057300,36005050400,202,2020-04-20
36059301102,36005050400,143,2020-04-20
36061002900,36005050400,146,2020-04-20
36061003100,36005050400,289,2020-04-20
36061023200,36005050400,180,2020-04-20
36061023801,36005050400,179,2020-04-20
36103145804,36005050400,149,2020-04-20
36005001600,36005050400,535,2020-04-27
36005002800,36005050400,202,2020-04-27
36005004200,36005050400,429,2020-04-27
36005006300,36005050400,652,2020-04-27
36005006700,36005050400,385,2020-04-27
36005006800,36005050400,582,2020-04-27
36005009000,36005050400,206,2020-04-27
36005013100,36005050400,591,2020-04-27
36005014500,36005050400,739,2020-04-27
36005021800,36005050400,176,2020-04-27
36005022701,36005050400,184,2020-04-27
36005022901,36005050400,137,2020-04-27
36005023200,36005050400,172,2020-04-27
36005024700,36005050400,311,2020-04-27
36005027600,36005050400,230,2020-04-27
36005028400,36005050400,707,2020-04-27
36005033400,36005050400,258,2020-04-27
36005035600,36005050400,199,2020-04-27
36005036300,36005050400,196,2020-04-27
36005037100,36005050400,182,2020-04-27
36005038100,36005050400,636,2020-04-27
36005046201,36005050400,2260,2020-04-27
36005046202,36005050400,548,2020-04-27
36005050400,36005050400,187,2020-04-27
36047089800,36005050400,390,2020-04-27
36047119600,36005050400,152,2020-04-27
36061002900,36005050400,140,2020-04-27
36061003100,36005050400,174,2020-04-27
36061013600,36005050400,148,2020-04-27
36061021900,36005050400,137,2020-04-27
36119005500,36005050400,133,2020-04-27
36005001600,36005050400,302,2020-05-04
36005002400,36005050400,270,2020-05-04
36005003900,36005050400,477,2020-05-04
36005004200,36005050400,563,2020-05-04
36005006300,36005050400,1255,2020-05-04
36005006700,36005050400,490,2020-05-04
36005006800,36005050400,1063,2020-05-04
36005013800,36005050400,145,2020-05-04
36005014400,36005050400,134,2020-05-04
36005014500,36005050400,745,2020-05-04
36005015800,36005050400,159,2020-05-04
36005023200,36005050400,134,2020-05-04
36005024700,36005050400,156,2020-05-04
36005026602,36005050400,114,2020-05-04
36005028400,36005050400,751,2020-05-04
36005030000,36005050400,147,2020-05-04
36005030200,36005050400,355,2020-05-04
36005033400,36005050400,153,2020-05-04
36005034800,36005050400,168,2020-05-04
36005035600,36005050400,162,2020-05-04
36005036300,36005050400,201,2020-05-04
36005036400,36005050400,117,2020-05-04
36005038100,36005050400,579,2020-05-04
36005039700,36005050400,308,2020-05-04
36005046201,36005050400,2182,2020-05-04
36005046202,36005050400,493,2020-05-04
36005050400,36005050400,163,2020-05-04
36047015400,36005050400,232,2020-05-04
36047035500,36005050400,159,2020-05-04
36047107000,36005050400,167,2020-05-04
36047119600,36005050400,161,2020-05-04
36061002900,36005050400,211,2020-05-04
36061007700,36005050400,135,2020-05-04
36061014300,36005050400,372,2020-05-04
36081096400,36005050400,134,2020-05-04
36119003300,36005050400,265,2020-05-04
36119005500,36005050400,112,2020-05-04
36005001600,36005050400,243,2020-05-11
36005003900,36005050400,328,2020-05-11
36005004200,36005050400,157,2020-05-11
36005006300,36005050400,376,2020-05-11
36005006800,36005050400,320,2020-05-11
36005007000,36005050400,159,2020-05-11
36005007300,36005050400,127,2020-05-11
36005009000,36005050400,241,2020-05-11
36005014500,36005050400,581,2020-05-11
36005017300,36005050400,148,2020-05-11
36005020000,36005050400,123,2020-05-11
36005024700,36005050400,246,2020-05-11
36005025100,36005050400,142,2020-05-11
36005025400,36005050400,116,2020-05-11
36005028400,36005050400,665,2020-05-11
36005029600,36005050400,340,2020-05-11
36005030200,36005050400,174,2020-05-11
36005033400,36005050400,547,2020-05-11
36005034800,36005050400,128,2020-05-11
36005035600,36005050400,168,2020-05-11
36005036300,36005050400,168,2020-05-11
36005036800,36005050400,155,2020-05-11
36005037100,36005050400,160,2020-05-11
36005038100,36005050400,127,2020-05-11
36005039700,36005050400,122,2020-05-11
36005045600,36005050400,213,2020-05-11
36005046201,36005050400,2298,2020-05-11
36005046202,36005050400,310,2020-05-11
36047035500,36005050400,155,2020-05-11
36047114400,36005050400,134,2020-05-11
36061006600,36005050400,148,2020-05-11
36061013200,36005050400,106,2020-05-11
36061014300,36005050400,286,2020-05-11
36061019500,36005050400,151,2020-05-11
36061023600,36005050400,145,2020-05-11
36081008300,36005050400,163,2020-05-11
36081024300,36005050400,250,2020-05-11
36081096400,36005050400,172,2020-05-11
36119005701,36005050400,179,2020-05-11
34027043800,36005050400,228,2020-05-18
36005001600,36005050400,395,2020-05-18
36005003100,36005050400,164,2020-05-18
36005003900,36005050400,139,2020-05-18
36005006300,36005050400,124,2020-05-18
36005006700,36005050400,158,2020-05-18
36005006800,36005050400,367,2020-05-18
36005007300,36005050400,143,2020-05-18
36005014500,36005050400,670,2020-05-18
36005015200,36005050400,112,2020-05-18
36005020000,36005050400,112,2020-05-18
36005023200,36005050400,235,2020-05-18
36005024700,36005050400,414,2020-05-18
36005030200,36005050400,133,2020-05-18
36005033400,36005050400,136,2020-05-18
36005034800,36005050400,416,2020-05-18
36005035600,36005050400,201,2020-05-18
36005036300,36005050400,166,2020-05-18
36005036400,36005050400,112,2020-05-18
36005039700,36005050400,130,2020-05-18
36005040100,36005050400,468,2020-05-18
36005046201,36005050400,1667,2020-05-18
36005050400,36005050400,250,2020-05-18
36047079200,36005050400,124,2020-05-18
36047114400,36005050400,132,2020-05-18
36047119600,36005050400,150,2020-05-18
36061002900,36005050400,216,2020-05-18
36061003100,36005050400,250,2020-05-18
36061005600,36005050400,116,2020-05-18
36061011800,36005050400,132,2020-05-18
36061015400,36005050400,118,2020-05-18
36081028100,36005050400,132,2020-05-18
36119005701,36005050400,204,2020-05-18
34029714200,36005050400,116,2020-05-25
34039031400,36005050400,104,2020-05-25
36005004200,36005050400,328,2020-05-25
36005005200,36005050400,149,2020-05-25
36005006300,36005050400,466,2020-05-25
36005006800,36005050400,337,2020-05-25
36005007300,36005050400,652,2020-05-25
36005013800,36005050400,126,2020-05-25
36005014500,36005050400,916,2020-05-25
36005020000,36005050400,100,2020-05-25
36005021002,36005050400,171,2020-05-25
36005023200,36005050400,211,2020-05-25
36005024700,36005050400,365,2020-05-25
36005026602,36005050400,117,2020-05-25
36005028400,36005050400,521,2020-05-25
36005028600,36005050400,223,2020-05-25
36005028900,36005050400,155,2020-05-25
36005030200,36005050400,132,2020-05-25
36005033700,36005050400,132,2020-05-25
36005034800,36005050400,659,2020-05-25
36005038302,36005050400,126,2020-05-25
36005039700,36005050400,156,2020-05-25
36005039902,36005050400,153,2020-05-25
36005040100,36005050400,606,2020-05-25
36005045600,36005050400,210,2020-05-25
36005046201,36005050400,952,2020-05-25
36005046202,36005050400,154,2020-05-25
36005050400,36005050400,149,2020-05-25
36047037900,36005050400,123,2020-05-25
36047038500,36005050400,137,2020-05-25
36047059100,36005050400,176,2020-05-25
36047119600,36005050400,116,2020-05-25
36061002900,36005050400,332,2020-05-25
36061003100,36005050400,344,2020-05-25
36119011101,36005050400,134,2020-05-25
34017018100,36005050400,176,2020-06-01
36005001600,36005050400,180,2020-06-01
36005003900,36005050400,209,2020-06-01
36005004200,36005050400,205,2020-06-01
36005006200,36005050400,214,2020-06-01
36005006300,36005050400,375,2020-06-01
36005006800,36005050400,378,2020-06-01
36005007300,36005050400,385,2020-06-01
36005014500,36005050400,1385,2020-06-01
36005021601,36005050400,196,2020-06-01
36005021602,36005050400,126,2020-06-01
36005023200,36005050400,146,2020-06-01
36005024700,36005050400,927,2020-06-01
36005026602,36005050400,155,2020-06-01
36005028400,36005050400,461,2020-06-01
36005028600,36005050400,221,2020-06-01
36005030000,36005050400,116,2020-06-01
36005030200,36005050400,332,2020-06-01
36005034800,36005050400,156,2020-06-01
36005036300,36005050400,612,2020-06-01
36005038100,36005050400,388,2020-06-01
36005039700,36005050400,223,2020-06-01
36005040100,36005050400,140,2020-06-01
36005046201,36005050400,687,2020-06-01
36005046202,36005050400,123,2020-06-01
36005048400,36005050400,135,2020-06-01
36005050400,36005050400,505,2020-06-01
36047017700,36005050400,142,2020-06-01
36047035300,36005050400,130,2020-06-01
36047038500,36005050400,144,2020-06-01
36061002900,36005050400,395,2020-06-01
36061003100,36005050400,313,2020-06-01
36061011800,36005050400,130,2020-06-01
36061015400,36005050400,124,2020-06-01
36119006000,36005050400,167,2020-06-01
36005001600,36005050400,186,2020-06-08
36005004200,36005050400,256,2020-06-08
36005006300,36005050400,603,2020-06-08
36005006700,36005050400,129,2020-06-08
36005006800,36005050400,158,2020-06-08
36005007300,36005050400,125,2020-06-08
36005009200,36005050400,236,2020-06-08
36005013100,36005050400,454,2020-06-08
36005014500,36005050400,408,2020-06-08
36005023200,36005050400,214,2020-06-08
36005024700,36005050400,114,2020-06-08
36005033400,36005050400,126,2020-06-08
36005033700,36005050400,112,2020-06-08
36005034800,36005050400,142,2020-06-08
36005036300,36005050400,165,2020-06-08
36005038100,36005050400,116,2020-06-08
36005039700,36005050400,253,2020-06-08
36005040100,36005050400,146,2020-06-08
36005046201,36005050400,793,2020-06-08
36005046202,36005050400,133,2020-06-08
36005050400,36005050400,297,2020-06-08
36047079200,36005050400,125,2020-06-08
36061002900,36005050400,285,2020-06-08
36061003100,36005050400,344,2020-06-08
36119002700,36005050400,134,2020-06-08
36119005902,36005050400,220,2020-06-08
34003010200,36005050400,110,2020-06-15
34003054500,36005050400,118,2020-06-15
34017015801,36005050400,104,2020-06-15
34027041803,36005050400,127,2020-06-15
36005001600,36005050400,155,2020-06-15
36005002400,36005050400,199,2020-06-15
36005004200,36005050400,352,2020-06-15
36005006300,36005050400,412,2020-06-15
36005006700,36005050400,155,2020-06-15
36005006800,36005050400,227,2020-06-15
36005007200,36005050400,145,2020-06-15
36005013800,36005050400,142,2020-06-15
36005015800,36005050400,130,2020-06-15
36005023200,36005050400,134,2020-06-15
36005023800,36005050400,144,2020-06-15
36005024700,36005050400,131,2020-06-15
36005028400,36005050400,342,2020-06-15
36005028600,36005050400,147,2020-06-15
36005029600,36005050400,228,2020-06-15
36005033400,36005050400,186,2020-06-15
36005035600,36005050400,162,2020-06-15
36005036400,36005050400,110,2020-06-15
36005038100,36005050400,129,2020-06-15
36005048400,36005050400,146,2020-06-15
36047038500,36005050400,136,2020-06-15
36047042900,36005050400,367,2020-06-15
36061002900,36005050400,185,2020-06-15
36061003100,36005050400,207,2020-06-15
36061006200,36005050400,144,2020-06-15
36103135201,36005050400,162,2020-06-15
36103158511,36005050400,141,2020-06-15
36119003400,36005050400,288,2020-06-15
34003044202,36005050400,139,2020-06-22
36005001600,36005050400,164,2020-06-22
36005002400,36005050400,190,2020-06-22
36005003100,36005050400,180,2020-06-22
36005004200,36005050400,596,2020-06-22
36005006300,36005050400,667,2020-06-22
36005006800,36005050400,354,2020-06-22
36005007300,36005050400,177,2020-06-22
36005009000,36005050400,205,2020-06-22
36005014500,36005050400,390,2020-06-22
36005023200,36005050400,386,2020-06-22
36005033400,36005050400,354,2020-06-22
36005034800,36005050400,170,2020-06-22
36005038302,36005050400,136,2020-06-22
36005046201,36005050400,1202,2020-06-22
36005046202,36005050400,157,2020-06-22
36047055600,36005050400,148,2020-06-22
36061002900,36005050400,416,2020-06-22
36061003100,36005050400,417,2020-06-22
36061014300,36005050400,155,2020-06-22
36061023501,36005050400,149,2020-06-22
36081001900,36005050400,182,2020-06-22
36119005400,36005050400,120,2020-06-22
36119006000,36005050400,166,2020-06-22
34023000603,36005050400,115,2020-06-29
36005001600,36005050400,298,2020-06-29
36005005001,36005050400,191,2020-06-29
36005006300,36005050400,774,2020-06-29
36005006800,36005050400,487,2020-06-29
36005007300,36005050400,123,2020-06-29
36005014500,36005050400,133,2020-06-29
36005023200,36005050400,247,2020-06-29
36005023800,36005050400,236,2020-06-29
36005028400,36005050400,319,2020-06-29
36005030200,36005050400,247,2020-06-29
36005032600,36005050400,143,2020-06-29
36005033400,36005050400,167,2020-06-29
36005034800,36005050400,167,2020-06-29
36005036300,36005050400,136,2020-06-29
36005039700,36005050400,150,2020-06-29
36005042600,36005050400,132,2020-06-29
36005045600,36005050400,221,2020-06-29
36005046201,36005050400,913,2020-06-29
36005050400,36005050400,288,2020-06-29
36047038500,36005050400,137,2020-06-29
36047042900,36005050400,146,2020-06-29
36061001401,36005050400,172,2020-06-29
36061002900,36005050400,547,2020-06-29
36061003100,36005050400,346,2020-06-29
36061011800,36005050400,134,2020-06-29
36061014300,36005050400,141,2020-06-29
36061018100,36005050400,104,2020-06-29
36081050000,36005050400,165,2020-06-29
36103135201,36005050400,113,2020-06-29
36005001600,36005050400,189,2020-07-06
36005002000,36005050400,192,2020-07-06
36005004200,36005050400,361,2020-07-06
36005005002,36005050400,154,2020-07-06
36005006300,36005050400,542,2020-07-06
36005006800,36005050400,867,2020-07-06
36005007300,36005050400,116,2020-07-06
36005013800,36005050400,172,2020-07-06
36005014500,36005050400,403,2020-07-06
36005018400,36005050400,111,2020-07-06
36005021200,36005050400,154,2020-07-06
36005023200,36005050400,377,2020-07-06
36005023800,36005050400,200,2020-07-06
36005026400,36005050400,165,2020-07-06
36005028400,36005050400,161,2020-07-06
36005033400,36005050400,158,2020-07-06
36005034800,36005050400,273,2020-07-06
36005036300,36005050400,133,2020-07-06
36005040100,36005050400,150,2020-07-06
36005042600,36005050400,155,2020-07-06
36005046201,36005050400,1277,2020-07-06
36005046202,36005050400,225,2020-07-06
36005048400,36005050400,126,2020-07-06
36047034500,36005050400,585,2020-07-06
36047034900,36005050400,135,2020-07-06
36047038500,36005050400,172,2020-07-06
36047051400,36005050400,112,2020-07-06
36047079200,36005050400,154,2020-07-06
36047119600,36005050400,157,2020-07-06
36061002900,36005050400,326,2020-07-06
36061003100,36005050400,455,2020-07-06
36061018600,36005050400,153,2020-07-06
36061021800,36005050400,141,2020-07-06
36119004100,36005050400,136,2020-07-06
36119009703,36005050400,232,2020-07-06
36119010902,36005050400,259,2020-07-06
34003054500,36005050400,100,2020-07-13
34013007400,36005050400,103,2020-07-13
34023000603,36005050400,111,2020-07-13
34039030702,36005050400,99,2020-07-13
34039030802,36005050400,106,2020-07-13
36005001600,36005050400,118,2020-07-13
36005004200,36005050400,292,2020-07-13
36005006200,36005050400,145,2020-07-13
36005006300,36005050400,420,2020-07-13
36005006800,36005050400,415,2020-07-13
36005008400,36005050400,549,2020-07-13
36005008600,36005050400,217,2020-07-13
36005009600,36005050400,214,2020-07-13
36005014500,36005050400,140,2020-07-13
36005019300,36005050400,149,2020-07-13
36005023200,36005050400,131,2020-07-13
36005023800,36005050400,131,2020-07-13
36005024700,36005050400,132,2020-07-13
36005028400,36005050400,450,2020-07-13
36005028900,36005050400,140,2020-07-13
36005030200,36005050400,195,2020-07-13
36005033400,36005050400,328,2020-07-13
36005036300,36005050400,137,2020-07-13
36005038100,36005050400,198,2020-07-13
36005039700,36005050400,156,2020-07-13
36005039901,36005050400,117,2020-07-13
36005042600,36005050400,131,2020-07-13
36005046201,36005050400,689,2020-07-13
36005050400,36005050400,158,2020-07-13
36047030100,36005050400,117,2020-07-13
36047034500,36005050400,351,2020-07-13
36047057000,36005050400,125,2020-07-13
36047079200,36005050400,138,2020-07-13
36047114400,36005050400,134,2020-07-13
36061002900,36005050400,382,2020-07-13
36061003100,36005050400,1043,2020-07-13
36061010800,36005050400,115,2020-07-13
36061014300,36005050400,138,2020-07-13
36061015400,36005050400,145,2020-07-13
36119006300,36005050400,111,2020-07-13
34003054200,36005050400,137,2020-07-20
34013004900,36005050400,115,2020-07-20
34017005400,36005050400,206,2020-07-20
36005000400,36005050400,141,2020-07-20
36005002800,36005050400,155,2020-07-20
36005003900,36005050400,221,2020-07-20
36005004200,36005050400,573,2020-07-20
36005006300,36005050400,272,2020-07-20
36005006700,36005050400,163,2020-07-20
36005006800,36005050400,156,2020-07-20
36005011502,36005050400,115,2020-07-20
36005013100,36005050400,511,2020-07-20
36005013800,36005050400,153,2020-07-20
36005014500,36005050400,161,2020-07-20
36005020000,36005050400,215,2020-07-20
36005022403,36005050400,150,2020-07-20
36005023800,36005050400,113,2020-07-20
36005024700,36005050400,1139,2020-07-20
36005028400,36005050400,420,2020-07-20
36005033400,36005050400,135,2020-07-20
36005034800,36005050400,178,2020-07-20
36005036300,36005050400,146,2020-07-20
36005039700,36005050400,165,2020-07-20
36005040100,36005050400,186,2020-07-20
36005046201,36005050400,978,2020-07-20
36047031500,36005050400,143,2020-07-20
36047037000,36005050400,236,2020-07-20
36047037900,36005050400,130,2020-07-20
36047059100,36005050400,145,2020-07-20
36047067200,36005050400,297,2020-07-20
36047119600,36005050400,153,2020-07-20
36061003100,36005050400,1533,2020-07-20
36061010601,36005050400,127,2020-07-20
36061015400,36005050400,272,2020-07-20
36061023801,36005050400,129,2020-07-20
36103112102,36005050400,190,2020-07-20
36005000200,36005050400,187,2020-07-27
36005001900,36005050400,119,2020-07-27
36005004200,36005050400,477,2020-07-27
36005005002,36005050400,127,2020-07-27
36005006200,36005050400,156,2020-07-27
36005006800,36005050400,495,2020-07-27
36005007300,36005050400,145,2020-07-27
36005009000,36005050400,137,2020-07-27
36005013100,36005050400,149,2020-07-27
36005013800,36005050400,337,2020-07-27
36005014500,36005050400,739,2020-07-27
36005020000,36005050400,105,2020-07-27
36005023200,36005050400,152,2020-07-27
36005024700,36005050400,370,2020-07-27
36005026300,36005050400,153,2020-07-27
36005028400,36005050400,233,2020-07-27
36005030200,36005050400,150,2020-07-27
36005033400,36005050400,159,2020-07-27
36005034800,36005050400,277,2020-07-27
36005035000,36005050400,119,2020-07-27
36005036300,36005050400,207,2020-07-27
36005036800,36005050400,102,2020-07-27
36005038100,36005050400,416,2020-07-27
36005039700,36005050400,372,2020-07-27
36005040100,36005050400,133,2020-07-27
36005046201,36005050400,497,2020-07-27
36005046202,36005050400,93,2020-07-27
36047030100,36005050400,103,2020-07-27
36047042900,36005050400,302,2020-07-27
36047059100,36005050400,138,2020-07-27
36047119600,36005050400,512,2020-07-27
36047121000,36005050400,134,2020-07-27
36061001401,36005050400,253,2020-07-27
36061003100,36005050400,1529,2020-07-27
36061014300,36005050400,164,2020-07-27
36061021100,36005050400,131,2020-07-27
36061023600,36005050400,136,2020-07-27
36119007900,36005050400,204,2020-07-27
36005001600,36005050400,169,2020-08-03
36005004200,36005050400,403,2020-08-03
36005006200,36005050400,184,2020-08-03
36005006300,36005050400,132,2020-08-03
36005006500,36005050400,160,2020-08-03
36005006700,36005050400,160,2020-08-03
36005006800,36005050400,593,2020-08-03
36005007300,36005050400,151,2020-08-03
36005009200,36005050400,107,2020-08-03
36005013800,36005050400,568,2020-08-03
36005014500,36005050400,267,2020-08-03
36005015900,36005050400,103,2020-08-03
36005023200,36005050400,333,2020-08-03
36005027600,36005050400,160,2020-08-03
36005028400,36005050400,128,2020-08-03
36005030200,36005050400,187,2020-08-03
36005033400,36005050400,439,2020-08-03
36005034800,36005050400,186,2020-08-03
36005036300,36005050400,117,2020-08-03
36005038100,36005050400,126,2020-08-03
36005039700,36005050400,139,2020-08-03
36005046201,36005050400,571,2020-08-03
36005050400,36005050400,148,2020-08-03
36047031500,36005050400,142,2020-08-03
36047050700,36005050400,127,2020-08-03
36047057300,36005050400,195,2020-08-03
36061003100,36005050400,665,2020-08-03
36061015400,36005050400,148,2020-08-03
36081065400,36005050400,143,2020-08-03
36119006300,36005050400,158,2020-08-03
34003025100,36005050400,116,2020-08-10
34023002102,36005050400,185,2020-08-10
36005002800,36005050400,139,2020-08-10
36005004200,36005050400,627,2020-08-10
36005005400,36005050400,136,2020-08-10
36005006300,36005050400,130,2020-08-10
36005006800,36005050400,655,2020-08-10
36005007200,36005050400,129,2020-08-10
36005013100,36005050400,131,2020-08-10
36005013800,36005050400,338,2020-08-10
36005014500,36005050400,758,2020-08-10
36005015800,36005050400,104,2020-08-10
36005021200,36005050400,406,2020-08-10
36005021602,36005050400,138,2020-08-10
36005022200,36005050400,130,2020-08-10
36005023200,36005050400,390,2020-08-10
36005024700,36005050400,475,2020-08-10
36005025100,36005050400,185,2020-08-10
36005028400,36005050400,297,2020-08-10
36005030200,36005050400,630,2020-08-10
36005033400,36005050400,142,2020-08-10
36005034800,36005050400,147,2020-08-10
36005038100,36005050400,413,2020-08-10
36005046201,36005050400,1241,2020-08-10
36005050400,36005050400,495,2020-08-10
36047038500,36005050400,141,2020-08-10
36061002900,36005050400,121,2020-08-10
36061003100,36005050400,1255,2020-08-10
36061015400,36005050400,337,2020-08-10
36081126700,36005050400,159,2020-08-10
36119002202,36005050400,172,2020-08-10
36119006000,36005050400,135,2020-08-10
36119006300,36005050400,162,2020-08-10
36119009701,36005050400,295,2020-08-10
34003010200,36005050400,84,2020-08-17
34031236602,36005050400,153,2020-08-17
36005001600,36005050400,276,2020-08-17
36005002800,36005050400,141,2020-08-17
36005004200,36005050400,694,2020-08-17
36005006200,36005050400,163,2020-08-17
36005006300,36005050400,491,2020-08-17
36005007000,36005050400,141,2020-08-17
36005007800,36005050400,122,2020-08-17
36005009000,36005050400,173,2020-08-17
36005013800,36005050400,556,2020-08-17
36005014500,36005050400,1077,2020-08-17
36005015800,36005050400,105,2020-08-17
36005016700,36005050400,120,2020-08-17
36005023200,36005050400,481,2020-08-17
36005024700,36005050400,110,2020-08-17
36005025100,36005050400,134,2020-08-17
36005027600,36005050400,156,2020-08-17
36005027700,36005050400,100,2020-08-17
36005028400,36005050400,245,2020-08-17
36005030200,36005050400,388,2020-08-17
36005031000,36005050400,260,2020-08-17
36005033400,36005050400,412,2020-08-17
36005033600,36005050400,126,2020-08-17
36005038100,36005050400,523,2020-08-17
36005040100,36005050400,395,2020-08-17
36005042600,36005050400,119,2020-08-17
36005045600,36005050400,238,2020-08-17
36005046201,36005050400,806,2020-08-17
36005046202,36005050400,234,2020-08-17
36005048400,36005050400,121,2020-08-17
36005050400,36005050400,263,2020-08-17
36047002200,36005050400,149,2020-08-17
36047034500,36005050400,129,2020-08-17
36047038500,36005050400,123,2020-08-17
36047042900,36005050400,131,2020-08-17
36047044500,36005050400,114,2020-08-17
36047059100,36005050400,117,2020-08-17
36047073400,36005050400,172,2020-08-17
36047080800,36005050400,301,2020-08-17
36047114400,36005050400,121,2020-08-17
36059303600,36005050400,200,2020-08-17
36061003100,36005050400,1132,2020-08-17
36061005000,36005050400,123,2020-08-17
36061015400,36005050400,157,2020-08-17
36061016800,36005050400,131,2020-08-17
36061019500,36005050400,134,2020-08-17
36061024200,36005050400,155,2020-08-17
36061024700,36005050400,108,2020-08-17
36081041300,36005050400,98,2020-08-17
36087013100,36005050400,117,2020-08-17
36119005701,36005050400,127,2020-08-17
36119006300,36005050400,127,2020-08-17
36119009702,36005050400,131,2020-08-17
36005000200,36005050400,168,2020-08-24
36005004200,36005050400,139,2020-08-24
36005005600,36005050400,245,2020-08-24
36005006300,36005050400,363,2020-08-24
36005006800,36005050400,419,2020-08-24
36005012300,36005050400,100,2020-08-24
36005014500,36005050400,502,2020-08-24
36005015700,36005050400,188,2020-08-24
36005019400,36005050400,168,2020-08-24
36005023200,36005050400,231,2020-08-24
36005027600,36005050400,178,2020-08-24
36005028400,36005050400,259,2020-08-24
36005030200,36005050400,385,2020-08-24
36005031000,36005050400,113,2020-08-24
36005039700,36005050400,148,2020-08-24
36005040100,36005050400,193,2020-08-24
36005046201,36005050400,792,2020-08-24
36005046202,36005050400,120,2020-08-24
36005048400,36005050400,129,2020-08-24
36005050400,36005050400,319,2020-08-24
36047067200,36005050400,140,2020-08-24
36047085400,36005050400,113,2020-08-24
36047119600,36005050400,129,2020-08-24
36061003100,36005050400,1123,2020-08-24
36061005000,36005050400,119,2020-08-24
36061014300,36005050400,140,2020-08-24
36085010500,36005050400,126,2020-08-24
36119006300,36005050400,145,2020-08-24
36119007700,36005050400,172,2020-08-24
34003013001,36005050400,77,2020-08-31
36005001600,36005050400,155,2020-08-31
36005003900,36005050400,141,2020-08-31
36005004200,36005050400,670,2020-08-31
36005005400,36005050400,357,2020-08-31
36005006300,36005050400,545,2020-08-31
36005006800,36005050400,306,2020-08-31
36005009000,36005050400,121,2020-08-31
36005011000,36005050400,145,2020-08-31
36005014100,36005050400,342,2020-08-31
36005014500,36005050400,110,2020-08-31
36005015800,36005050400,131,2020-08-31
36005020000,36005050400,246,2020-08-31
36005021200,36005050400,141,2020-08-31
36005022200,36005050400,121,2020-08-31
36005023200,36005050400,129,2020-08-31
36005024700,36005050400,269,2020-08-31
36005026400,36005050400,191,2020-08-31
36005027600,36005050400,160,2020-08-31
36005028400,36005050400,162,2020-08-31
36005028900,36005050400,119,2020-08-31
36005030200,36005050400,321,2020-08-31
36005031000,36005050400,504,2020-08-31
36005033400,36005050400,150,2020-08-31
36005033500,36005050400,163,2020-08-31
36005042600,36005050400,120,2020-08-31
36005046201,36005050400,1728,2020-08-31
36005046202,36005050400,327,2020-08-31
36005050400,36005050400,392,2020-08-31
36047019100,36005050400,142,2020-08-31
36047102800,36005050400,117,2020-08-31
36047114400,36005050400,117,2020-08-31
36061003100,36005050400,1368,2020-08-31
36061011800,36005050400,114,2020-08-31
36061012900,36005050400,182,2020-08-31
36061015400,36005050400,125,2020-08-31
36061023000,36005050400,120,2020-08-31
36119002202,36005050400,156,2020-08-31
36119006000,36005050400,214,2020-08-31
36119006300,36005050400,211,2020-08-31
34013009100,36005050400,109,2020-09-07
36005004200,36005050400,419,2020-09-07
36005005002,36005050400,117,2020-09-07
36005005400,36005050400,171,2020-09-07
36005006300,36005050400,483,2020-09-07
36005006800,36005050400,190,2020-09-07
36005007300,36005050400,147,2020-09-07
36005009800,36005050400,128,2020-09-07
36005013800,36005050400,160,2020-09-07
36005014100,36005050400,153,2020-09-07
36005014500,36005050400,128,2020-09-07
36005015700,36005050400,140,2020-09-07
36005021001,36005050400,135,2020-09-07
36005023800,36005050400,91,2020-09-07
36005024700,36005050400,114,2020-09-07
36005027401,36005050400,122,2020-09-07
36005027600,36005050400,150,2020-09-07
36005031000,36005050400,446,2020-09-07
36005035600,36005050400,130,2020-09-07
36005038100,36005050400,202,2020-09-07
36005041800,36005050400,213,2020-09-07
36005042500,36005050400,98,2020-09-07
36005046201,36005050400,1233,2020-09-07
36005048400,36005050400,111,2020-09-07
36047102800,36005050400,322,2020-09-07
36047114400,36005050400,115,2020-09-07
36061003100,36005050400,633,2020-09-07
36081058200,36005050400,136,2020-09-07
36119006300,36005050400,123,2020-09-07
36005002702,36005050400,166,2020-09-14
36005004200,36005050400,426,2020-09-14
36005005400,36005050400,141,2020-09-14
36005006300,36005050400,108,2020-09-14
36005006400,36005050400,187,2020-09-14
36005006800,36005050400,127,2020-09-14
36005009800,36005050400,111,2020-09-14
36005014500,36005050400,211,2020-09-14
36005018400,36005050400,160,2020-09-14
36005020400,36005050400,303,2020-09-14
36005023200,36005050400,143,2020-09-14
36005023800,36005050400,142,2020-09-14
36005024700,36005050400,198,2020-09-14
36005027401,36005050400,156,2020-09-14
36005028400,36005050400,126,2020-09-14
36005030200,36005050400,404,2020-09-14
36005031000,36005050400,150,2020-09-14
36005033400,36005050400,128,2020-09-14
36005040100,36005050400,128,2020-09-14
36005042400,36005050400,114,2020-09-14
36005046201,36005050400,522,2020-09-14
36005046202,36005050400,127,2020-09-14
36005050400,36005050400,267,2020-09-14
36005051600,36005050400,328,2020-09-14
36047038500,36005050400,135,2020-09-14
36061003100,36005050400,237,2020-09-14
36061007400,36005050400,152,2020-09-14
36061010601,36005050400,129,2020-09-14
36119002600,36005050400,127,2020-09-14
34003037202,36005050400,187,2020-09-21
36005001600,36005050400,171,2020-09-21
36005004200,36005050400,167,2020-09-21
36005004400,36005050400,122,2020-09-21
36005005002,36005050400,143,2020-09-21
36005005400,36005050400,157,2020-09-21
36005006800,36005050400,161,2020-09-21
36005007600,36005050400,134,2020-09-21
36005009300,36005050400,232,2020-09-21
36005013800,36005050400,200,2020-09-21
36005021001,36005050400,155,2020-09-21
36005027401,36005050400,183,2020-09-21
36005030200,36005050400,119,2020-09-21
36005033400,36005050400,295,2020-09-21
36005035600,36005050400,164,2020-09-21
36005046201,36005050400,974,2020-09-21
36005046202,36005050400,136,2020-09-21
36005050400,36005050400,155,2020-09-21
36047048900,36005050400,170,2020-09-21
36061003100,36005050400,391,2020-09-21
36061009900,36005050400,164,2020-09-21
36061020500,36005050400,133,2020-09-21
36061023000,36005050400,140,2020-09-21
36119007300,36005050400,148,2020-09-21
34003038200,36005050400,108,2020-09-28
36005002400,36005050400,155,2020-09-28
36005004200,36005050400,139,2020-09-28
36005005400,36005050400,137,2020-09-28
36005006700,36005050400,121,2020-09-28
36005006800,36005050400,434,2020-09-28
36005013800,36005050400,203,2020-09-28
36005018500,36005050400,134,2020-09-28
36005021001,36005050400,371,2020-09-28
36005024700,36005050400,473,2020-09-28
36005028400,36005050400,147,2020-09-28
36005030200,36005050400,253,2020-09-28
36005031000,36005050400,177,2020-09-28
36005033400,36005050400,130,2020-09-28
36005034800,36005050400,154,2020-09-28
36005038100,36005050400,114,2020-09-28
36005042400,36005050400,105,2020-09-28
36005046201,36005050400,315,2020-09-28
36005050400,36005050400,145,2020-09-28
36047052500,36005050400,132,2020-09-28
36061001401,36005050400,165,2020-09-28
36061003100,36005050400,349,2020-09-28
36061006200,36005050400,202,2020-09-28
36061009400,36005050400,105,2020-09-28
36061013000,36005050400,130,2020-09-28
36061016900,36005050400,142,2020-09-28
36061025300,36005050400,159,2020-09-28
36061031100,36005050400,142,2020-09-28
36103122705,36005050400,226,2020-09-28
34017010700,36005050400,112,2020-10-05
34039033500,36005050400,113,2020-10-05
36005004200,36005050400,517,2020-10-05
36005004300,36005050400,155,2020-10-05
36005006300,36005050400,120,2020-10-05
36005006800,36005050400,432,2020-10-05
36005006900,36005050400,102,2020-10-05
36005008300,36005050400,143,2020-10-05
36005009000,36005050400,204,2020-10-05
36005014500,36005050400,190,2020-10-05
36005023200,36005050400,134,2020-10-05
36005024700,36005050400,136,2020-10-05
36005027600,36005050400,153,2020-10-05
36005028400,36005050400,135,2020-10-05
36005031000,36005050400,124,2020-10-05
36005032800,36005050400,109,2020-10-05
36005033400,36005050400,125,2020-10-05
36005033700,36005050400,122,2020-10-05
36005034800,36005050400,157,2020-10-05
36005036300,36005050400,152,2020-10-05
36005036501,36005050400,167,2020-10-05
36005038100,36005050400,138,2020-10-05
36005039700,36005050400,126,2020-10-05
36005040100,36005050400,130,2020-10-05
36005042600,36005050400,122,2020-10-05
36005046201,36005050400,1364,2020-10-05
36005050400,36005050400,136,2020-10-05
36047037900,36005050400,115,2020-10-05
36047041800,36005050400,125,2020-10-05
36047052500,36005050400,114,2020-10-05
36047110400,36005050400,100,2020-10-05
36047119600,36005050400,143,2020-10-05
36061003100,36005050400,325,2020-10-05
36061014300,36005050400,372,2020-10-05
36061015400,36005050400,272,2020-10-05
36061016500,36005050400,109,2020-10-05
36061029900,36005050400,116,2020-10-05
34017018800,36005050400,111,2020-10-12
36005002000,36005050400,93,2020-10-12
36005004200,36005050400,127,2020-10-12
36005006800,36005050400,480,2020-10-12
36005009000,36005050400,128,2020-10-12
36005013100,36005050400,113,2020-10-12
36005014500,36005050400,154,2020-10-12
36005023200,36005050400,143,2020-10-12
36005024700,36005050400,153,2020-10-12
36005026400,36005050400,173,2020-10-12
36005027402,36005050400,225,2020-10-12
36005027600,36005050400,198,2020-10-12
36005028400,36005050400,140,2020-10-12
36005030200,36005050400,168,2020-10-12
36005031000,36005050400,163,2020-10-12
36005036300,36005050400,108,2020-10-12
36005038100,36005050400,209,2020-10-12
36005039700,36005050400,223,2020-10-12
36005043100,36005050400,136,2020-10-12
36005046201,36005050400,457,2020-10-12
36005046202,36005050400,145,2020-10-12
36005050400,36005050400,167,2020-10-12
36047052500,36005050400,129,2020-10-12
36047059100,36005050400,146,2020-10-12
36061003100,36005050400,222,2020-10-12
36061007700,36005050400,100,2020-10-12
36061009400,36005050400,144,2020-10-12
36061011800,36005050400,117,2020-10-12
36061013300,36005050400,267,2020-10-12
36061015400,36005050400,138,2020-10-12
36061018100,36005050400,114,2020-10-12
34013004900,36005050400,103,2020-10-19
34025811102,36005050400,175,2020-10-19
36005004200,36005050400,198,2020-10-19
36005005400,36005050400,227,2020-10-19
36005006700,36005050400,286,2020-10-19
36005006800,36005050400,421,2020-10-19
36005012101,36005050400,154,2020-10-19
36005014500,36005050400,218,2020-10-19
36005018400,36005050400,260,2020-10-19
36005021001,36005050400,155,2020-10-19
36005023200,36005050400,129,2020-10-19
36005027600,36005050400,168,2020-10-19
36005028400,36005050400,304,2020-10-19
36005030200,36005050400,133,2020-10-19
36005031000,36005050400,147,2020-10-19
36005033400,36005050400,152,2020-10-19
36005033600,36005050400,114,2020-10-19
36005035600,36005050400,143,2020-10-19
36005046201,36005050400,643,2020-10-19
36005046202,36005050400,135,2020-10-19
36005050400,36005050400,293,2020-10-19
36047037700,36005050400,147,2020-10-19
36047037900,36005050400,126,2020-10-19
36047102800,36005050400,127,2020-10-19
36061003100,36005050400,120,2020-10-19
36061009500,36005050400,151,2020-10-19
36061013600,36005050400,141,2020-10-19
36061030300,36005050400,107,2020-10-19
36081083700,36005050400,148,2020-10-19
36005004800,36005050400,138,2020-10-26
36005005400,36005050400,128,2020-10-26
36005006100,36005050400,172,2020-10-26
36005006700,36005050400,166,2020-10-26
36005006800,36005050400,180,2020-10-26
36005007000,36005050400,157,2020-10-26
36005009200,36005050400,147,2020-10-26
36005026400,36005050400,152,2020-10-26
36005027600,36005050400,170,2020-10-26
36005028400,36005050400,217,2020-10-26
36005030200,36005050400,122,2020-10-26
36005031000,36005050400,174,2020-10-26
36005033400,36005050400,158,2020-10-26
36005034800,36005050400,159,2020-10-26
36005035600,36005050400,272,2020-10-26
36005038100,36005050400,121,2020-10-26
36005046201,36005050400,435,2020-10-26
36005046202,36005050400,143,2020-10-26
36005050400,36005050400,414,2020-10-26
36047102800,36005050400,341,2020-10-26
36061007700,36005050400,270,2020-10-26
36061013300,36005050400,104,2020-10-26
36061013600,36005050400,133,2020-10-26
36061015100,36005050400,156,2020-10-26
36061026100,36005050400,165,2020-10-26
36081003300,36005050400,119,2020-10-26
34017017900,36005050400,137,2020-11-02
36005002000,36005050400,148,2020-11-02
36005004200,36005050400,296,2020-11-02
36005005400,36005050400,141,2020-11-02
36005006800,36005050400,260,2020-11-02
36005009300,36005050400,297,2020-11-02
36005011502,36005050400,200,2020-11-02
36005012300,36005050400,154,2020-11-02
36005014500,36005050400,134,2020-11-02
36005017300,36005050400,169,2020-11-02
36005023200,36005050400,126,2020-11-02
36005024700,36005050400,231,2020-11-02
36005025200,36005050400,191,2020-11-02
36005026400,36005050400,198,2020-11-02
36005028400,36005050400,277,2020-11-02
36005031000,36005050400,129,2020-11-02
36005033400,36005050400,162,2020-11-02
36005034800,36005050400,170,2020-11-02
36005035600,36005050400,172,2020-11-02
36005036300,36005050400,147,2020-11-02
36005038100,36005050400,361,2020-11-02
36005040100,36005050400,195,2020-11-02
36005046201,36005050400,1006,2020-11-02
36047031500,36005050400,117,2020-11-02
36047059100,36005050400,122,2020-11-02
36047079200,36005050400,139,2020-11-02
36047080800,36005050400,228,2020-11-02
36061003100,36005050400,133,2020-11-02
36061009900,36005050400,143,2020-11-02
36061013900,36005050400,125,2020-11-02
36061014300,36005050400,115,2020-11-02
36061015400,36005050400,182,2020-11-02
36061023801,36005050400,127,2020-11-02
36119002700,36005050400,140,2020-11-02
36119004200,36005050400,151,2020-11-02
36005003900,36005050400,136,2020-11-09
36005004200,36005050400,125,2020-11-09
36005005001,36005050400,134,2020-11-09
36005005400,36005050400,271,2020-11-09
36005006800,36005050400,157,2020-11-09
36005017500,36005050400,141,2020-11-09
36005022701,36005050400,144,2020-11-09
36005022702,36005050400,130,2020-11-09
36005023200,36005050400,268,2020-11-09
36005024700,36005050400,157,2020-11-09
36005026400,36005050400,159,2020-11-09
36005027402,36005050400,362,2020-11-09
36005031000,36005050400,162,2020-11-09
36005033400,36005050400,338,2020-11-09
36005035600,36005050400,157,2020-11-09
36005036100,36005050400,159,2020-11-09
36005038100,36005050400,508,2020-11-09
36005046201,36005050400,1317,2020-11-09
36005050400,36005050400,153,2020-11-09
36047030700,36005050400,126,2020-11-09
36047034500,36005050400,138,2020-11-09
36047050700,36005050400,118,2020-11-09
36047059100,36005050400,114,2020-11-09
36047114400,36005050400,197,2020-11-09
36047119600,36005050400,167,2020-11-09
36061001300,36005050400,133,2020-11-09
36061003100,36005050400,145,2020-11-09
36061005000,36005050400,128,2020-11-09
36061014300,36005050400,143,2020-11-09
34003037202,36005050400,198,2020-11-16
36005003900,36005050400,223,2020-11-16
36005004200,36005050400,435,2020-11-16
36005005400,36005050400,474,2020-11-16
36005006800,36005050400,178,2020-11-16
36005012300,36005050400,131,2020-11-16
36005013800,36005050400,141,2020-11-16
36005014500,36005050400,508,2020-11-16
36005014900,36005050400,129,2020-11-16
36005020200,36005050400,156,2020-11-16
36005021001,36005050400,178,2020-11-16
36005023200,36005050400,120,2020-11-16
36005026400,36005050400,197,2020-11-16
36005027402,36005050400,139,2020-11-16
36005027600,36005050400,163,2020-11-16
36005033400,36005050400,677,2020-11-16
36005034800,36005050400,177,2020-11-16
36005035600,36005050400,140,2020-11-16
36005037100,36005050400,160,2020-11-16
36005038100,36005050400,227,2020-11-16
36005046201,36005050400,2309,2020-11-16
36005046202,36005050400,105,2020-11-16
36005048400,36005050400,123,2020-11-16
36005050400,36005050400,309,2020-11-16
36047050700,36005050400,136,2020-11-16
36061006200,36005050400,138,2020-11-16
36061010601,36005050400,113,2020-11-16
36061014300,36005050400,151,2020-11-16
36005000400,36005050400,198,2020-11-23
36005003900,36005050400,389,2020-11-23
36005004200,36005050400,340,2020-11-23
36005005400,36005050400,282,2020-11-23
36005006800,36005050400,144,2020-11-23
36005007000,36005050400,176,2020-11-23
36005014500,36005050400,776,2020-11-23
36005016200,36005050400,131,2020-11-23
36005021001,36005050400,191,2020-11-23
36005022701,36005050400,154,2020-11-23
36005022702,36005050400,129,2020-11-23
36005023200,36005050400,144,2020-11-23
36005026400,36005050400,154,2020-11-23
36005027600,36005050400,166,2020-11-23
36005028400,36005050400,154,2020-11-23
36005031000,36005050400,148,2020-11-23
36005033400,36005050400,138,2020-11-23
36005034800,36005050400,231,2020-11-23
36005035600,36005050400,153,2020-11-23
36005040100,36005050400,138,2020-11-23
36005046201,36005050400,1731,2020-11-23
36005050400,36005050400,157,2020-11-23
36047050700,36005050400,136,2020-11-23
36061005000,36005050400,133,2020-11-23
36061013100,36005050400,133,2020-11-23
36061014300,36005050400,387,2020-11-23
36081048900,36005050400,139,2020-11-23
36081121500,36005050400,174,2020-11-23
36005002800,36005050400,148,2020-11-30
36005004200,36005050400,133,2020-11-30
36005004800,36005050400,275,2020-11-30
36005005400,36005050400,408,2020-11-30
36005006500,36005050400,128,2020-11-30
36005006700,36005050400,137,2020-11-30
36005006800,36005050400,234,2020-11-30
36005007300,36005050400,140,2020-11-30
36005013800,36005050400,145,2020-11-30
36005014500,36005050400,307,2020-11-30
36005023200,36005050400,127,2020-11-30
36005028400,36005050400,153,2020-11-30
36005029600,36005050400,568,2020-11-30
36005030200,36005050400,185,2020-11-30
36005031000,36005050400,171,2020-11-30
36005033400,36005050400,325,2020-11-30
36005035600,36005050400,161,2020-11-30
36005036100,36005050400,143,2020-11-30
36005038100,36005050400,130,2020-11-30
36005040100,36005050400,436,2020-11-30
36005041900,36005050400,123,2020-11-30
36005043100,36005050400,142,2020-11-30
36005046201,36005050400,652,2020-11-30
36005050400,36005050400,298,2020-11-30
36005051600,36005050400,172,2020-11-30
36047119600,36005050400,162,2020-11-30
36061008601,36005050400,156,2020-11-30
36005004200,36005050400,128,2020-12-07
36005005400,36005050400,336,2020-12-07
36005006500,36005050400,148,2020-12-07
36005006700,36005050400,191,2020-12-07
36005006800,36005050400,151,2020-12-07
36005007300,36005050400,133,2020-12-07
36005011000,36005050400,346,2020-12-07
36005011700,36005050400,118,2020-12-07
36005013800,36005050400,137,2020-12-07
36005014500,36005050400,435,2020-12-07
36005022701,36005050400,158,2020-12-07
36005023200,36005050400,151,2020-12-07
36005023501,36005050400,127,2020-12-07
36005023800,36005050400,115,2020-12-07
36005026400,36005050400,163,2020-12-07
36005027402,36005050400,393,2020-12-07
36005028400,36005050400,218,2020-12-07
36005031000,36005050400,160,2020-12-07
36005033400,36005050400,155,2020-12-07
36005034800,36005050400,178,2020-12-07
36005040100,36005050400,434,2020-12-07
36005046201,36005050400,2047,2020-12-07
36005048400,36005050400,124,2020-12-07
36005050400,36005050400,142,2020-12-07
36047079200,36005050400,137,2020-12-07
36047102800,36005050400,197,2020-12-07
36047103400,36005050400,167,2020-12-07
36061003100,36005050400,389,2020-12-07
36061010601,36005050400,139,2020-12-07
36061011202,36005050400,134,2020-12-07
36061011800,36005050400,125,2020-12-07
36061015400,36005050400,136,2020-12-07
36061016500,36005050400,121,2020-12-07
36061018600,36005050400,132,2020-12-07
36119001700,36005050400,193,2020-12-07
36119002202,36005050400,219,2020-12-07
34017005400,36005050400,146,2020-12-14
36005004200,36005050400,299,2020-12-14
36005005001,36005050400,157,2020-12-14
36005005400,36005050400,209,2020-12-14
36005006200,36005050400,132,2020-12-14
36005006300,36005050400,600,2020-12-14
36005006700,36005050400,183,2020-12-14
36005006800,36005050400,401,2020-12-14
36005007400,36005050400,174,2020-12-14
36005013100,36005050400,341,2020-12-14
36005013800,36005050400,199,2020-12-14
36005014500,36005050400,137,2020-12-14
36005016000,36005050400,139,2020-12-14
36005023200,36005050400,140,2020-12-14
36005024700,36005050400,236,2020-12-14
36005027600,36005050400,165,2020-12-14
36005028400,36005050400,382,2020-12-14
36005030200,36005050400,197,2020-12-14
36005031000,36005050400,301,2020-12-14
36005033400,36005050400,333,2020-12-14
36005034800,36005050400,349,2020-12-14
36005035600,36005050400,150,2020-12-14
36005040100,36005050400,121,2020-12-14
36005046201,36005050400,644,2020-12-14
36005046202,36005050400,182,2020-12-14
36005050400,36005050400,426,2020-12-14
36047037700,36005050400,207,2020-12-14
36061001300,36005050400,138,2020-12-14
36061003100,36005050400,140,2020-12-14
36061007700,36005050400,141,2020-12-14
36061008601,36005050400,113,2020-12-14
36061011800,36005050400,129,2020-12-14
36061014300,36005050400,135,2020-12-14
36061016900,36005050400,138,2020-12-14
36005002400,36005050400,170,2020-12-21
36005005400,36005050400,158,2020-12-21
36005006300,36005050400,508,2020-12-21
36005007300,36005050400,145,2020-12-21
36005013100,36005050400,130,2020-12-21
36005014900,36005050400,157,2020-12-21
36005019900,36005050400,189,2020-12-21
36005022702,36005050400,142,2020-12-21
36005027600,36005050400,169,2020-12-21
36005028400,36005050400,324,2020-12-21
36005030200,36005050400,215,2020-12-21
36005031000,36005050400,163,2020-12-21
36005033400,36005050400,177,2020-12-21
36005046201,36005050400,1173,2020-12-21
36005046202,36005050400,114,2020-12-21
36005050400,36005050400,190,2020-12-21
36047038500,36005050400,253,2020-12-21
36047114400,36005050400,145,2020-12-21
36119002202,36005050400,180,2020-12-21
36119005701,36005050400,211,2020-12-21
34017004000,36005050400,134,2020-12-28
36005002400,36005050400,175,2020-12-28
36005005400,36005050400,250,2020-12-28
36005006300,36005050400,644,2020-12-28
36005007400,36005050400,197,2020-12-28
36005007800,36005050400,154,2020-12-28
36005014500,36005050400,403,2020-12-28
36005023200,36005050400,133,2020-12-28
36005028400,36005050400,322,2020-12-28
36005030200,36005050400,162,2020-12-28
36005033400,36005050400,673,2020-12-28
36005034800,36005050400,186,2020-12-28
36005035100,36005050400,170,2020-12-28
36005037900,36005050400,161,2020-12-28
36005046201,36005050400,1240,2020-12-28
36005046202,36005050400,156,2020-12-28
36005048400,36005050400,123,2020-12-28
36005050400,36005050400,486,2020-12-28
36047114400,36005050400,139,2020-12-28
36047119600,36005050400,167,2020-12-28
36061003100,36005050400,128,2020-12-28
36061011800,36005050400,131,2020-12-28
36061018600,36005050400,141,2020-12-28
36119002202,36005050400,177,2020-12-28
36005003900,36005050400,131,2021-01-04
36005004100,36005050400,135,2021-01-04
36005004200,36005050400,154,2021-01-04
36005005400,36005050400,237,2021-01-04
36005006800,36005050400,159,2021-01-04
36005007300,36005050400,282,2021-01-04
36005007800,36005050400,131,2021-01-04
36005013100,36005050400,113,2021-01-04
36005014500,36005050400,149,2021-01-04
36005016000,36005050400,268,2021-01-04
36005020900,36005050400,131,2021-01-04
36005027402,36005050400,205,2021-01-04
36005027600,36005050400,168,2021-01-04
36005028400,36005050400,152,2021-01-04
36005031000,36005050400,152,2021-01-04
36005034800,36005050400,175,2021-01-04
36005035100,36005050400,143,2021-01-04
36005040100,36005050400,124,2021-01-04
36005046201,36005050400,795,2021-01-04
36005046202,36005050400,151,2021-01-04
36005050400,36005050400,1023,2021-01-04
36047031500,36005050400,138,2021-01-04
36047037900,36005050400,132,2021-01-04
36047113400,36005050400,143,2021-01-04
36059413700,36005050400,140,2021-01-04
36059414303,36005050400,106,2021-01-04
36061011800,36005050400,123,2021-01-04
36061015400,36005050400,156,2021-01-04
36081008600,36005050400,130,2021-01-04
36081032800,36005050400,135,2021-01-04
36119005500,36005050400,116,2021-01-04
36005005400,36005050400,145,2021-01-11
36005006300,36005050400,118,2021-01-11
36005006700,36005050400,160,2021-01-11
36005006800,36005050400,399,2021-01-11
36005013800,36005050400,177,2021-01-11
36005014500,36005050400,131,2021-01-11
36005020000,36005050400,166,2021-01-11
36005021601,36005050400,184,2021-01-11
36005024700,36005050400,235,2021-01-11
36005027402,36005050400,300,2021-01-11
36005027600,36005050400,169,2021-01-11
36005028400,36005050400,299,2021-01-11
36005030200,36005050400,161,2021-01-11
36005031000,36005050400,208,2021-01-11
36005033400,36005050400,328,2021-01-11
36005034800,36005050400,172,2021-01-11
36005036300,36005050400,271,2021-01-11
36005039700,36005050400,417,2021-01-11
36005046201,36005050400,174,2021-01-11
36005050400,36005050400,191,2021-01-11
36047037900,36005050400,120,2021-01-11
36047114400,36005050400,133,2021-01-11
36059304203,36005050400,148,2021-01-11
36061011800,36005050400,127,2021-01-11
36061015400,36005050400,154,2021-01-11
36061027900,36005050400,120,2021-01-11
36081053200,36005050400,158,2021-01-11
36119005500,36005050400,200,2021-01-11
36119009300,36005050400,274,2021-01-11
36005001600,36005050400,152,2021-01-18
36005006100,36005050400,146,2021-01-18
36005006300,36005050400,762,2021-01-18
36005006700,36005050400,142,2021-01-18
36005013800,36005050400,187,2021-01-18
36005018400,36005050400,120,2021-01-18
36005022403,36005050400,285,2021-01-18
36005026400,36005050400,170,2021-01-18
36005027402,36005050400,269,2021-01-18
36005030200,36005050400,169,2021-01-18
36005031000,36005050400,161,2021-01-18
36005033400,36005050400,188,2021-01-18
36005035600,36005050400,161,2021-01-18
36005038100,36005050400,129,2021-01-18
36005039700,36005050400,143,2021-01-18
36005046201,36005050400,753,2021-01-18
36005050400,36005050400,399,2021-01-18
36047038500,36005050400,169,2021-01-18
36061009400,36005050400,148,2021-01-18
36061011800,36005050400,166,2021-01-18
36061013300,36005050400,174,2021-01-18
36061014300,36005050400,359,2021-01-18
36081000100,36005050400,122,2021-01-18
36081006100,36005050400,141,2021-01-18
36119005500,36005050400,385,2021-01-18
36005002400,36005050400,193,2021-01-25
36005005400,36005050400,128,2021-01-25
36005006300,36005050400,238,2021-01-25
36005013100,36005050400,136,2021-01-25
36005014500,36005050400,251,2021-01-25
36005017300,36005050400,132,2021-01-25
36005023100,36005050400,115,2021-01-25
36005025000,36005050400,106,2021-01-25
36005027402,36005050400,161,2021-01-25
36005028400,36005050400,209,2021-01-25
36005030200,36005050400,154,2021-01-25
36005031000,36005050400,137,2021-01-25
36005033400,36005050400,158,2021-01-25
36005038100,36005050400,128,2021-01-25
36005039300,36005050400,204,2021-01-25
36005046201,36005050400,521,2021-01-25
36005050400,36005050400,155,2021-01-25
36061009400,36005050400,106,2021-01-25
36061014300,36005050400,140,2021-01-25
36119005500,36005050400,106,2021-01-25
36119005702,36005050400,188,2021-01-25
36005004800,36005050400,147,2021-02-01
36005007300,36005050400,136,2021-02-01
36005007800,36005050400,160,2021-02-01
36005014500,36005050400,296,2021-02-01
36005033400,36005050400,170,2021-02-01
36005038900,36005050400,173,2021-02-01
36005046201,36005050400,329,2021-02-01
36047119600,36005050400,179,2021-02-01
36119003200,36005050400,151,2021-02-01
36119005400,36005050400,197,2021-02-01
36119006300,36005050400,201,2021-02-01
34039033500,36005050400,119,2021-02-08
36005003900,36005050400,509,2021-02-08
36005005001,36005050400,143,2021-02-08
36005007000,36005050400,186,2021-02-08
36005014500,36005050400,135,2021-02-08
36005024700,36005050400,273,2021-02-08
36005030200,36005050400,583,2021-02-08
36005031000,36005050400,151,2021-02-08
36005032600,36005050400,156,2021-02-08
36005033400,36005050400,292,2021-02-08
36005034800,36005050400,180,2021-02-08
36005035600,36005050400,333,2021-02-08
36005038100,36005050400,263,2021-02-08
36005046201,36005050400,404,2021-02-08
36047019900,36005050400,162,2021-02-08
36047052500,36005050400,146,2021-02-08
36047119600,36005050400,197,2021-02-08
36061014300,36005050400,144,2021-02-08
36061020800,36005050400,168,2021-02-08
36081035200,36005050400,179,2021-02-08
36119005500,36005050400,107,2021-02-08
36005000400,36005050400,200,2021-02-15
36005003900,36005050400,292,2021-02-15
36005005400,36005050400,133,2021-02-15
36005006300,36005050400,362,2021-02-15
36005006500,36005050400,186,2021-02-15
36005006800,36005050400,143,2021-02-15
36005024700,36005050400,478,2021-02-15
36005030200,36005050400,169,2021-02-15
36005031000,36005050400,146,2021-02-15
36005034800,36005050400,178,2021-02-15
36005035600,36005050400,179,2021-02-15
36005038100,36005050400,248,2021-02-15
36005042400,36005050400,209,2021-02-15
36005046201,36005050400,698,2021-02-15
36047017700,36005050400,174,2021-02-15
36047038500,36005050400,144,2021-02-15
36047052500,36005050400,141,2021-02-15
36047119600,36005050400,293,2021-02-15
36061011600,36005050400,496,2021-02-15
36061011800,36005050400,131,2021-02-15
36061015400,36005050400,167,2021-02-15
36061020800,36005050400,172,2021-02-15
36081032800,36005050400,164,2021-02-15
36081045500,36005050400,190,2021-02-15
36081053200,36005050400,196,2021-02-15
36081065400,36005050400,194,2021-02-15
36119005701,36005050400,255,2021-02-15
36119007200,36005050400,144,2021-02-15
36005006300,36005050400,131,2021-02-22
36005006800,36005050400,174,2021-02-22
36005007000,36005050400,191,2021-02-22
36005012300,36005050400,180,2021-02-22
36005015800,36005050400,204,2021-02-22
36005016700,36005050400,193,2021-02-22
36005027402,36005050400,306,2021-02-22
36005027600,36005050400,200,2021-02-22
36005028400,36005050400,136,2021-02-22
36005028600,36005050400,360,2021-02-22
36005031000,36005050400,162,2021-02-22
36005033400,36005050400,329,2021-02-22
36005035600,36005050400,190,2021-02-22
36005038100,36005050400,129,2021-02-22
36005046201,36005050400,462,2021-02-22
36005050400,36005050400,178,2021-02-22
36047033500,36005050400,194,2021-02-22
36047034500,36005050400,129,2021-02-22
36061009400,36005050400,192,2021-02-22
36085003300,36005050400,201,2021-02-22
36005004100,36005050400,179,2021-03-01
36005007300,36005050400,233,2021-03-01
36005009300,36005050400,191,2021-03-01
36005014500,36005050400,134,2021-03-01
36005015800,36005050400,276,2021-03-01
36005024800,36005050400,122,2021-03-01
36005027402,36005050400,154,2021-03-01
36005027600,36005050400,212,2021-03-01
36005030200,36005050400,215,2021-03-01
36005031000,36005050400,161,2021-03-01
36005033400,36005050400,171,2021-03-01
36005038100,36005050400,131,2021-03-01
36005046201,36005050400,250,2021-03-01
36005050400,36005050400,466,2021-03-01
36061003100,36005050400,156,2021-03-01
36061007700,36005050400,173,2021-03-01
36061021200,36005050400,133,2021-03-01
36081064102,36005050400,185,2021-03-01
36085000300,36005050400,129,2021-03-01
36119000701,36005050400,499,2021-03-01
36119002600,36005050400,410,2021-03-01
36119005500,36005050400,129,2021-03-01
36119006000,36005050400,353,2021-03-01
36119007000,36005050400,161,2021-03-01
34003044202,36005050400,134,2021-03-08
36005003900,36005050400,370,2021-03-08
36005006300,36005050400,136,2021-03-08
36005012101,36005050400,221,2021-03-08
36005012300,36005050400,177,2021-03-08
36005014500,36005050400,151,2021-03-08
36005016200,36005050400,193,2021-03-08
36005027402,36005050400,161,2021-03-08
36005030200,36005050400,274,2021-03-08
36005031000,36005050400,157,2021-03-08
36005036300,36005050400,145,2021-03-08
36005050400,36005050400,527,2021-03-08
36047038500,36005050400,176,2021-03-08
36081010300,36005050400,136,2021-03-08
36119005701,36005050400,163,2021-03-08
34013002500,36005050400,121,2021-03-15
34027046300,36005050400,145,2021-03-15
36005003900,36005050400,136,2021-03-15
36005004200,36005050400,177,2021-03-15
36005006300,36005050400,666,2021-03-15
36005006700,36005050400,139,2021-03-15
36005006800,36005050400,159,2021-03-15
36005014500,36005050400,292,2021-03-15
36005021800,36005050400,130,2021-03-15
36005030200,36005050400,164,2021-03-15
36005034800,36005050400,289,2021-03-15
36005035600,36005050400,178,2021-03-15
36005036300,36005050400,178,2021-03-15
36005042600,36005050400,155,2021-03-15
36005046201,36005050400,160,2021-03-15
36005050400,36005050400,152,2021-03-15
36047114400,36005050400,150,2021-03-15
36061007700,36005050400,162,2021-03-15
36061009900,36005050400,173,2021-03-15
36061017200,36005050400,152,2021-03-15
36119006500,36005050400,163,2021-03-15
36119007000,36005050400,169,2021-03-15
36005004200,36005050400,151,2021-03-22
36005004800,36005050400,164,2021-03-22
36005005400,36005050400,152,2021-03-22
36005006300,36005050400,1009,2021-03-22
36005009800,36005050400,214,2021-03-22
36005013800,36005050400,192,2021-03-22
36005014500,36005050400,219,2021-03-22
36005019700,36005050400,144,2021-03-22
36005020601,36005050400,164,2021-03-22
36005024700,36005050400,164,2021-03-22
36005030200,36005050400,189,2021-03-22
36005031000,36005050400,162,2021-03-22
36005034800,36005050400,186,2021-03-22
36005035600,36005050400,162,2021-03-22
36005036300,36005050400,153,2021-03-22
36005050400,36005050400,148,2021-03-22
36047006900,36005050400,140,2021-03-22
36047051100,36005050400,166,2021-03-22
36047114400,36005050400,151,2021-03-22
36047119600,36005050400,228,2021-03-22
36061009400,36005050400,168,2021-03-22
36061014300,36005050400,189,2021-03-22
36061018100,36005050400,281,2021-03-22
36119005702,36005050400,186,2021-03-22
36119007000,36005050400,283,2021-03-22
34013009100,36005050400,124,2021-03-29
36005006300,36005050400,332,2021-03-29
36005006700,36005050400,374,2021-03-29
36005007200,36005050400,137,2021-03-29
36005014500,36005050400,211,2021-03-29
36005016000,36005050400,393,2021-03-29
36005027600,36005050400,184,2021-03-29
36005030200,36005050400,225,2021-03-29
36005034800,36005050400,167,2021-03-29
36005035600,36005050400,212,2021-03-29
36005046201,36005050400,512,2021-03-29
36005046202,36005050400,152,2021-03-29
36047007000,36005050400,162,2021-03-29
36047038500,36005050400,150,2021-03-29
36047053900,36005050400,168,2021-03-29
36047102800,36005050400,350,2021-03-29
36061007700,36005050400,169,2021-03-29
36061017200,36005050400,162,2021-03-29
36005002800,36005050400,170,2021-04-05
36005003900,36005050400,128,2021-04-05
36005004200,36005050400,242,2021-04-05
36005004400,36005050400,135,2021-04-05
36005006700,36005050400,245,2021-04-05
36005007300,36005050400,141,2021-04-05
36005012300,36005050400,156,2021-04-05
36005014500,36005050400,207,2021-04-05
36005020100,36005050400,146,2021-04-05
36005024700,36005050400,350,2021-04-05
36005028400,36005050400,157,2021-04-05
36005033400,36005050400,147,2021-04-05
36005034800,36005050400,217,2021-04-05
36005039700,36005050400,138,2021-04-05
36005046201,36005050400,583,2021-04-05
36005046202,36005050400,155,2021-04-05
36005050400,36005050400,155,2021-04-05
36047034500,36005050400,140,2021-04-05
36047038500,36005050400,141,2021-04-05
36047051500,36005050400,179,2021-04-05
36061015400,36005050400,166,2021-04-05
36005002800,36005050400,127,2021-04-12
36005006700,36005050400,131,2021-04-12
36005007300,36005050400,124,2021-04-12
36005007800,36005050400,178,2021-04-12
36005013800,36005050400,155,2021-04-12
36005014500,36005050400,133,2021-04-12
36005024700,36005050400,152,2021-04-12
36005031000,36005050400,144,2021-04-12
36005033700,36005050400,139,2021-04-12
36005036300,36005050400,142,2021-04-12
36005039700,36005050400,237,2021-04-12
36005046201,36005050400,440,2021-04-12
36005048400,36005050400,125,2021-04-12
36005050400,36005050400,364,2021-04-12
36005051600,36005050400,647,2021-04-12
36047037900,36005050400,146,2021-04-12
36047038500,36005050400,270,2021-04-12
36047052500,36005050400,147,2021-04-12
36061014300,36005050400,172,2021-04-12
36061016500,36005050400,126,2021-04-12
36061021200,36005050400,170,2021-04-12
36081021600,36005050400,342,2021-04-12
36119006802,36005050400,196,2021-04-12
36119009701,36005050400,179,2021-04-12
36005002800,36005050400,208,2021-04-19
36005003900,36005050400,149,2021-04-19
36005004200,36005050400,180,2021-04-19
36005005001,36005050400,152,2021-04-19
36005005400,36005050400,126,2021-04-19
36005006300,36005050400,131,2021-04-19
36005007400,36005050400,174,2021-04-19
36005013100,36005050400,146,2021-04-19
36005013800,36005050400,129,2021-04-19
36005014400,36005050400,301,2021-04-19
36005014500,36005050400,862,2021-04-19
36005014701,36005050400,172,2021-04-19
36005021002,36005050400,161,2021-04-19
36005021602,36005050400,149,2021-04-19
36005022200,36005050400,162,2021-04-19
36005024700,36005050400,173,2021-04-19
36005027600,36005050400,191,2021-04-19
36005030200,36005050400,324,2021-04-19
36005033400,36005050400,509,2021-04-19
36005034800,36005050400,166,2021-04-19
36005038100,36005050400,133,2021-04-19
36005039700,36005050400,142,2021-04-19
36005046201,36005050400,916,2021-04-19
36005046202,36005050400,159,2021-04-19
36005050400,36005050400,162,2021-04-19
36005051600,36005050400,158,2021-04-19
36047031500,36005050400,232,2021-04-19
36061014300,36005050400,179,2021-04-19
36061015400,36005050400,164,2021-04-19
36081006100,36005050400,118,2021-04-19
36085005900,36005050400,198,2021-04-19
34013023000,36005050400,121,2021-04-26
34017010700,36005050400,204,2021-04-26
36005003900,36005050400,143,2021-04-26
36005004200,36005050400,160,2021-04-26
36005004800,36005050400,139,2021-04-26
36005006300,36005050400,332,2021-04-26
36005006700,36005050400,357,2021-04-26
36005006800,36005050400,283,2021-04-26
36005007300,36005050400,519,2021-04-26
36005009600,36005050400,188,2021-04-26
36005013800,36005050400,288,2021-04-26
36005014500,36005050400,453,2021-04-26
36005015200,36005050400,123,2021-04-26
36005016500,36005050400,125,2021-04-26
36005018400,36005050400,138,2021-04-26
36005019500,36005050400,145,2021-04-26
36005024700,36005050400,184,2021-04-26
36005026601,36005050400,151,2021-04-26
36005030200,36005050400,309,2021-04-26
36005031000,36005050400,142,2021-04-26
36005033400,36005050400,541,2021-04-26
36005034800,36005050400,169,2021-04-26
36005038100,36005050400,246,2021-04-26
36005039700,36005050400,178,2021-04-26
36005050400,36005050400,351,2021-04-26
36005051600,36005050400,342,2021-04-26
36047031500,36005050400,130,2021-04-26
36047037900,36005050400,239,2021-04-26
36047038500,36005050400,316,2021-04-26
36047109800,36005050400,176,2021-04-26
36059406300,36005050400,125,2021-04-26
36061003100,36005050400,141,2021-04-26
34003036100,36005050400,144,2021-05-03
34003044202,36005050400,144,2021-05-03
36005003900,36005050400,139,2021-05-03
36005004200,36005050400,128,2021-05-03
36005004800,36005050400,135,2021-05-03
36005005001,36005050400,316,2021-05-03
36005005002,36005050400,213,2021-05-03
36005005400,36005050400,133,2021-05-03
36005006300,36005050400,248,2021-05-03
36005006700,36005050400,135,2021-05-03
36005006800,36005050400,130,2021-05-03
36005007200,36005050400,230,2021-05-03
36005007300,36005050400,157,2021-05-03
36005008600,36005050400,189,2021-05-03
36005013800,36005050400,127,2021-05-03
36005014500,36005050400,406,2021-05-03
36005018301,36005050400,133,2021-05-03
36005019700,36005050400,135,2021-05-03
36005020000,36005050400,185,2021-05-03
36005023200,36005050400,132,2021-05-03
36005024700,36005050400,170,2021-05-03
36005027600,36005050400,176,2021-05-03
36005028400,36005050400,310,2021-05-03
36005029600,36005050400,274,2021-05-03
36005030200,36005050400,461,2021-05-03
36005033400,36005050400,227,2021-05-03
36005033700,36005050400,172,2021-05-03
36005036300,36005050400,127,2021-05-03
36005038100,36005050400,120,2021-05-03
36005039700,36005050400,545,2021-05-03
36005040100,36005050400,228,2021-05-03
36005040400,36005050400,166,2021-05-03
36005050400,36005050400,155,2021-05-03
36047037900,36005050400,162,2021-05-03
36047038500,36005050400,141,2021-05-03
36047050700,36005050400,219,2021-05-03
36047109800,36005050400,168,2021-05-03
36061001401,36005050400,184,2021-05-03
36061003100,36005050400,135,2021-05-03
36061011800,36005050400,131,2021-05-03
36061015400,36005050400,197,2021-05-03
36061023000,36005050400,143,2021-05-03
36081025900,36005050400,117,2021-05-03
36119005400,36005050400,410,2021-05-03
36119006802,36005050400,146,2021-05-03
36119007000,36005050400,160,2021-05-03
34003012001,36005050400,99,2021-05-10
36005003900,36005050400,139,2021-05-10
36005004200,36005050400,779,2021-05-10
36005006300,36005050400,309,2021-05-10
36005006700,36005050400,152,2021-05-10
36005007000,36005050400,426,2021-05-10
36005007400,36005050400,139,2021-05-10
36005007800,36005050400,171,2021-05-10
36005008600,36005050400,192,2021-05-10
36005011700,36005050400,273,2021-05-10
36005012300,36005050400,176,2021-05-10
36005013800,36005050400,143,2021-05-10
36005014500,36005050400,375,2021-05-10
36005015200,36005050400,124,2021-05-10
36005021601,36005050400,173,2021-05-10
36005022200,36005050400,145,2021-05-10
36005022403,36005050400,159,2021-05-10
36005023200,36005050400,131,2021-05-10
36005024700,36005050400,407,2021-05-10
36005025200,36005050400,129,2021-05-10
36005030200,36005050400,162,2021-05-10
36005031000,36005050400,148,2021-05-10
36005033400,36005050400,157,2021-05-10
36005033800,36005050400,209,2021-05-10
36005035600,36005050400,170,2021-05-10
36005038100,36005050400,149,2021-05-10
36005039700,36005050400,507,2021-05-10
36005046201,36005050400,1270,2021-05-10
36005050400,36005050400,307,2021-05-10
36047011600,36005050400,135,2021-05-10
36047038500,36005050400,139,2021-05-10
36047091000,36005050400,146,2021-05-10
36047114400,36005050400,135,2021-05-10
36061010601,36005050400,141,2021-05-10
36061014300,36005050400,164,2021-05-10
36061016500,36005050400,126,2021-05-10
36119000801,36005050400,163,2021-05-10
36119001301,36005050400,137,2021-05-10
34003044202,36005050400,145,2021-05-17
34039031400,36005050400,110,2021-05-17
36005002800,36005050400,151,2021-05-17
36005003900,36005050400,329,2021-05-17
36005004200,36005050400,332,2021-05-17
36005004400,36005050400,137,2021-05-17
36005005400,36005050400,151,2021-05-17
36005005600,36005050400,174,2021-05-17
36005006200,36005050400,229,2021-05-17
36005006700,36005050400,136,2021-05-17
36005006800,36005050400,476,2021-05-17
36005007000,36005050400,178,2021-05-17
36005007300,36005050400,126,2021-05-17
36005012101,36005050400,176,2021-05-17
36005013800,36005050400,233,2021-05-17
36005014500,36005050400,841,2021-05-17
36005019400,36005050400,137,2021-05-17
36005019500,36005050400,132,2021-05-17
36005020601,36005050400,143,2021-05-17
36005021001,36005050400,289,2021-05-17
36005021601,36005050400,190,2021-05-17
36005024700,36005050400,368,2021-05-17
36005026400,36005050400,165,2021-05-17
36005026601,36005050400,459,2021-05-17
36005027600,36005050400,179,2021-05-17
36005028400,36005050400,402,2021-05-17
36005029600,36005050400,186,2021-05-17
36005030200,36005050400,176,2021-05-17
36005031000,36005050400,251,2021-05-17
36005033400,36005050400,694,2021-05-17
36005034800,36005050400,200,2021-05-17
36005035600,36005050400,157,2021-05-17
36005036300,36005050400,124,2021-05-17
36005038100,36005050400,785,2021-05-17
36005039700,36005050400,151,2021-05-17
36005046201,36005050400,309,2021-05-17
36005048400,36005050400,156,2021-05-17
36005050400,36005050400,576,2021-05-17
36047038500,36005050400,143,2021-05-17
36047041800,36005050400,141,2021-05-17
36047049600,36005050400,117,2021-05-17
36059517801,36005050400,421,2021-05-17
36061010601,36005050400,144,2021-05-17
36061014300,36005050400,139,2021-05-17
36061015400,36005050400,145,2021-05-17
36061022500,36005050400,147,2021-05-17
36061029700,36005050400,170,2021-05-17
36119001700,36005050400,193,2021-05-17
36119002202,36005050400,182,2021-05-17
36119005400,36005050400,323,2021-05-17
36119009701,36005050400,175,2021-05-17
36005000400,36005050400,303,2021-05-24
36005003900,36005050400,127,2021-05-24
36005004200,36005050400,660,2021-05-24
36005005400,36005050400,221,2021-05-24
36005006700,36005050400,620,2021-05-24
36005006800,36005050400,193,2021-05-24
36005007300,36005050400,269,2021-05-24
36005007800,36005050400,317,2021-05-24
36005009800,36005050400,163,2021-05-24
36005013800,36005050400,143,2021-05-24
36005014500,36005050400,310,2021-05-24
36005021001,36005050400,164,2021-05-24
36005021602,36005050400,120,2021-05-24
36005022200,36005050400,158,2021-05-24
36005023800,36005050400,134,2021-05-24
36005024700,36005050400,161,2021-05-24
36005025600,36005050400,172,2021-05-24
36005026601,36005050400,122,2021-05-24
36005027600,36005050400,165,2021-05-24
36005028400,36005050400,324,2021-05-24
36005031000,36005050400,135,2021-05-24
36005033400,36005050400,312,2021-05-24
36005034800,36005050400,395,2021-05-24
36005035600,36005050400,163,2021-05-24
36005038100,36005050400,480,2021-05-24
36005040100,36005050400,249,2021-05-24
36005046201,36005050400,1795,2021-05-24
36005046202,36005050400,130,2021-05-24
36005050400,36005050400,298,2021-05-24
36047027400,36005050400,143,2021-05-24
36047034500,36005050400,369,2021-05-24
36047052500,36005050400,124,2021-05-24
36047079200,36005050400,148,2021-05-24
36047114400,36005050400,297,2021-05-24
36047119600,36005050400,464,2021-05-24
36061003100,36005050400,136,2021-05-24
36061006200,36005050400,143,2021-05-24
36061010601,36005050400,139,2021-05-24
36061011800,36005050400,238,2021-05-24
36061014300,36005050400,138,2021-05-24
36061016500,36005050400,111,2021-05-24
36061019800,36005050400,127,2021-05-24
36061027300,36005050400,166,2021-05-24
36081006100,36005050400,207,2021-05-24
36081021600,36005050400,238,2021-05-24
36081032000,36005050400,114,2021-05-24
36119009701,36005050400,161,2021-05-24
34017010700,36005050400,112,2021-05-31
34023003700,36005050400,141,2021-05-31
34027041000,36005050400,112,2021-05-31
36005000400,36005050400,145,2021-05-31
36005001900,36005050400,118,2021-05-31
36005002400,36005050400,182,2021-05-31
36005002800,36005050400,123,2021-05-31
36005003900,36005050400,186,2021-05-31
36005004800,36005050400,155,2021-05-31
36005005400,36005050400,415,2021-05-31
36005006200,36005050400,151,2021-05-31
36005006700,36005050400,132,2021-05-31
36005006800,36005050400,191,2021-05-31
36005007300,36005050400,1258,2021-05-31
36005007400,36005050400,253,2021-05-31
36005009300,36005050400,112,2021-05-31
36005012101,36005050400,178,2021-05-31
36005013800,36005050400,165,2021-05-31
36005014500,36005050400,775,2021-05-31
36005017500,36005050400,140,2021-05-31
36005020000,36005050400,151,2021-05-31
36005020601,36005050400,112,2021-05-31
36005021001,36005050400,119,2021-05-31
36005021601,36005050400,392,2021-05-31
36005023200,36005050400,153,2021-05-31
36005024700,36005050400,129,2021-05-31
36005027300,36005050400,147,2021-05-31
36005027600,36005050400,161,2021-05-31
36005028400,36005050400,310,2021-05-31
36005030200,36005050400,150,2021-05-31
36005031000,36005050400,173,2021-05-31
36005033400,36005050400,297,2021-05-31
36005034800,36005050400,225,2021-05-31
36005036300,36005050400,181,2021-05-31
36005038100,36005050400,533,2021-05-31
36005039700,36005050400,484,2021-05-31
36005040100,36005050400,303,2021-05-31
36005046201,36005050400,1235,2021-05-31
36005046202,36005050400,149,2021-05-31
36005050400,36005050400,575,2021-05-31
36047030700,36005050400,132,2021-05-31
36047033900,36005050400,143,2021-05-31
36047037900,36005050400,130,2021-05-31
36047042900,36005050400,161,2021-05-31
36047049200,36005050400,115,2021-05-31
36047050700,36005050400,903,2021-05-31
36047102800,36005050400,187,2021-05-31
36047109800,36005050400,159,2021-05-31
36047114400,36005050400,150,2021-05-31
36047119600,36005050400,536,2021-05-31
36061003100,36005050400,130,2021-05-31
36061015400,36005050400,146,2021-05-31
36061019500,36005050400,147,2021-05-31
36081006100,36005050400,169,2021-05-31
36119005500,36005050400,188,2021-05-31
36119005701,36005050400,115,2021-05-31
36119006300,36005050400,156,2021-05-31
36119007000,36005050400,157,2021-05-31
36119009701,36005050400,160,2021-05-31
36119012301,36005050400,106,2021-05-31
34013004500,36005050400,104,2021-06-07
34013011700,36005050400,112,2021-06-07
34017005400,36005050400,120,2021-06-07
36005000200,36005050400,164,2021-06-07
36005001600,36005050400,145,2021-06-07
36005002400,36005050400,181,2021-06-07
36005003900,36005050400,126,2021-06-07
36005004200,36005050400,201,2021-06-07
36005004400,36005050400,226,2021-06-07
36005005002,36005050400,167,2021-06-07
36005005600,36005050400,263,2021-06-07
36005006300,36005050400,652,2021-06-07
36005006500,36005050400,177,2021-06-07
36005006700,36005050400,307,2021-06-07
36005006800,36005050400,146,2021-06-07
36005007200,36005050400,159,2021-06-07
36005007800,36005050400,155,2021-06-07
36005009000,36005050400,122,2021-06-07
36005009800,36005050400,215,2021-06-07
36005012102,36005050400,112,2021-06-07
36005014500,36005050400,2901,2021-06-07
36005014900,36005050400,123,2021-06-07
36005024700,36005050400,724,2021-06-07
36005027402,36005050400,407,2021-06-07
36005027600,36005050400,169,2021-06-07
36005028400,36005050400,389,2021-06-07
36005030200,36005050400,322,2021-06-07
36005033400,36005050400,181,2021-06-07
36005034800,36005050400,163,2021-06-07
36005035600,36005050400,247,2021-06-07
36005038100,36005050400,587,2021-06-07
36005039700,36005050400,2549,2021-06-07
36005040100,36005050400,132,2021-06-07
36005040701,36005050400,169,2021-06-07
36005041300,36005050400,211,2021-06-07
36005046000,36005050400,111,2021-06-07
36005046201,36005050400,679,2021-06-07
36005046202,36005050400,646,2021-06-07
36005050400,36005050400,676,2021-06-07
36047034500,36005050400,264,2021-06-07
36047050400,36005050400,128,2021-06-07
36047050700,36005050400,1176,2021-06-07
36047086000,36005050400,120,2021-06-07
36047091200,36005050400,200,2021-06-07
36047119600,36005050400,175,2021-06-07
36061010601,36005050400,126,2021-06-07
36061011800,36005050400,248,2021-06-07
36061018600,36005050400,141,2021-06-07
36081006100,36005050400,141,2021-06-07
36119001700,36005050400,200,2021-06-07
36119002404,36005050400,172,2021-06-07
36119009701,36005050400,168,2021-06-07
34013007000,36005050400,231,2021-06-14
34013010400,36005050400,121,2021-06-14
36005000200,36005050400,258,2021-06-14
36005001600,36005050400,165,2021-06-14
36005002000,36005050400,229,2021-06-14
36005002800,36005050400,171,2021-06-14
36005003900,36005050400,149,2021-06-14
36005004200,36005050400,337,2021-06-14
36005004600,36005050400,181,2021-06-14
36005004800,36005050400,132,2021-06-14
36005005400,36005050400,271,2021-06-14
36005005600,36005050400,293,2021-06-14
36005006300,36005050400,282,2021-06-14
36005006500,36005050400,193,2021-06-14
36005006700,36005050400,518,2021-06-14
36005006800,36005050400,139,2021-06-14
36005007200,36005050400,197,2021-06-14
36005009000,36005050400,161,2021-06-14
36005009300,36005050400,178,2021-06-14
36005011700,36005050400,145,2021-06-14
36005012101,36005050400,182,2021-06-14
36005012701,36005050400,143,2021-06-14
36005013100,36005050400,129,2021-06-14
36005014500,36005050400,1568,2021-06-14
36005015800,36005050400,265,2021-06-14
36005017902,36005050400,150,2021-06-14
36005021001,36005050400,369,2021-06-14
36005024700,36005050400,699,2021-06-14
36005027402,36005050400,170,2021-06-14
36005027600,36005050400,241,2021-06-14
36005028400,36005050400,447,2021-06-14
36005030000,36005050400,184,2021-06-14
36005031000,36005050400,155,2021-06-14
36005031400,36005050400,110,2021-06-14
36005033400,36005050400,627,2021-06-14
36005034800,36005050400,179,2021-06-14
36005035600,36005050400,253,2021-06-14
36005036300,36005050400,137,2021-06-14
36005038100,36005050400,127,2021-06-14
36005038700,36005050400,110,2021-06-14
36005039700,36005050400,161,2021-06-14
36005040100,36005050400,452,2021-06-14
36005040702,36005050400,167,2021-06-14
36005046201,36005050400,1651,2021-06-14
36005046202,36005050400,276,2021-06-14
36047038500,36005050400,698,2021-06-14
36047049400,36005050400,118,2021-06-14
36047052500,36005050400,325,2021-06-14
36047079200,36005050400,149,2021-06-14
36047114400,36005050400,4214,2021-06-14
36047119600,36005050400,405,2021-06-14
36047119800,36005050400,151,2021-06-14
36061007400,36005050400,161,2021-06-14
36061014300,36005050400,210,2021-06-14
36061015400,36005050400,151,2021-06-14
36061016200,36005050400,149,2021-06-14
36061017200,36005050400,157,2021-06-14
36061017402,36005050400,156,2021-06-14
36061023600,36005050400,198,2021-06-14
36061025900,36005050400,152,2021-06-14
36081006100,36005050400,157,2021-06-14
36081010400,36005050400,159,2021-06-14
36081016800,36005050400,171,2021-06-14
36081032700,36005050400,126,2021-06-14
36103124002,36005050400,137,2021-06-14
36119005701,36005050400,121,2021-06-14
36119005800,36005050400,138,2021-06-14
34013011700,36005050400,121,2021-06-21
34013023200,36005050400,109,2021-06-21
34017010700,36005050400,157,2021-06-21
34017012700,36005050400,111,2021-06-21
36005000200,36005050400,304,2021-06-21
36005000400,36005050400,134,2021-06-21
36005002400,36005050400,186,2021-06-21
36005004200,36005050400,746,2021-06-21
36005005001,36005050400,171,2021-06-21
36005005400,36005050400,149,2021-06-21
36005006300,36005050400,743,2021-06-21
36005006500,36005050400,195,2021-06-21
36005006700,36005050400,337,2021-06-21
36005006800,36005050400,149,2021-06-21
36005007000,36005050400,176,2021-06-21
36005007600,36005050400,124,2021-06-21
36005009000,36005050400,180,2021-06-21
36005009200,36005050400,147,2021-06-21
36005013100,36005050400,284,2021-06-21
36005013800,36005050400,173,2021-06-21
36005014500,36005050400,1807,2021-06-21
36005014702,36005050400,124,2021-06-21
36005017902,36005050400,152,2021-06-21
36005018102,36005050400,153,2021-06-21
36005020200,36005050400,156,2021-06-21
36005021001,36005050400,248,2021-06-21
36005021002,36005050400,167,2021-06-21
36005023600,36005050400,252,2021-06-21
36005024600,36005050400,156,2021-06-21
36005024700,36005050400,133,2021-06-21
36005026400,36005050400,145,2021-06-21
36005027300,36005050400,171,2021-06-21
36005027600,36005050400,185,2021-06-21
36005028400,36005050400,191,2021-06-21
36005030200,36005050400,178,2021-06-21
36005031000,36005050400,147,2021-06-21
36005033400,36005050400,635,2021-06-21
36005034800,36005050400,380,2021-06-21
36005035600,36005050400,163,2021-06-21
36005036300,36005050400,147,2021-06-21
36005038100,36005050400,668,2021-06-21
36005039700,36005050400,281,2021-06-21
36005040100,36005050400,1312,2021-06-21
36005041100,36005050400,137,2021-06-21
36005046201,36005050400,3145,2021-06-21
36005046202,36005050400,420,2021-06-21
36005048400,36005050400,131,2021-06-21
36005050400,36005050400,214,2021-06-21
36047030700,36005050400,138,2021-06-21
36047031500,36005050400,132,2021-06-21
36047034500,36005050400,171,2021-06-21
36047038500,36005050400,151,2021-06-21
36047038700,36005050400,126,2021-06-21
36047050700,36005050400,1313,2021-06-21
36047114400,36005050400,1513,2021-06-21
36047119600,36005050400,912,2021-06-21
36061003100,36005050400,713,2021-06-21
36061006200,36005050400,147,2021-06-21
36061006500,36005050400,132,2021-06-21
36061007500,36005050400,110,2021-06-21
36061007700,36005050400,200,2021-06-21
36061010601,36005050400,137,2021-06-21
36061014300,36005050400,163,2021-06-21
36061015400,36005050400,140,2021-06-21
36061016800,36005050400,167,2021-06-21
36061019100,36005050400,141,2021-06-21
36061022600,36005050400,144,2021-06-21
36061023600,36005050400,134,2021-06-21
36081010000,36005050400,136,2021-06-21
36119002300,36005050400,217,2021-06-21
36119005500,36005050400,110,2021-06-21
34013009300,36005050400,109,2021-06-28
34013023200,36005050400,144,2021-06-28
36005000200,36005050400,260,2021-06-28
36005002400,36005050400,189,2021-06-28
36005003300,36005050400,126,2021-06-28
36005003900,36005050400,136,2021-06-28
36005004100,36005050400,151,2021-06-28
36005004400,36005050400,136,2021-06-28
36005005400,36005050400,354,2021-06-28
36005006300,36005050400,1015,2021-06-28
36005006700,36005050400,307,2021-06-28
36005006800,36005050400,332,2021-06-28
36005008600,36005050400,181,2021-06-28
36005009300,36005050400,141,2021-06-28
36005009600,36005050400,160,2021-06-28
36005012101,36005050400,181,2021-06-28
36005013100,36005050400,257,2021-06-28
36005014500,36005050400,1328,2021-06-28
36005015800,36005050400,128,2021-06-28
36005016500,36005050400,247,2021-06-28
36005019500,36005050400,141,2021-06-28
36005024400,36005050400,168,2021-06-28
36005024700,36005050400,385,2021-06-28
36005025200,36005050400,155,2021-06-28
36005025300,36005050400,144,2021-06-28
36005026602,36005050400,157,2021-06-28
36005027600,36005050400,216,2021-06-28
36005028400,36005050400,508,2021-06-28
36005030200,36005050400,168,2021-06-28
36005031000,36005050400,140,2021-06-28
36005033400,36005050400,820,2021-06-28
36005034800,36005050400,141,2021-06-28
36005035600,36005050400,331,2021-06-28
36005036300,36005050400,351,2021-06-28
36005038100,36005050400,710,2021-06-28
36005039700,36005050400,159,2021-06-28
36005040100,36005050400,289,2021-06-28
36005045800,36005050400,125,2021-06-28
36005046201,36005050400,2332,2021-06-28
36005046202,36005050400,297,2021-06-28
36005050400,36005050400,243,2021-06-28
36047030700,36005050400,126,2021-06-28
36047034500,36005050400,128,2021-06-28
36047037900,36005050400,743,2021-06-28
36047038500,36005050400,177,2021-06-28
36047050700,36005050400,128,2021-06-28
36047073400,36005050400,131,2021-06-28
36047079200,36005050400,125,2021-06-28
36047089000,36005050400,175,2021-06-28
36047112200,36005050400,171,2021-06-28
36047114400,36005050400,2396,2021-06-28
36047119600,36005050400,580,2021-06-28
36061006200,36005050400,134,2021-06-28
36061010601,36005050400,141,2021-06-28
36061011800,36005050400,133,2021-06-28
36061014300,36005050400,632,2021-06-28
36061015400,36005050400,139,2021-06-28
36061019500,36005050400,137,2021-06-28
36061027900,36005050400,124,2021-06-28
36081021600,36005050400,212,2021-06-28
36081036100,36005050400,139,2021-06-28
36087011603,36005050400,115,2021-06-28
36119001101,36005050400,160,2021-06-28
36119002202,36005050400,178,2021-06-28
34013004900,36005050400,110,2021-07-05
34017010700,36005050400,151,2021-07-05
36005000200,36005050400,161,2021-07-05
36005002400,36005050400,358,2021-07-05
36005003900,36005050400,140,2021-07-05
36005004001,36005050400,215,2021-07-05
36005004100,36005050400,239,2021-07-05
36005004200,36005050400,415,2021-07-05
36005004400,36005050400,233,2021-07-05
36005004800,36005050400,276,2021-07-05
36005005001,36005050400,132,2021-07-05
36005005400,36005050400,288,2021-07-05
36005006200,36005050400,278,2021-07-05
36005006300,36005050400,1701,2021-07-05
36005006400,36005050400,169,2021-07-05
36005006700,36005050400,1060,2021-07-05
36005007000,36005050400,212,2021-07-05
36005007300,36005050400,220,2021-07-05
36005009000,36005050400,453,2021-07-05
36005009200,36005050400,145,2021-07-05
36005009800,36005050400,171,2021-07-05
36005013100,36005050400,734,2021-07-05
36005013800,36005050400,255,2021-07-05
36005014500,36005050400,423,2021-07-05
36005015800,36005050400,199,2021-07-05
36005015900,36005050400,121,2021-07-05
36005018400,36005050400,173,2021-07-05
36005021002,36005050400,171,2021-07-05
36005023200,36005050400,154,2021-07-05
36005024700,36005050400,829,2021-07-05
36005025600,36005050400,186,2021-07-05
36005026400,36005050400,202,2021-07-05
36005027401,36005050400,134,2021-07-05
36005027600,36005050400,169,2021-07-05
36005028400,36005050400,274,2021-07-05
36005030200,36005050400,701,2021-07-05
36005031000,36005050400,491,2021-07-05
36005033400,36005050400,1162,2021-07-05
36005034800,36005050400,334,2021-07-05
36005035600,36005050400,225,2021-07-05
36005036300,36005050400,128,2021-07-05
36005037300,36005050400,156,2021-07-05
36005038100,36005050400,1154,2021-07-05
36005039700,36005050400,256,2021-07-05
36005040100,36005050400,190,2021-07-05
36005046201,36005050400,1536,2021-07-05
36005046202,36005050400,166,2021-07-05
36005050400,36005050400,690,2021-07-05
36047011600,36005050400,153,2021-07-05
36047034500,36005050400,156,2021-07-05
36047037900,36005050400,868,2021-07-05
36047038200,36005050400,201,2021-07-05
36047042900,36005050400,147,2021-07-05
36047052500,36005050400,130,2021-07-05
36047073200,36005050400,147,2021-07-05
36047119600,36005050400,1172,2021-07-05
36061001600,36005050400,114,2021-07-05
36061009700,36005050400,151,2021-07-05
36061011800,36005050400,150,2021-07-05
36061013400,36005050400,226,2021-07-05
36061014300,36005050400,939,2021-07-05
36061016500,36005050400,117,2021-07-05
36061019500,36005050400,131,2021-07-05
36061022500,36005050400,146,2021-07-05
36081010000,36005050400,128,2021-07-05
36081021600,36005050400,160,2021-07-05
36119002202,36005050400,172,2021-07-05
34013011700,36005050400,111,2021-07-12
36005002400,36005050400,235,2021-07-12
36005002800,36005050400,194,2021-07-12
36005004200,36005050400,190,2021-07-12
36005004600,36005050400,149,2021-07-12
36005004800,36005050400,470,2021-07-12
36005005001,36005050400,135,2021-07-12
36005005100,36005050400,184,2021-07-12
36005005400,36005050400,383,2021-07-12
36005006300,36005050400,411,2021-07-12
36005006700,36005050400,870,2021-07-12
36005007000,36005050400,168,2021-07-12
36005007300,36005050400,129,2021-07-12
36005007600,36005050400,412,2021-07-12
36005008300,36005050400,138,2021-07-12
36005009000,36005050400,255,2021-07-12
36005009600,36005050400,117,2021-07-12
36005009800,36005050400,168,2021-07-12
36005012101,36005050400,179,2021-07-12
36005012300,36005050400,264,2021-07-12
36005014500,36005050400,462,2021-07-12
36005020400,36005050400,133,2021-07-12
36005021200,36005050400,141,2021-07-12
36005023200,36005050400,153,2021-07-12
36005024700,36005050400,728,2021-07-12
36005025600,36005050400,224,2021-07-12
36005026400,36005050400,150,2021-07-12
36005027401,36005050400,198,2021-07-12
36005027402,36005050400,172,2021-07-12
36005027600,36005050400,468,2021-07-12
36005028400,36005050400,285,2021-07-12
36005030200,36005050400,144,2021-07-12
36005031000,36005050400,189,2021-07-12
36005033400,36005050400,696,2021-07-12
36005034800,36005050400,146,2021-07-12
36005035600,36005050400,161,2021-07-12
36005038100,36005050400,130,2021-07-12
36005039700,36005050400,928,2021-07-12
36005040100,36005050400,683,2021-07-12
36005046201,36005050400,1915,2021-07-12
36005046202,36005050400,162,2021-07-12
36005050400,36005050400,1107,2021-07-12
36047007000,36005050400,172,2021-07-12
36047030700,36005050400,154,2021-07-12
36047043800,36005050400,146,2021-07-12
36047073600,36005050400,142,2021-07-12
36047114400,36005050400,139,2021-07-12
36061002201,36005050400,164,2021-07-12
36061005600,36005050400,126,2021-07-12
36061006500,36005050400,127,2021-07-12
36061008700,36005050400,108,2021-07-12
36061009700,36005050400,144,2021-07-12
36061011900,36005050400,171,2021-07-12
36061014300,36005050400,541,2021-07-12
36061015400,36005050400,141,2021-07-12
36061016500,36005050400,242,2021-07-12
36061018200,36005050400,166,2021-07-12
36061019900,36005050400,146,2021-07-12
36061022500,36005050400,159,2021-07-12
36061025100,36005050400,138,2021-07-12
36061025500,36005050400,441,2021-07-12
36081006100,36005050400,162,2021-07-12
36119014806,36005050400,130,2021-07-12
36119014811,36005050400,176,2021-07-12
34013010400,36005050400,111,2021-07-19
34013023000,36005050400,112,2021-07-19
34013023200,36005050400,108,2021-07-19
34017019900,36005050400,98,2021-07-19
34039031400,36005050400,156,2021-07-19
34039033500,36005050400,106,2021-07-19
36005000200,36005050400,172,2021-07-19
36005000400,36005050400,297,2021-07-19
36005002000,36005050400,161,2021-07-19
36005002400,36005050400,286,2021-07-19
36005004200,36005050400,435,2021-07-19
36005004300,36005050400,146,2021-07-19
36005004400,36005050400,165,2021-07-19
36005004600,36005050400,132,2021-07-19
36005004800,36005050400,127,2021-07-19
36005005002,36005050400,360,2021-07-19
36005005400,36005050400,506,2021-07-19
36005005600,36005050400,158,2021-07-19
36005006300,36005050400,515,2021-07-19
36005006500,36005050400,404,2021-07-19
36005006700,36005050400,2231,2021-07-19
36005006800,36005050400,143,2021-07-19
36005007000,36005050400,334,2021-07-19
36005007200,36005050400,161,2021-07-19
36005007300,36005050400,155,2021-07-19
36005009000,36005050400,173,2021-07-19
36005009200,36005050400,290,2021-07-19
36005009600,36005050400,253,2021-07-19
36005013100,36005050400,467,2021-07-19
36005014400,36005050400,193,2021-07-19
36005014500,36005050400,348,2021-07-19
36005020000,36005050400,295,2021-07-19
36005021001,36005050400,155,2021-07-19
36005021200,36005050400,138,2021-07-19
36005022200,36005050400,169,2021-07-19
36005022403,36005050400,159,2021-07-19
36005022701,36005050400,177,2021-07-19
36005024700,36005050400,178,2021-07-19
36005025600,36005050400,175,2021-07-19
36005026400,36005050400,162,2021-07-19
36005027600,36005050400,348,2021-07-19
36005028400,36005050400,304,2021-07-19
36005030200,36005050400,229,2021-07-19
36005031000,36005050400,370,2021-07-19
36005033400,36005050400,650,2021-07-19
36005034800,36005050400,779,2021-07-19
36005035600,36005050400,154,2021-07-19
36005038100,36005050400,872,2021-07-19
36005039700,36005050400,1056,2021-07-19
36005040100,36005050400,143,2021-07-19
36005046201,36005050400,2030,2021-07-19
36005046202,36005050400,407,2021-07-19
36005050400,36005050400,900,2021-07-19
36047037900,36005050400,391,2021-07-19
36047038500,36005050400,165,2021-07-19
36047052500,36005050400,132,2021-07-19
36047079200,36005050400,266,2021-07-19
36047114400,36005050400,253,2021-07-19
36061003300,36005050400,124,2021-07-19
36061004400,36005050400,176,2021-07-19
36061005502,36005050400,135,2021-07-19
36061014300,36005050400,623,2021-07-19
36061014601,36005050400,109,2021-07-19
36061015400,36005050400,242,2021-07-19
36061018600,36005050400,148,2021-07-19
36061020800,36005050400,163,2021-07-19
36061022400,36005050400,164,2021-07-19
36061023801,36005050400,125,2021-07-19
36061026100,36005050400,143,2021-07-19
36119001700,36005050400,206,2021-07-19
36119002700,36005050400,152,2021-07-19
36119005701,36005050400,300,2021-07-19
36119007402,36005050400,290,2021-07-19
34013004500,36005050400,106,2021-07-26
34013009300,36005050400,215,2021-07-26
34013010400,36005050400,110,2021-07-26
34013018300,36005050400,105,2021-07-26
34027040400,36005050400,111,2021-07-26
36005001600,36005050400,175,2021-07-26
36005002000,36005050400,365,2021-07-26
36005003900,36005050400,129,2021-07-26
36005004100,36005050400,120,2021-07-26
36005004200,36005050400,315,2021-07-26
36005004800,36005050400,281,2021-07-26
36005005001,36005050400,147,2021-07-26
36005005400,36005050400,559,2021-07-26
36005005600,36005050400,230,2021-07-26
36005006000,36005050400,117,2021-07-26
36005006300,36005050400,778,2021-07-26
36005006500,36005050400,361,2021-07-26
36005006700,36005050400,308,2021-07-26
36005007000,36005050400,176,2021-07-26
36005007300,36005050400,127,2021-07-26
36005007400,36005050400,314,2021-07-26
36005007800,36005050400,158,2021-07-26
36005008600,36005050400,193,2021-07-26
36005009200,36005050400,126,2021-07-26
36005009600,36005050400,151,2021-07-26
36005011000,36005050400,194,2021-07-26
36005012101,36005050400,182,2021-07-26
36005012300,36005050400,207,2021-07-26
36005014500,36005050400,1835,2021-07-26
36005015200,36005050400,162,2021-07-26
36005015900,36005050400,121,2021-07-26
36005017500,36005050400,206,2021-07-26
36005020000,36005050400,146,2021-07-26
36005020601,36005050400,171,2021-07-26
36005021001,36005050400,278,2021-07-26
36005021200,36005050400,194,2021-07-26
36005022200,36005050400,128,2021-07-26
36005023100,36005050400,128,2021-07-26
36005023200,36005050400,236,2021-07-26
36005023800,36005050400,167,2021-07-26
36005024700,36005050400,427,2021-07-26
36005027402,36005050400,188,2021-07-26
36005027600,36005050400,283,2021-07-26
36005028400,36005050400,500,2021-07-26
36005031000,36005050400,313,2021-07-26
36005033400,36005050400,570,2021-07-26
36005034800,36005050400,123,2021-07-26
36005035000,36005050400,138,2021-07-26
36005035600,36005050400,203,2021-07-26
36005036100,36005050400,151,2021-07-26
36005036300,36005050400,153,2021-07-26
36005038100,36005050400,3422,2021-07-26
36005039700,36005050400,1361,2021-07-26
36005039902,36005050400,182,2021-07-26
36005042600,36005050400,158,2021-07-26
36005046201,36005050400,2065,2021-07-26
36005046202,36005050400,325,2021-07-26
36005050400,36005050400,401,2021-07-26
36047018100,36005050400,167,2021-07-26
36047019100,36005050400,139,2021-07-26
36047037900,36005050400,192,2021-07-26
36047038500,36005050400,190,2021-07-26
36047050700,36005050400,328,2021-07-26
36047067200,36005050400,166,2021-07-26
36047114400,36005050400,163,2021-07-26
36061002700,36005050400,142,2021-07-26
36061003100,36005050400,263,2021-07-26
36061007700,36005050400,158,2021-07-26
36061011600,36005050400,144,2021-07-26
36061014300,36005050400,736,2021-07-26
36061015400,36005050400,155,2021-07-26
36061016800,36005050400,166,2021-07-26
36061022500,36005050400,150,2021-07-26
36061023600,36005050400,156,2021-07-26
36081008300,36005050400,169,2021-07-26
36081038302,36005050400,239,2021-07-26
36119001700,36005050400,208,2021-07-26
36119005702,36005050400,172,2021-07-26
36119007402,36005050400,156,2021-07-26
34003012001,36005050400,409,2021-08-02
34017018301,36005050400,133,2021-08-02
36005003900,36005050400,135,2021-08-02
36005004100,36005050400,167,2021-08-02
36005004200,36005050400,569,2021-08-02
36005004800,36005050400,163,2021-08-02
36005005001,36005050400,180,2021-08-02
36005005400,36005050400,221,2021-08-02
36005005600,36005050400,183,2021-08-02
36005006300,36005050400,159,2021-08-02
36005006700,36005050400,209,2021-08-02
36005007300,36005050400,133,2021-08-02
36005007800,36005050400,174,2021-08-02
36005008300,36005050400,162,2021-08-02
36005009000,36005050400,171,2021-08-02
36005009600,36005050400,152,2021-08-02
36005012101,36005050400,185,2021-08-02
36005013100,36005050400,138,2021-08-02
36005014500,36005050400,1351,2021-08-02
36005015100,36005050400,151,2021-08-02
36005015700,36005050400,197,2021-08-02
36005015900,36005050400,230,2021-08-02
36005019700,36005050400,124,2021-08-02
36005020400,36005050400,285,2021-08-02
36005022200,36005050400,142,2021-08-02
36005024700,36005050400,454,2021-08-02
36005025200,36005050400,200,2021-08-02
36005026400,36005050400,136,2021-08-02
36005027402,36005050400,180,2021-08-02
36005027600,36005050400,194,2021-08-02
36005028400,36005050400,234,2021-08-02
36005029600,36005050400,228,2021-08-02
36005030200,36005050400,185,2021-08-02
36005031000,36005050400,175,2021-08-02
36005034800,36005050400,156,2021-08-02
36005036100,36005050400,164,2021-08-02
36005036300,36005050400,147,2021-08-02
36005037504,36005050400,173,2021-08-02
36005038100,36005050400,480,2021-08-02
36005042100,36005050400,176,2021-08-02
36005046201,36005050400,3121,2021-08-02
36005046202,36005050400,158,2021-08-02
36005050400,36005050400,520,2021-08-02
36047006900,36005050400,240,2021-08-02
36047034500,36005050400,131,2021-08-02
36047038500,36005050400,538,2021-08-02
36047050700,36005050400,262,2021-08-02
36047052500,36005050400,130,2021-08-02
36059406801,36005050400,155,2021-08-02
36061001401,36005050400,147,2021-08-02
36061002201,36005050400,176,2021-08-02
36061003100,36005050400,142,2021-08-02
36061004800,36005050400,165,2021-08-02
36061007700,36005050400,168,2021-08-02
36061008700,36005050400,118,2021-08-02
36061009400,36005050400,172,2021-08-02
36061012900,36005050400,121,2021-08-02
36061014300,36005050400,342,2021-08-02
36061014802,36005050400,120,2021-08-02
36061015400,36005050400,148,2021-08-02
36061016500,36005050400,122,2021-08-02
36061023600,36005050400,142,2021-08-02
36081006100,36005050400,181,2021-08-02
36081038302,36005050400,246,2021-08-02
36081079701,36005050400,143,2021-08-02
36119006100,36005050400,190,2021-08-02
36119007200,36005050400,194,2021-08-02
36119008200,36005050400,165,2021-08-02
36119009701,36005050400,166,2021-08-02
34003005000,36005050400,134,2021-08-09
34013023200,36005050400,115,2021-08-09
34039038800,36005050400,127,2021-08-09
36005000400,36005050400,217,2021-08-09
36005002000,36005050400,325,2021-08-09
36005002400,36005050400,172,2021-08-09
36005004200,36005050400,144,2021-08-09
36005004800,36005050400,291,2021-08-09
36005005400,36005050400,285,2021-08-09
36005005600,36005050400,279,2021-08-09
36005006300,36005050400,479,2021-08-09
36005006700,36005050400,735,2021-08-09
36005006800,36005050400,229,2021-08-09
36005007300,36005050400,324,2021-08-09
36005007400,36005050400,201,2021-08-09
36005007800,36005050400,112,2021-08-09
36005009200,36005050400,256,2021-08-09
36005009600,36005050400,141,2021-08-09
36005011000,36005050400,205,2021-08-09
36005012102,36005050400,185,2021-08-09
36005013100,36005050400,129,2021-08-09
36005013800,36005050400,152,2021-08-09
36005014500,36005050400,734,2021-08-09
36005015700,36005050400,227,2021-08-09
36005015800,36005050400,142,2021-08-09
36005020000,36005050400,175,2021-08-09
36005021001,36005050400,175,2021-08-09
36005022200,36005050400,325,2021-08-09
36005023200,36005050400,160,2021-08-09
36005024000,36005050400,137,2021-08-09
36005024700,36005050400,707,2021-08-09
36005027402,36005050400,193,2021-08-09
36005027600,36005050400,231,2021-08-09
36005031000,36005050400,288,2021-08-09
36005033400,36005050400,570,2021-08-09
36005034800,36005050400,145,2021-08-09
36005035600,36005050400,164,2021-08-09
36005036300,36005050400,166,2021-08-09
36005038100,36005050400,827,2021-08-09
36005040900,36005050400,341,2021-08-09
36005046201,36005050400,1787,2021-08-09
36005046202,36005050400,452,2021-08-09
36005050400,36005050400,626,2021-08-09
36005051600,36005050400,257,2021-08-09
36047018100,36005050400,164,2021-08-09
36047019100,36005050400,133,2021-08-09
36047034500,36005050400,148,2021-08-09
36047037900,36005050400,163,2021-08-09
36047050700,36005050400,129,2021-08-09
36047052500,36005050400,512,2021-08-09
36047088600,36005050400,180,2021-08-09
36061011800,36005050400,138,2021-08-09
36061014300,36005050400,625,2021-08-09
36061016002,36005050400,158,2021-08-09
36061016900,36005050400,131,2021-08-09
36061019800,36005050400,138,2021-08-09
36081004002,36005050400,121,2021-08-09
36081010300,36005050400,137,2021-08-09
36081038302,36005050400,175,2021-08-09
36119001700,36005050400,191,2021-08-09
36119010902,36005050400,174,2021-08-09
34013002300,36005050400,157,2021-08-16
34017006400,36005050400,144,2021-08-16
36005001600,36005050400,201,2021-08-16
36005002000,36005050400,331,2021-08-16
36005002800,36005050400,145,2021-08-16
36005004200,36005050400,233,2021-08-16
36005004800,36005050400,346,2021-08-16
36005005400,36005050400,493,2021-08-16
36005005600,36005050400,185,2021-08-16
36005006300,36005050400,822,2021-08-16
36005006700,36005050400,156,2021-08-16
36005006800,36005050400,607,2021-08-16
36005007300,36005050400,459,2021-08-16
36005007600,36005050400,307,2021-08-16
36005009300,36005050400,306,2021-08-16
36005013100,36005050400,164,2021-08-16
36005014500,36005050400,213,2021-08-16
36005015800,36005050400,131,2021-08-16
36005020000,36005050400,169,2021-08-16
36005020400,36005050400,155,2021-08-16
36005020601,36005050400,122,2021-08-16
36005021602,36005050400,180,2021-08-16
36005022200,36005050400,198,2021-08-16
36005022300,36005050400,139,2021-08-16
36005023703,36005050400,145,2021-08-16
36005024300,36005050400,125,2021-08-16
36005024700,36005050400,688,2021-08-16
36005027600,36005050400,508,2021-08-16
36005028400,36005050400,161,2021-08-16
36005029600,36005050400,260,2021-08-16
36005030200,36005050400,174,2021-08-16
36005032600,36005050400,158,2021-08-16
36005033400,36005050400,400,2021-08-16
36005036300,36005050400,142,2021-08-16
36005038100,36005050400,194,2021-08-16
36005039500,36005050400,164,2021-08-16
36005039700,36005050400,206,2021-08-16
36005040900,36005050400,309,2021-08-16
36005046201,36005050400,2600,2021-08-16
36005046202,36005050400,144,2021-08-16
36005050400,36005050400,662,2021-08-16
36047036002,36005050400,134,2021-08-16
36047037900,36005050400,233,2021-08-16
36047038900,36005050400,135,2021-08-16
36047042900,36005050400,137,2021-08-16
36047051100,36005050400,268,2021-08-16
36047059100,36005050400,118,2021-08-16
36047067200,36005050400,562,2021-08-16
36047102800,36005050400,205,2021-08-16
36047114400,36005050400,140,2021-08-16
36047119600,36005050400,139,2021-08-16
36059303600,36005050400,217,2021-08-16
36061003700,36005050400,147,2021-08-16
36061010100,36005050400,120,2021-08-16
36061011800,36005050400,136,2021-08-16
36061014300,36005050400,327,2021-08-16
36061014601,36005050400,129,2021-08-16
36061014802,36005050400,126,2021-08-16
36061015400,36005050400,180,2021-08-16
36061015802,36005050400,164,2021-08-16
36081006300,36005050400,134,2021-08-16
36081035200,36005050400,155,2021-08-16
36081035700,36005050400,160,2021-08-16
36085004000,36005050400,184,2021-08-16
36119004300,36005050400,234,2021-08-16
34013014600,36005050400,115,2021-08-23
34017010700,36005050400,127,2021-08-23
36005002400,36005050400,243,2021-08-23
36005002800,36005050400,161,2021-08-23
36005003900,36005050400,281,2021-08-23
36005004001,36005050400,145,2021-08-23
36005004400,36005050400,125,2021-08-23
36005004800,36005050400,317,2021-08-23
36005005001,36005050400,111,2021-08-23
36005005400,36005050400,150,2021-08-23
36005006200,36005050400,160,2021-08-23
36005006300,36005050400,157,2021-08-23
36005006700,36005050400,147,2021-08-23
36005006800,36005050400,408,2021-08-23
36005007300,36005050400,137,2021-08-23
36005007800,36005050400,111,2021-08-23
36005009000,36005050400,282,2021-08-23
36005011700,36005050400,271,2021-08-23
36005013100,36005050400,130,2021-08-23
36005014500,36005050400,286,2021-08-23
36005018400,36005050400,130,2021-08-23
36005020000,36005050400,196,2021-08-23
36005021002,36005050400,159,2021-08-23
36005022200,36005050400,141,2021-08-23
36005023200,36005050400,145,2021-08-23
36005024400,36005050400,143,2021-08-23
36005024700,36005050400,483,2021-08-23
36005025200,36005050400,152,2021-08-23
36005027402,36005050400,200,2021-08-23
36005027600,36005050400,386,2021-08-23
36005028400,36005050400,408,2021-08-23
36005028800,36005050400,156,2021-08-23
36005031000,36005050400,230,2021-08-23
36005032600,36005050400,204,2021-08-23
36005033400,36005050400,822,2021-08-23
36005034800,36005050400,169,2021-08-23
36005035600,36005050400,156,2021-08-23
36005036300,36005050400,136,2021-08-23
36005038100,36005050400,133,2021-08-23
36005039700,36005050400,168,2021-08-23
36005042100,36005050400,152,2021-08-23
36005043100,36005050400,146,2021-08-23
36005046201,36005050400,1683,2021-08-23
36005046202,36005050400,318,2021-08-23
36005050400,36005050400,667,2021-08-23
36047038500,36005050400,212,2021-08-23
36047082400,36005050400,187,2021-08-23
36047114400,36005050400,144,2021-08-23
36047119600,36005050400,175,2021-08-23
36061009300,36005050400,130,2021-08-23
36061011800,36005050400,133,2021-08-23
36061014300,36005050400,709,2021-08-23
36061015400,36005050400,140,2021-08-23
36061018600,36005050400,148,2021-08-23
36061021900,36005050400,167,2021-08-23
36119001700,36005050400,193,2021-08-23
36119003000,36005050400,190,2021-08-23
36119005500,36005050400,131,2021-08-23
34003044202,36005050400,141,2021-08-30
34017032400,36005050400,155,2021-08-30
36005002400,36005050400,183,2021-08-30
36005003900,36005050400,131,2021-08-30
36005004200,36005050400,137,2021-08-30
36005005400,36005050400,259,2021-08-30
36005006800,36005050400,287,2021-08-30
36005007000,36005050400,184,2021-08-30
36005007100,36005050400,117,2021-08-30
36005007200,36005050400,154,2021-08-30
36005007800,36005050400,137,2021-08-30
36005008600,36005050400,128,2021-08-30
36005009000,36005050400,128,2021-08-30
36005009600,36005050400,142,2021-08-30
36005011000,36005050400,409,2021-08-30
36005013100,36005050400,138,2021-08-30
36005014500,36005050400,159,2021-08-30
36005014900,36005050400,163,2021-08-30
36005021001,36005050400,333,2021-08-30
36005021601,36005050400,163,2021-08-30
36005023200,36005050400,162,2021-08-30
36005023800,36005050400,139,2021-08-30
36005024700,36005050400,288,2021-08-30
36005026400,36005050400,178,2021-08-30
36005027402,36005050400,253,2021-08-30
36005027600,36005050400,258,2021-08-30
36005028400,36005050400,889,2021-08-30
36005028800,36005050400,112,2021-08-30
36005030000,36005050400,201,2021-08-30
36005031000,36005050400,322,2021-08-30
36005033400,36005050400,175,2021-08-30
36005036300,36005050400,158,2021-08-30
36005038100,36005050400,163,2021-08-30
36005039700,36005050400,433,2021-08-30
36005043100,36005050400,162,2021-08-30
36005046201,36005050400,1040,2021-08-30
36005046202,36005050400,161,2021-08-30
36047027100,36005050400,305,2021-08-30
36047038500,36005050400,142,2021-08-30
36047050700,36005050400,170,2021-08-30
36047052500,36005050400,141,2021-08-30
36047114400,36005050400,151,2021-08-30
36047119600,36005050400,144,2021-08-30
36061006200,36005050400,145,2021-08-30
36061010601,36005050400,150,2021-08-30
36061011600,36005050400,224,2021-08-30
36061011800,36005050400,136,2021-08-30
36061014300,36005050400,178,2021-08-30
36061027300,36005050400,158,2021-08-30
34003044202,36005050400,143,2021-09-06
34017010700,36005050400,136,2021-09-06
36005000200,36005050400,170,2021-09-06
36005002400,36005050400,188,2021-09-06
36005002800,36005050400,382,2021-09-06
36005003900,36005050400,136,2021-09-06
36005004400,36005050400,120,2021-09-06
36005005400,36005050400,569,2021-09-06
36005006400,36005050400,196,2021-09-06
36005006700,36005050400,145,2021-09-06
36005007800,36005050400,166,2021-09-06
36005009000,36005050400,141,2021-09-06
36005013100,36005050400,138,2021-09-06
36005013800,36005050400,169,2021-09-06
36005014500,36005050400,217,2021-09-06
36005015800,36005050400,134,2021-09-06
36005018400,36005050400,151,2021-09-06
36005021001,36005050400,419,2021-09-06
36005021602,36005050400,214,2021-09-06
36005021800,36005050400,198,2021-09-06
36005023800,36005050400,145,2021-09-06
36005024700,36005050400,153,2021-09-06
36005026400,36005050400,302,2021-09-06
36005027600,36005050400,299,2021-09-06
36005028400,36005050400,553,2021-09-06
36005031000,36005050400,144,2021-09-06
36005033400,36005050400,180,2021-09-06
36005034800,36005050400,189,2021-09-06
36005035600,36005050400,180,2021-09-06
36005035800,36005050400,170,2021-09-06
36005038100,36005050400,176,2021-09-06
36005039700,36005050400,593,2021-09-06
36005046201,36005050400,892,2021-09-06
36005046202,36005050400,160,2021-09-06
36047034500,36005050400,158,2021-09-06
36047051100,36005050400,135,2021-09-06
36047079200,36005050400,256,2021-09-06
36047102800,36005050400,173,2021-09-06
36047113400,36005050400,176,2021-09-06
36047114400,36005050400,182,2021-09-06
36061003100,36005050400,144,2021-09-06
36061011800,36005050400,145,2021-09-06
36061014300,36005050400,529,2021-09-06
36061015400,36005050400,167,2021-09-06
36061027900,36005050400,151,2021-09-06
36119004400,36005050400,184,2021-09-06
36119004500,36005050400,161,2021-09-06
34013002500,36005050400,139,2021-09-13
36005000400,36005050400,176,2021-09-13
36005003900,36005050400,134,2021-09-13
36005005200,36005050400,188,2021-09-13
36005005400,36005050400,272,2021-09-13
36005006300,36005050400,585,2021-09-13
36005006700,36005050400,253,2021-09-13
36005006800,36005050400,156,2021-09-13
36005007000,36005050400,179,2021-09-13
36005007200,36005050400,176,2021-09-13
36005007800,36005050400,150,2021-09-13
36005013100,36005050400,142,2021-09-13
36005014500,36005050400,149,2021-09-13
36005017300,36005050400,165,2021-09-13
36005018102,36005050400,161,2021-09-13
36005020100,36005050400,146,2021-09-13
36005021001,36005050400,185,2021-09-13
36005022403,36005050400,158,2021-09-13
36005023800,36005050400,134,2021-09-13
36005024700,36005050400,141,2021-09-13
36005025200,36005050400,159,2021-09-13
36005027401,36005050400,143,2021-09-13
36005027600,36005050400,230,2021-09-13
36005028400,36005050400,204,2021-09-13
36005029600,36005050400,156,2021-09-13
36005031000,36005050400,310,2021-09-13
36005032600,36005050400,151,2021-09-13
36005033400,36005050400,436,2021-09-13
36005034800,36005050400,179,2021-09-13
36005035600,36005050400,172,2021-09-13
36005038100,36005050400,311,2021-09-13
36005039700,36005050400,169,2021-09-13
36005040400,36005050400,168,2021-09-13
36005042400,36005050400,123,2021-09-13
36005043100,36005050400,153,2021-09-13
36005046201,36005050400,1789,2021-09-13
36047038500,36005050400,296,2021-09-13
36047050900,36005050400,160,2021-09-13
36047119600,36005050400,335,2021-09-13
36061014300,36005050400,176,2021-09-13
36081085700,36005050400,131,2021-09-13
36103124102,36005050400,121,2021-09-13
36119003200,36005050400,124,2021-09-13
36005002400,36005050400,189,2021-09-20
36005004800,36005050400,336,2021-09-20
36005005200,36005050400,167,2021-09-20
36005005400,36005050400,324,2021-09-20
36005006300,36005050400,257,2021-09-20
36005006800,36005050400,153,2021-09-20
36005007300,36005050400,131,2021-09-20
36005009800,36005050400,202,2021-09-20
36005012300,36005050400,523,2021-09-20
36005013800,36005050400,152,2021-09-20
36005014500,36005050400,358,2021-09-20
36005021001,36005050400,490,2021-09-20
36005021602,36005050400,340,2021-09-20
36005022200,36005050400,156,2021-09-20
36005024700,36005050400,134,2021-09-20
36005025200,36005050400,147,2021-09-20
36005026400,36005050400,146,2021-09-20
36005027402,36005050400,138,2021-09-20
36005027600,36005050400,347,2021-09-20
36005030200,36005050400,209,2021-09-20
36005031000,36005050400,140,2021-09-20
36005033400,36005050400,548,2021-09-20
36005034800,36005050400,168,2021-09-20
36005035600,36005050400,295,2021-09-20
36005035800,36005050400,144,2021-09-20
36005036300,36005050400,166,2021-09-20
36005038100,36005050400,154,2021-09-20
36005040100,36005050400,391,2021-09-20
36005046201,36005050400,1266,2021-09-20
36047015400,36005050400,173,2021-09-20
36047038500,36005050400,242,2021-09-20
36047042900,36005050400,195,2021-09-20
36047114400,36005050400,146,2021-09-20
36047119600,36005050400,173,2021-09-20
36059407101,36005050400,144,2021-09-20
36061011800,36005050400,134,2021-09-20
36061014300,36005050400,524,2021-09-20
36061021800,36005050400,124,2021-09-20
36081006100,36005050400,180,2021-09-20
36081008300,36005050400,240,2021-09-20
36081044601,36005050400,127,2021-09-20
34013014600,36005050400,115,2021-09-27
34031124800,36005050400,136,2021-09-27
34039031400,36005050400,124,2021-09-27
36005002400,36005050400,183,2021-09-27
36005004001,36005050400,123,2021-09-27
36005005400,36005050400,173,2021-09-27
36005006200,36005050400,203,2021-09-27
36005006700,36005050400,259,2021-09-27
36005007300,36005050400,142,2021-09-27
36005007800,36005050400,169,2021-09-27
36005009600,36005050400,151,2021-09-27
36005012300,36005050400,142,2021-09-27
36005013100,36005050400,166,2021-09-27
36005013800,36005050400,345,2021-09-27
36005014500,36005050400,164,2021-09-27
36005018102,36005050400,159,2021-09-27
36005021001,36005050400,202,2021-09-27
36005021002,36005050400,172,2021-09-27
36005021200,36005050400,186,2021-09-27
36005024700,36005050400,390,2021-09-27
36005028400,36005050400,170,2021-09-27
36005030200,36005050400,190,2021-09-27
36005031000,36005050400,293,2021-09-27
36005033400,36005050400,323,2021-09-27
36005034000,36005050400,205,2021-09-27
36005034200,36005050400,166,2021-09-27
36005035600,36005050400,130,2021-09-27
36005035800,36005050400,136,2021-09-27
36005038100,36005050400,130,2021-09-27
36005040100,36005050400,137,2021-09-27
36005046201,36005050400,2186,2021-09-27
36005046202,36005050400,152,2021-09-27
36005050400,36005050400,153,2021-09-27
36047050700,36005050400,302,2021-09-27
36047051100,36005050400,154,2021-09-27
36047079200,36005050400,157,2021-09-27
36047114400,36005050400,184,2021-09-27
36061014300,36005050400,388,2021-09-27
36119007402,36005050400,164,2021-09-27
36119010902,36005050400,179,2021-09-27
34003042302,36005050400,117,2021-10-04
34003042400,36005050400,109,2021-10-04
34017016900,36005050400,142,2021-10-04
36005002800,36005050400,193,2021-10-04
36005003900,36005050400,349,2021-10-04
36005004200,36005050400,166,2021-10-04
36005004800,36005050400,172,2021-10-04
36005005400,36005050400,143,2021-10-04
36005006700,36005050400,142,2021-10-04
36005009200,36005050400,121,2021-10-04
36005009800,36005050400,453,2021-10-04
36005012300,36005050400,300,2021-10-04
36005013100,36005050400,215,2021-10-04
36005014500,36005050400,354,2021-10-04
36005020000,36005050400,319,2021-10-04
36005020200,36005050400,190,2021-10-04
36005021001,36005050400,176,2021-10-04
36005021800,36005050400,174,2021-10-04
36005022403,36005050400,149,2021-10-04
36005024700,36005050400,368,2021-10-04
36005025200,36005050400,164,2021-10-04
36005025600,36005050400,176,2021-10-04
36005027402,36005050400,261,2021-10-04
36005028400,36005050400,170,2021-10-04
36005029600,36005050400,319,2021-10-04
36005030000,36005050400,201,2021-10-04
36005033400,36005050400,172,2021-10-04
36005035600,36005050400,175,2021-10-04
36005038100,36005050400,136,2021-10-04
36005039700,36005050400,161,2021-10-04
36005039800,36005050400,228,2021-10-04
36005042000,36005050400,172,2021-10-04
36005046201,36005050400,756,2021-10-04
36005046202,36005050400,146,2021-10-04
36047034500,36005050400,359,2021-10-04
36047114400,36005050400,157,2021-10-04
36059408900,36005050400,125,2021-10-04
36061011800,36005050400,124,2021-10-04
36061014300,36005050400,166,2021-10-04
36061020800,36005050400,124,2021-10-04
36005003900,36005050400,130,2021-10-11
36005004200,36005050400,121,2021-10-11
36005004400,36005050400,139,2021-10-11
36005005001,36005050400,139,2021-10-11
36005005400,36005050400,179,2021-10-11
36005006700,36005050400,159,2021-10-11
36005006800,36005050400,164,2021-10-11
36005009800,36005050400,190,2021-10-11
36005012300,36005050400,161,2021-10-11
36005013100,36005050400,125,2021-10-11
36005014300,36005050400,143,2021-10-11
36005014500,36005050400,266,2021-10-11
36005017701,36005050400,173,2021-10-11
36005022200,36005050400,141,2021-10-11
36005023200,36005050400,142,2021-10-11
36005025400,36005050400,195,2021-10-11
36005025600,36005050400,166,2021-10-11
36005027600,36005050400,170,2021-10-11
36005029600,36005050400,151,2021-10-11
36005030200,36005050400,343,2021-10-11
36005031000,36005050400,297,2021-10-11
36005031600,36005050400,193,2021-10-11
36005033400,36005050400,323,2021-10-11
36005034200,36005050400,129,2021-10-11
36005034800,36005050400,170,2021-10-11
36005035600,36005050400,369,2021-10-11
36005039500,36005050400,166,2021-10-11
36005039700,36005050400,141,2021-10-11
36005046201,36005050400,1029,2021-10-11
36005046202,36005050400,599,2021-10-11
36005051600,36005050400,125,2021-10-11
36047017700,36005050400,140,2021-10-11
36047034500,36005050400,128,2021-10-11
36061003200,36005050400,138,2021-10-11
36061005600,36005050400,135,2021-10-11
36061006400,36005050400,167,2021-10-11
36061008601,36005050400,145,2021-10-11
36061014300,36005050400,333,2021-10-11
36061019800,36005050400,156,2021-10-11
36061020701,36005050400,151,2021-10-11
36061020800,36005050400,169,2021-10-11
36081029700,36005050400,162,2021-10-11
36081038302,36005050400,166,2021-10-11
36005000200,36005050400,174,2021-10-18
36005001600,36005050400,187,2021-10-18
36005002400,36005050400,184,2021-10-18
36005003900,36005050400,163,2021-10-18
36005004200,36005050400,429,2021-10-18
36005004800,36005050400,168,2021-10-18
36005006300,36005050400,135,2021-10-18
36005006700,36005050400,184,2021-10-18
36005008600,36005050400,251,2021-10-18
36005009600,36005050400,190,2021-10-18
36005012300,36005050400,175,2021-10-18
36005013100,36005050400,196,2021-10-18
36005014500,36005050400,118,2021-10-18
36005020000,36005050400,284,2021-10-18
36005020400,36005050400,149,2021-10-18
36005020900,36005050400,161,2021-10-18
36005021602,36005050400,146,2021-10-18
36005023800,36005050400,129,2021-10-18
36005024700,36005050400,145,2021-10-18
36005025600,36005050400,150,2021-10-18
36005027402,36005050400,339,2021-10-18
36005028400,36005050400,151,2021-10-18
36005030200,36005050400,229,2021-10-18
36005031000,36005050400,143,2021-10-18
36005033400,36005050400,170,2021-10-18
36005038100,36005050400,289,2021-10-18
36005038302,36005050400,136,2021-10-18
36005045600,36005050400,123,2021-10-18
36005046201,36005050400,1019,2021-10-18
36005046202,36005050400,407,2021-10-18
36005050400,36005050400,147,2021-10-18
36047031500,36005050400,159,2021-10-18
36047038500,36005050400,170,2021-10-18
36047050700,36005050400,132,2021-10-18
36047079200,36005050400,257,2021-10-18
36047114400,36005050400,210,2021-10-18
36061001501,36005050400,120,2021-10-18
36061003200,36005050400,132,2021-10-18
36061016800,36005050400,134,2021-10-18
36061025300,36005050400,187,2021-10-18
36061027100,36005050400,110,2021-10-18
36119002700,36005050400,243,2021-10-18
36119005701,36005050400,124,2021-10-18
36005004200,36005050400,455,2021-10-25
36005004300,36005050400,191,2021-10-25
36005004800,36005050400,306,2021-10-25
36005005400,36005050400,251,2021-10-25
36005006300,36005050400,144,2021-10-25
36005006800,36005050400,141,2021-10-25
36005007000,36005050400,271,2021-10-25
36005007300,36005050400,143,2021-10-25
36005012300,36005050400,291,2021-10-25
36005014500,36005050400,691,2021-10-25
36005014900,36005050400,146,2021-10-25
36005015100,36005050400,152,2021-10-25
36005017701,36005050400,315,2021-10-25
36005018400,36005050400,283,2021-10-25
36005020000,36005050400,125,2021-10-25
36005021002,36005050400,140,2021-10-25
36005021200,36005050400,130,2021-10-25
36005021601,36005050400,140,2021-10-25
36005023800,36005050400,133,2021-10-25
36005024700,36005050400,301,2021-10-25
36005030200,36005050400,396,2021-10-25
36005033400,36005050400,303,2021-10-25
36005035600,36005050400,176,2021-10-25
36005046201,36005050400,1901,2021-10-25
36005046202,36005050400,187,2021-10-25
36047079200,36005050400,148,2021-10-25
36047105801,36005050400,187,2021-10-25
36047114400,36005050400,139,2021-10-25
36047119600,36005050400,233,2021-10-25
36061003100,36005050400,262,2021-10-25
36061006100,36005050400,133,2021-10-25
36061014300,36005050400,326,2021-10-25
36061016800,36005050400,181,2021-10-25
36061019900,36005050400,146,2021-10-25
36061021200,36005050400,159,2021-10-25
36081006100,36005050400,170,2021-10-25
36081064102,36005050400,158,2021-10-25
36081087100,36005050400,386,2021-10-25
36119002700,36005050400,160,2021-10-25
36119005702,36005050400,195,2021-10-25
36119006000,36005050400,185,2021-10-25
36119009100,36005050400,122,2021-10-25
36119009300,36005050400,228,2021-10-25
34017000400,36005050400,111,2021-11-01
36005002000,36005050400,151,2021-11-01
36005004200,36005050400,167,2021-11-01
36005006300,36005050400,905,2021-11-01
36005006700,36005050400,187,2021-11-01
36005006800,36005050400,194,2021-11-01
36005007200,36005050400,256,2021-11-01
36005008600,36005050400,214,2021-11-01
36005009000,36005050400,151,2021-11-01
36005009300,36005050400,242,2021-11-01
36005014500,36005050400,316,2021-11-01
36005021001,36005050400,370,2021-11-01
36005021002,36005050400,178,2021-11-01
36005021601,36005050400,151,2021-11-01
36005024700,36005050400,142,2021-11-01
36005026400,36005050400,143,2021-11-01
36005027600,36005050400,181,2021-11-01
36005028400,36005050400,334,2021-11-01
36005030200,36005050400,435,2021-11-01
36005031000,36005050400,150,2021-11-01
36005032600,36005050400,159,2021-11-01
36005035600,36005050400,175,2021-11-01
36005036300,36005050400,134,2021-11-01
36005038301,36005050400,262,2021-11-01
36005039700,36005050400,150,2021-11-01
36005045800,36005050400,169,2021-11-01
36005046201,36005050400,1630,2021-11-01
36005046202,36005050400,181,2021-11-01
36005048400,36005050400,122,2021-11-01
36047002200,36005050400,118,2021-11-01
36047042900,36005050400,266,2021-11-01
36047050700,36005050400,132,2021-11-01
36061014300,36005050400,622,2021-11-01
36061028700,36005050400,159,2021-11-01
36119002700,36005050400,162,2021-11-01
36119006000,36005050400,131,2021-11-01
36005002800,36005050400,142,2021-11-08
36005003900,36005050400,129,2021-11-08
36005006300,36005050400,275,2021-11-08
36005007000,36005050400,331,2021-11-08
36005007800,36005050400,359,2021-11-08
36005009000,36005050400,230,2021-11-08
36005017701,36005050400,395,2021-11-08
36005021601,36005050400,154,2021-11-08
36005022200,36005050400,178,2021-11-08
36005024700,36005050400,143,2021-11-08
36005028400,36005050400,171,2021-11-08
36005031000,36005050400,140,2021-11-08
36005033400,36005050400,172,2021-11-08
36005034800,36005050400,146,2021-11-08
36005035600,36005050400,178,2021-11-08
36005046201,36005050400,1237,2021-11-08
36005046202,36005050400,186,2021-11-08
36047119600,36005050400,135,2021-11-08
36061000900,36005050400,151,2021-11-08
36061004800,36005050400,199,2021-11-08
36061010100,36005050400,156,2021-11-08
36061015400,36005050400,126,2021-11-08
36061019800,36005050400,180,2021-11-08
36081019200,36005050400,182,2021-11-08
36005000400,36005050400,145,2021-11-15
36005003900,36005050400,125,2021-11-15
36005004200,36005050400,259,2021-11-15
36005006800,36005050400,228,2021-11-15
36005007300,36005050400,149,2021-11-15
36005009200,36005050400,128,2021-11-15
36005012101,36005050400,157,2021-11-15
36005013100,36005050400,139,2021-11-15
36005020200,36005050400,132,2021-11-15
36005021001,36005050400,147,2021-11-15
36005021601,36005050400,149,2021-11-15
36005022200,36005050400,192,2021-11-15
36005027600,36005050400,160,2021-11-15
36005028400,36005050400,293,2021-11-15
36005030200,36005050400,364,2021-11-15
36005031000,36005050400,139,2021-11-15
36005034800,36005050400,186,2021-11-15
36005035600,36005050400,198,2021-11-15
36005036300,36005050400,146,2021-11-15
36005039902,36005050400,123,2021-11-15
36005043400,36005050400,159,2021-11-15
36005046201,36005050400,1484,2021-11-15
36005046202,36005050400,173,2021-11-15
36005048400,36005050400,153,2021-11-15
36047033500,36005050400,170,2021-11-15
36047035900,36005050400,167,2021-11-15
36047051100,36005050400,130,2021-11-15
36047079200,36005050400,144,2021-11-15
36047119600,36005050400,164,2021-11-15
36061005200,36005050400,126,2021-11-15
36061006100,36005050400,135,2021-11-15
36061006500,36005050400,125,2021-11-15
36061006600,36005050400,127,2021-11-15
36061007600,36005050400,109,2021-11-15
36061010100,36005050400,111,2021-11-15
36061014300,36005050400,361,2021-11-15
36061016800,36005050400,184,2021-11-15
36061023600,36005050400,134,2021-11-15
36119002700,36005050400,154,2021-11-15
36005000400,36005050400,95,2021-11-22
36005002000,36005050400,74,2021-11-22
36005002400,36005050400,112,2021-11-22
36005004200,36005050400,114,2021-11-22
36005004400,36005050400,114,2021-11-22
36005005001,36005050400,109,2021-11-22
36005005400,36005050400,263,2021-11-22
36005006300,36005050400,201,2021-11-22
36005007800,36005050400,191,2021-11-22
36005009800,36005050400,111,2021-11-22
36005012300,36005050400,188,2021-11-22
36005013100,36005050400,100,2021-11-22
36005016200,36005050400,124,2021-11-22
36005017701,36005050400,205,2021-11-22
36005019500,36005050400,126,2021-11-22
36005020400,36005050400,82,2021-11-22
36005021200,36005050400,96,2021-11-22
36005021302,36005050400,116,2021-11-22
36005021601,36005050400,105,2021-11-22
36005022500,36005050400,120,2021-11-22
36005024700,36005050400,291,2021-11-22
36005025300,36005050400,98,2021-11-22
36005027600,36005050400,112,2021-11-22
36005030200,36005050400,127,2021-11-22
36005031000,36005050400,104,2021-11-22
36005034800,36005050400,125,2021-11-22
36005035600,36005050400,113,2021-11-22
36005036300,36005050400,325,2021-11-22
36005046201,36005050400,868,2021-11-22
36005046202,36005050400,86,2021-11-22
36005050400,36005050400,95,2021-11-22
36047017700,36005050400,112,2021-11-22
36047052500,36005050400,133,2021-11-22
36061001501,36005050400,114,2021-11-22
36061001502,36005050400,111,2021-11-22
36061006600,36005050400,106,2021-11-22
36061007600,36005050400,76,2021-11-22
36061010100,36005050400,79,2021-11-22
36061010601,36005050400,106,2021-11-22
36119002202,36005050400,117,2021-11-22
36119004500,36005050400,114,2021-11-22
36119005500,36005050400,83,2021-11-22
34039033500,36005050400,85,2021-11-29
36005004200,36005050400,161,2021-11-29
36005004800,36005050400,96,2021-11-29
36005006300,36005050400,346,2021-11-29
36005006700,36005050400,104,2021-11-29
36005007400,36005050400,170,2021-11-29
36005007800,36005050400,118,2021-11-29
36005014500,36005050400,113,2021-11-29
36005015700,36005050400,113,2021-11-29
36005017500,36005050400,111,2021-11-29
36005017702,36005050400,138,2021-11-29
36005031000,36005050400,110,2021-11-29
36005033400,36005050400,190,2021-11-29
36005034800,36005050400,118,2021-11-29
36005036300,36005050400,109,2021-11-29
36005038100,36005050400,88,2021-11-29
36005046201,36005050400,1014,2021-11-29
36005050400,36005050400,278,2021-11-29
36061007600,36005050400,91,2021-11-29
36061007700,36005050400,105,2021-11-29
36061009400,36005050400,111,2021-11-29
36061016500,36005050400,87,2021-11-29
36061020800,36005050400,110,2021-11-29
34027041000,36005050400,77,2021-12-06
36005004200,36005050400,143,2021-12-06
36005004600,36005050400,101,2021-12-06
36005006300,36005050400,310,2021-12-06
36005006800,36005050400,230,2021-12-06
36005007200,36005050400,102,2021-12-06
36005007300,36005050400,108,2021-12-06
36005011000,36005050400,320,2021-12-06
36005013100,36005050400,104,2021-12-06
36005014500,36005050400,111,2021-12-06
36005022403,36005050400,113,2021-12-06
36005022702,36005050400,105,2021-12-06
36005022800,36005050400,161,2021-12-06
36005028400,36005050400,119,2021-12-06
36005030200,36005050400,181,2021-12-06
36005034800,36005050400,140,2021-12-06
36005038100,36005050400,101,2021-12-06
36005039700,36005050400,121,2021-12-06
36005046201,36005050400,594,2021-12-06
36005048400,36005050400,119,2021-12-06
36005051600,36005050400,117,2021-12-06
36047038500,36005050400,111,2021-12-06
36047059100,36005050400,91,2021-12-06
36047068000,36005050400,151,2021-12-06
36061014300,36005050400,241,2021-12-06
36061016800,36005050400,147,2021-12-06
36005005100,36005050400,107,2021-12-13
36005006300,36005050400,147,2021-12-13
36005007300,36005050400,120,2021-12-13
36005011000,36005050400,182,2021-12-13
36005014500,36005050400,108,2021-12-13
36005016200,36005050400,187,2021-12-13
36005024800,36005050400,129,2021-12-13
36005030200,36005050400,162,2021-12-13
36005033400,36005050400,374,2021-12-13
36005041400,36005050400,126,2021-12-13
36005046201,36005050400,673,2021-12-13
36005051600,36005050400,118,2021-12-13
36047037900,36005050400,107,2021-12-13
36047038500,36005050400,106,2021-12-13
36059300900,36005050400,136,2021-12-13
34013023200,36005050400,258,2021-12-20
34017000400,36005050400,95,2021-12-20
36005000100,36005050400,278,2021-12-20
36005007000,36005050400,150,2021-12-20
36005021601,36005050400,114,2021-12-20
36005027402,36005050400,165,2021-12-20
36005028400,36005050400,129,2021-12-20
36005031000,36005050400,112,2021-12-20
36005035600,36005050400,123,2021-12-20
36005046201,36005050400,176,2021-12-20
36061027300,36005050400,121,2021-12-20
34013023200,36005050400,103,2021-12-27
36005003900,36005050400,113,2021-12-27
36005011000,36005050400,137,2021-12-27
36005026602,36005050400,128,2021-12-27
36005027600,36005050400,139,2021-12-27
36005028400,36005050400,181,2021-12-27
36005031000,36005050400,117,2021-12-27
36005035600,36005050400,123,2021-12-27
36005040100,36005050400,107,2021-12-27
36005046201,36005050400,133,2021-12-27
36005050400,36005050400,357,2021-12-27
36047119600,36005050400,115,2021-12-27
34017018301,36005050400,121,2022-01-03
36005004200,36005050400,267,2022-01-03
36005021001,36005050400,127,2022-01-03
36005028800,36005050400,134,2022-01-03
36005030200,36005050400,176,2022-01-03
36005033400,36005050400,101,2022-01-03
36005035600,36005050400,133,2022-01-03
36005039700,36005050400,148,2022-01-03
36005046201,36005050400,124,2022-01-03
36047094600,36005050400,122,2022-01-03
36061010601,36005050400,109,2022-01-03
36005023200,36005050400,104,2022-01-10
36005030200,36005050400,138,2022-01-10
36061014300,36005050400,114,2022-01-10
36005015700,36005050400,122,2022-01-17
36005027600,36005050400,257,2022-01-17
36005046202,36005050400,133,2022-01-17
36005050400,36005050400,150,2022-01-17
36047050700,36005050400,104,2022-01-17
36119006300,36005050400,142,2022-01-17
36005004800,36005050400,176,2022-01-24
36005013100,36005050400,125,2022-01-24
36005014400,36005050400,114,2022-01-24
36005029600,36005050400,268,2022-01-24
36047042900,36005050400,173,2022-01-24
36047119600,36005050400,141,2022-01-24
36005012300,36005050400,127,2022-01-31
36005015200,36005050400,111,2022-01-31
36005050400,36005050400,141,2022-01-31
36061014300,36005050400,131,2022-01-31
36081007300,36005050400,108,2022-01-31
36005004001,36005050400,158,2022-02-07
36005046201,36005050400,164,2022-02-07
36005050400,36005050400,280,2022-02-07
36119001700,36005050400,118,2022-02-07
36005009300,36005050400,99,2022-02-14
36005014500,36005050400,118,2022-02-14
36005031000,36005050400,122,2022-02-14
36005046201,36005050400,100,2022-02-14
36005050400,36005050400,155,2022-02-14
36047037900,36005050400,111,2022-02-14
36047042900,36005050400,107,2022-02-14
36047055500,36005050400,157,2022-02-14
36061010900,36005050400,110,2022-02-14
36061011800,36005050400,104,2022-02-14
36061014300,36005050400,112,2022-02-14
36081054000,36005050400,129,2022-02-14
36119001700,36005050400,163,2022-02-14
34013009300,36005050400,70,2022-02-21
34027041601,36005050400,115,2022-02-21
36005003900,36005050400,75,2022-02-21
36005004200,36005050400,98,2022-02-21
36005005400,36005050400,93,2022-02-21
36005006800,36005050400,107,2022-02-21
36005014500,36005050400,87,2022-02-21
36005021001,36005050400,97,2022-02-21
36005022200,36005050400,77,2022-02-21
36005023200,36005050400,90,2022-02-21
36005035600,36005050400,128,2022-02-21
36005042100,36005050400,110,2022-02-21
36005043100,36005050400,84,2022-02-21
36005046201,36005050400,498,2022-02-21
36005046202,36005050400,147,2022-02-21
36005050400,36005050400,90,2022-02-21
36047034200,36005050400,120,2022-02-21
36047051900,36005050400,86,2022-02-21
36047052500,36005050400,76,2022-02-21
36061007700,36005050400,84,2022-02-21
36061009400,36005050400,87,2022-02-21
36061015400,36005050400,92,2022-02-21
36081068300,36005050400,95,2022-02-21
36085029103,36005050400,70,2022-02-21
36119003900,36005050400,107,2022-02-21
36119006900,36005050400,81,2022-02-21
36119007900,36005050400,112,2022-02-21
34003015500,36005050400,110,2022-02-28
36005001900,36005050400,57,2022-02-28
36005003900,36005050400,68,2022-02-28
36005004200,36005050400,216,2022-02-28
36005004800,36005050400,82,2022-02-28
36005006100,36005050400,117,2022-02-28
36005006300,36005050400,90,2022-02-28
36005006700,36005050400,130,2022-02-28
36005006800,36005050400,74,2022-02-28
36005012300,36005050400,81,2022-02-28
36005014900,36005050400,76,2022-02-28
36005015100,36005050400,84,2022-02-28
36005019900,36005050400,75,2022-02-28
36005020000,36005050400,84,2022-02-28
36005023200,36005050400,77,2022-02-28
36005027402,36005050400,235,2022-02-28
36005028400,36005050400,230,2022-02-28
36005031000,36005050400,101,2022-02-28
36005032600,36005050400,84,2022-02-28
36005033400,36005050400,78,2022-02-28
36005035600,36005050400,226,2022-02-28
36005036300,36005050400,99,2022-02-28
36005038100,36005050400,67,2022-02-28
36005043100,36005050400,57,2022-02-28
36005046201,36005050400,486,2022-02-28
36005046202,36005050400,152,2022-02-28
36005050400,36005050400,179,2022-02-28
36047027900,36005050400,80,2022-02-28
36047037900,36005050400,71,2022-02-28
36061004800,36005050400,75,2022-02-28
36061006100,36005050400,62,2022-02-28
36061006200,36005050400,77,2022-02-28
36061007100,36005050400,68,2022-02-28
36061008603,36005050400,62,2022-02-28
36061014802,36005050400,83,2022-02-28
36061024700,36005050400,99,2022-02-28
36081003700,36005050400,72,2022-02-28
36103111201,36005050400,78,2022-02-28
36119008100,36005050400,82,2022-02-28
34013007000,36005050400,70,2022-03-07
36005004800,36005050400,100,2022-03-07
36005005400,36005050400,151,2022-03-07
36005006800,36005050400,152,2022-03-07
36005007300,36005050400,74,2022-03-07
36005017300,36005050400,80,2022-03-07
36005022901,36005050400,110,2022-03-07
36005028400,36005050400,102,2022-03-07
36005029600,36005050400,116,2022-03-07
36005031000,36005050400,82,2022-03-07
36005033600,36005050400,102,2022-03-07
36005035600,36005050400,144,2022-03-07
36005036300,36005050400,75,2022-03-07
36005042100,36005050400,124,2022-03-07
36005046201,36005050400,472,2022-03-07
36005046202,36005050400,102,2022-03-07
36005050400,36005050400,132,2022-03-07
36047042900,36005050400,74,2022-03-07
36047044300,36005050400,63,2022-03-07
36047077400,36005050400,93,2022-03-07
36047083600,36005050400,93,2022-03-07
36061009400,36005050400,88,2022-03-07
36061012700,36005050400,173,2022-03-07
36061012900,36005050400,152,2022-03-07
36081122702,36005050400,70,2022-03-07
36081136700,36005050400,96,2022-03-07
36119002600,36005050400,74,2022-03-07
36119005902,36005050400,130,2022-03-07
36005002400,36005050400,97,2022-03-14
36005004200,36005050400,255,2022-03-14
36005005400,36005050400,110,2022-03-14
36005006500,36005050400,116,2022-03-14
36005006800,36005050400,152,2022-03-14
36005007300,36005050400,70,2022-03-14
36005007800,36005050400,115,2022-03-14
36005012102,36005050400,89,2022-03-14
36005012300,36005050400,86,2022-03-14
36005021001,36005050400,80,2022-03-14
36005024502,36005050400,86,2022-03-14
36005025200,36005050400,86,2022-03-14
36005027600,36005050400,201,2022-03-14
36005028400,36005050400,132,2022-03-14
36005031000,36005050400,83,2022-03-14
36005035600,36005050400,151,2022-03-14
36005036300,36005050400,71,2022-03-14
36005040400,36005050400,87,2022-03-14
36005046201,36005050400,64,2022-03-14
36005046202,36005050400,228,2022-03-14
36005050400,36005050400,178,2022-03-14
36047102800,36005050400,112,2022-03-14
36047119600,36005050400,70,2022-03-14
36061001501,36005050400,85,2022-03-14
36061006600,36005050400,87,2022-03-14
36061009400,36005050400,87,2022-03-14
36061019500,36005050400,78,2022-03-14
36061026100,36005050400,75,2022-03-14
36081038302,36005050400,81,2022-03-14
36081071600,36005050400,72,2022-03-14
36081099900,36005050400,126,2022-03-14
36081144700,36005050400,72,2022-03-14
36119002700,36005050400,83,2022-03-14
36119003200,36005050400,112,2022-03-14
36119005901,36005050400,93,2022-03-14
36119009300,36005050400,151,2022-03-14
34013009300,36005050400,67,2022-03-21
36005003900,36005050400,121,2022-03-21
36005004200,36005050400,257,2022-03-21
36005005400,36005050400,86,2022-03-21
36005006800,36005050400,89,2022-03-21
36005007200,36005050400,67,2022-03-21
36005008600,36005050400,105,2022-03-21
36005013100,36005050400,72,2022-03-21
36005015700,36005050400,162,2022-03-21
36005025100,36005050400,88,2022-03-21
36005025200,36005050400,232,2022-03-21
36005027402,36005050400,61,2022-03-21
36005028400,36005050400,91,2022-03-21
36005030000,36005050400,69,2022-03-21
36005034200,36005050400,98,2022-03-21
36005035600,36005050400,87,2022-03-21
36005046201,36005050400,87,2022-03-21
36005046202,36005050400,97,2022-03-21
36005048400,36005050400,73,2022-03-21
36005050400,36005050400,216,2022-03-21
36047001100,36005050400,64,2022-03-21
36047037700,36005050400,84,2022-03-21
36047038500,36005050400,77,2022-03-21
36047079200,36005050400,82,2022-03-21
36061008601,36005050400,78,2022-03-21
36061010601,36005050400,73,2022-03-21
36081033100,36005050400,81,2022-03-21
36081071600,36005050400,69,2022-03-21
36081072900,36005050400,80,2022-03-21
36081085700,36005050400,96,2022-03-21
36119002600,36005050400,58,2022-03-21
36119006400,36005050400,81,2022-03-21
36119009702,36005050400,98,2022-03-21
34017016900,36005050400,88,2022-03-28
36005002400,36005050400,98,2022-03-28
36005003900,36005050400,72,2022-03-28
36005006800,36005050400,174,2022-03-28
36005007000,36005050400,99,2022-03-28
36005008600,36005050400,128,2022-03-28
36005012300,36005050400,84,2022-03-28
36005022701,36005050400,99,2022-03-28
36005027402,36005050400,123,2022-03-28
36005027600,36005050400,132,2022-03-28
36005028400,36005050400,199,2022-03-28
36005031000,36005050400,82,2022-03-28
36005035600,36005050400,127,2022-03-28
36005038700,36005050400,83,2022-03-28
36005043400,36005050400,109,2022-03-28
36005046201,36005050400,175,2022-03-28
36005046202,36005050400,252,2022-03-28
36047042900,36005050400,73,2022-03-28
36059300900,36005050400,99,2022-03-28
36061005200,36005050400,90,2022-03-28
36061007700,36005050400,77,2022-03-28
36081005700,36005050400,76,2022-03-28
36081016100,36005050400,91,2022-03-28
36081038302,36005050400,146,2022-03-28
36081071600,36005050400,93,2022-03-28
36119006500,36005050400,86,2022-03-28
36005002000,36005050400,93,2022-04-04
36005004200,36005050400,76,2022-04-04
36005004400,36005050400,73,2022-04-04
36005005400,36005050400,115,2022-04-04
36005008600,36005050400,112,2022-04-04
36005009000,36005050400,144,2022-04-04
36005013800,36005050400,84,2022-04-04
36005016200,36005050400,102,2022-04-04
36005021601,36005050400,180,2022-04-04
36005022000,36005050400,109,2022-04-04
36005022200,36005050400,122,2022-04-04
36005022701,36005050400,120,2022-04-04
36005026400,36005050400,90,2022-04-04
36005027402,36005050400,77,2022-04-04
36005028400,36005050400,98,2022-04-04
36005035600,36005050400,134,2022-04-04
36005046201,36005050400,377,2022-04-04
36005046202,36005050400,230,2022-04-04
36005050400,36005050400,281,2022-04-04
36047050700,36005050400,81,2022-04-04
36061015400,36005050400,113,2022-04-04
36081087100,36005050400,88,2022-04-04
36119005400,36005050400,208,2022-04-04
36005005400,36005050400,107,2022-04-11
36005006300,36005050400,117,2022-04-11
36005014500,36005050400,85,2022-04-11
36005022701,36005050400,93,2022-04-11
36005026300,36005050400,93,2022-04-11
36005034800,36005050400,98,2022-04-11
36005040400,36005050400,89,2022-04-11
36005046201,36005050400,92,2022-04-11
36005050400,36005050400,348,2022-04-11
36047030700,36005050400,81,2022-04-11
36119005500,36005050400,124,2022-04-11
36005003900,36005050400,79,2022-04-18
36005004200,36005050400,95,2022-04-18
36005006800,36005050400,441,2022-04-18
36005007300,36005050400,77,2022-04-18
36005015200,36005050400,90,2022-04-18
36005019700,36005050400,72,2022-04-18
36005022200,36005050400,92,2022-04-18
36005023200,36005050400,141,2022-04-18
36005028400,36005050400,88,2022-04-18
36005033400,36005050400,94,2022-04-18
36005035600,36005050400,107,2022-04-18
36005036300,36005050400,82,2022-04-18
36005038302,36005050400,107,2022-04-18
36005046201,36005050400,87,2022-04-18
36005050400,36005050400,98,2022-04-18
36047029900,36005050400,209,2022-04-18
36081010400,36005050400,101,2022-04-18
36081040400,36005050400,109,2022-04-18
36119001700,36005050400,124,2022-04-18
36119005701,36005050400,105,2022-04-18
36119006500,36005050400,94,2022-04-18
34003047100,36005050400,84,2022-04-25
34023005602,36005050400,66,2022-04-25
36005003900,36005050400,72,2022-04-25
36005004200,36005050400,94,2022-04-25
36005005002,36005050400,75,2022-04-25
36005005400,36005050400,221,2022-04-25
36005006800,36005050400,154,2022-04-25
36005014500,36005050400,86,2022-04-25
36005015200,36005050400,62,2022-04-25
36005021002,36005050400,79,2022-04-25
36005028400,36005050400,142,2022-04-25
36005031000,36005050400,74,2022-04-25
36005035600,36005050400,161,2022-04-25
36005036300,36005050400,66,2022-04-25
36005039700,36005050400,81,2022-04-25
36005040100,36005050400,85,2022-04-25
36005046201,36005050400,267,2022-04-25
36005046202,36005050400,192,2022-04-25
36005050400,36005050400,301,2022-04-25
36047042900,36005050400,204,2022-04-25
36047073400,36005050400,59,2022-04-25
36061020800,36005050400,74,2022-04-25
36061028300,36005050400,65,2022-04-25
36081018300,36005050400,79,2022-04-25
36119005701,36005050400,78,2022-04-25
36119006200,36005050400,107,2022-04-25
34027044404,36005027402,117,2019-12-30
36005001600,36005027402,120,2019-12-30
36005002800,36005027402,209,2019-12-30
36005003500,36005027402,124,2019-12-30
36005003900,36005027402,255,2019-12-30
36005004200,36005027402,477,2019-12-30
36005004300,36005027402,127,2019-12-30
36005005400,36005027402,144,2019-12-30
36005006800,36005027402,296,2019-12-30
36005007800,36005027402,186,2019-12-30
36005008500,36005027402,106,2019-12-30
36005009000,36005027402,1394,2019-12-30
36005009200,36005027402,283,2019-12-30
36005009600,36005027402,396,2019-12-30
36005009800,36005027402,109,2019-12-30
36005011800,36005027402,268,2019-12-30
36005012102,36005027402,155,2019-12-30
36005013000,36005027402,326,2019-12-30
36005013200,36005027402,111,2019-12-30
36005014400,36005027402,124,2019-12-30
36005015200,36005027402,409,2019-12-30
36005015500,36005027402,132,2019-12-30
36005015800,36005027402,121,2019-12-30
36005016000,36005027402,126,2019-12-30
36005016200,36005027402,425,2019-12-30
36005016400,36005027402,331,2019-12-30
36005016600,36005027402,117,2019-12-30
36005018400,36005027402,775,2019-12-30
36005019300,36005027402,122,2019-12-30
36005019400,36005027402,305,2019-12-30
36005019900,36005027402,137,2019-12-30
36005020000,36005027402,381,2019-12-30
36005020400,36005027402,144,2019-12-30
36005021900,36005027402,164,2019-12-30
36005022200,36005027402,102,2019-12-30
36005022404,36005027402,123,2019-12-30
36005022701,36005027402,149,2019-12-30
36005023100,36005027402,96,2019-12-30
36005023703,36005027402,136,2019-12-30
36005024400,36005027402,126,2019-12-30
36005024800,36005027402,105,2019-12-30
36005025200,36005027402,366,2019-12-30
36005025400,36005027402,146,2019-12-30
36005026400,36005027402,539,2019-12-30
36005026602,36005027402,3451,2019-12-30
36005027401,36005027402,1111,2019-12-30
36005027402,36005027402,2401,2019-12-30
36005027600,36005027402,317,2019-12-30
36005028400,36005027402,707,2019-12-30
36005028600,36005027402,433,2019-12-30
36005028800,36005027402,96,2019-12-30
36005029600,36005027402,362,2019-12-30
36005030000,36005027402,1534,2019-12-30
36005030200,36005027402,165,2019-12-30
36005031000,36005027402,466,2019-12-30
36005032300,36005027402,163,2019-12-30
36005032600,36005027402,152,2019-12-30
36005033400,36005027402,139,2019-12-30
36005033700,36005027402,113,2019-12-30
36005034800,36005027402,205,2019-12-30
36005038200,36005027402,140,2019-12-30
36005038700,36005027402,140,2019-12-30
36005042100,36005027402,119,2019-12-30
36005046201,36005027402,2207,2019-12-30
36005046202,36005027402,112,2019-12-30
36005048400,36005027402,119,2019-12-30
36005050400,36005027402,345,2019-12-30
36005051600,36005027402,428,2019-12-30
36047003300,36005027402,137,2019-12-30
36047024700,36005027402,114,2019-12-30
36047036100,36005027402,115,2019-12-30
36047057800,36005027402,172,2019-12-30
36059404400,36005027402,133,2019-12-30
36059406702,36005027402,136,2019-12-30
36061000900,36005027402,170,2019-12-30
36061005800,36005027402,126,2019-12-30
36061008400,36005027402,128,2019-12-30
36061008800,36005027402,271,2019-12-30
36061009200,36005027402,110,2019-12-30
36061009600,36005027402,126,2019-12-30
36061010400,36005027402,103,2019-12-30
36061011000,36005027402,120,2019-12-30
36061011600,36005027402,110,2019-12-30
36061011800,36005027402,102,2019-12-30
36061011900,36005027402,102,2019-12-30
36061013000,36005027402,121,2019-12-30
36061013700,36005027402,572,2019-12-30
36061014200,36005027402,119,2019-12-30
36061014300,36005027402,195,2019-12-30
36061015300,36005027402,345,2019-12-30
36061016100,36005027402,104,2019-12-30
36061016200,36005027402,180,2019-12-30
36061016500,36005027402,181,2019-12-30
36061016900,36005027402,126,2019-12-30
36061020600,36005027402,110,2019-12-30
36061021100,36005027402,109,2019-12-30
36061027100,36005027402,159,2019-12-30
36061028700,36005027402,125,2019-12-30
36081006100,36005027402,151,2019-12-30
36081007900,36005027402,144,2019-12-30
36081008300,36005027402,226,2019-12-30
36081019900,36005027402,132,2019-12-30
36081071600,36005027402,249,2019-12-30
36081079900,36005027402,155,2019-12-30
36081086900,36005027402,106,2019-12-30
36081099704,36005027402,152,2019-12-30
36081161700,36005027402,112,2019-12-30
36085000300,36005027402,121,2019-12-30
36085002100,36005027402,170,2019-12-30
36087011102,36005027402,107,2019-12-30
36103190401,36005027402,179,2019-12-30
36119000900,36005027402,161,2019-12-30
36119002000,36005027402,800,2019-12-30
36119002105,36005027402,317,2019-12-30
36119002600,36005027402,151,2019-12-30
36119005002,36005027402,255,2019-12-30
36119005300,36005027402,162,2019-12-30
36119005500,36005027402,546,2019-12-30
36119005701,36005027402,262,2019-12-30
36119005901,36005027402,112,2019-12-30
36119006000,36005027402,705,2019-12-30
36119006600,36005027402,109,2019-12-30
36119006801,36005027402,195,2019-12-30
36119006802,36005027402,335,2019-12-30
36119006900,36005027402,115,2019-12-30
36119007100,36005027402,224,2019-12-30
36119007800,36005027402,96,2019-12-30
36119008302,36005027402,209,2019-12-30
36119008800,36005027402,98,2019-12-30
36119009400,36005027402,323,2019-12-30
36119009701,36005027402,140,2019-12-30
36119010400,36005027402,322,2019-12-30
36119010701,36005027402,122,2019-12-30
36119010803,36005027402,106,2019-12-30
34003020200,36005027402,167,2020-01-06
34003030400,36005027402,91,2020-01-06
34003042500,36005027402,94,2020-01-06
36005001600,36005027402,390,2020-01-06
36005001900,36005027402,287,2020-01-06
36005002702,36005027402,99,2020-01-06
36005002800,36005027402,466,2020-01-06
36005003500,36005027402,146,2020-01-06
36005006100,36005027402,186,2020-01-06
36005006300,36005027402,92,2020-01-06
36005006500,36005027402,97,2020-01-06
36005007800,36005027402,244,2020-01-06
36005008900,36005027402,194,2020-01-06
36005009000,36005027402,1626,2020-01-06
36005009200,36005027402,183,2020-01-06
36005009300,36005027402,320,2020-01-06
36005009600,36005027402,616,2020-01-06
36005011800,36005027402,250,2020-01-06
36005013200,36005027402,283,2020-01-06
36005014400,36005027402,112,2020-01-06
36005015200,36005027402,797,2020-01-06
36005015800,36005027402,526,2020-01-06
36005016400,36005027402,258,2020-01-06
36005016600,36005027402,240,2020-01-06
36005018400,36005027402,410,2020-01-06
36005020000,36005027402,380,2020-01-06
36005020601,36005027402,140,2020-01-06
36005021602,36005027402,97,2020-01-06
36005022200,36005027402,90,2020-01-06
36005023301,36005027402,131,2020-01-06
36005025000,36005027402,324,2020-01-06
36005025200,36005027402,192,2020-01-06
36005026400,36005027402,1084,2020-01-06
36005026601,36005027402,526,2020-01-06
36005026602,36005027402,2987,2020-01-06
36005027401,36005027402,111,2020-01-06
36005027402,36005027402,1167,2020-01-06
36005027600,36005027402,139,2020-01-06
36005028300,36005027402,84,2020-01-06
36005028400,36005027402,1255,2020-01-06
36005028600,36005027402,108,2020-01-06
36005028800,36005027402,92,2020-01-06
36005029600,36005027402,276,2020-01-06
36005030000,36005027402,1469,2020-01-06
36005030200,36005027402,166,2020-01-06
36005031000,36005027402,569,2020-01-06
36005032600,36005027402,220,2020-01-06
36005033400,36005027402,274,2020-01-06
36005033700,36005027402,102,2020-01-06
36005033800,36005027402,131,2020-01-06
36005035800,36005027402,103,2020-01-06
36005039100,36005027402,331,2020-01-06
36005039700,36005027402,108,2020-01-06
36005040502,36005027402,114,2020-01-06
36005046201,36005027402,1124,2020-01-06
36005046202,36005027402,119,2020-01-06
36005050400,36005027402,117,2020-01-06
36005051600,36005027402,86,2020-01-06
36047003300,36005027402,122,2020-01-06
36047003500,36005027402,111,2020-01-06
36047013200,36005027402,130,2020-01-06
36047080800,36005027402,187,2020-01-06
36061000700,36005027402,130,2020-01-06
36061003200,36005027402,207,2020-01-06
36061004800,36005027402,83,2020-01-06
36061006400,36005027402,93,2020-01-06
36061007600,36005027402,138,2020-01-06
36061008000,36005027402,88,2020-01-06
36061009000,36005027402,287,2020-01-06
36061009200,36005027402,93,2020-01-06
36061010000,36005027402,128,2020-01-06
36061010100,36005027402,110,2020-01-06
36061010200,36005027402,255,2020-01-06
36061010800,36005027402,147,2020-01-06
36061011300,36005027402,116,2020-01-06
36061011600,36005027402,239,2020-01-06
36061012900,36005027402,165,2020-01-06
36061013000,36005027402,86,2020-01-06
36061013700,36005027402,165,2020-01-06
36061013900,36005027402,115,2020-01-06
36061014900,36005027402,192,2020-01-06
36061016900,36005027402,421,2020-01-06
36061017100,36005027402,88,2020-01-06
36061018200,36005027402,94,2020-01-06
36061018300,36005027402,167,2020-01-06
36061018900,36005027402,163,2020-01-06
36061022500,36005027402,125,2020-01-06
36061027700,36005027402,384,2020-01-06
36081008300,36005027402,147,2020-01-06
36081014400,36005027402,124,2020-01-06
36081015700,36005027402,125,2020-01-06
36081023000,36005027402,136,2020-01-06
36081030903,36005027402,99,2020-01-06
36081071600,36005027402,89,2020-01-06
36081085300,36005027402,122,2020-01-06
36081085900,36005027402,87,2020-01-06
36081086500,36005027402,106,2020-01-06
36081086900,36005027402,180,2020-01-06
36081087100,36005027402,212,2020-01-06
36081090700,36005027402,115,2020-01-06
36081091900,36005027402,108,2020-01-06
36081092900,36005027402,174,2020-01-06
36081146700,36005027402,110,2020-01-06
36085000300,36005027402,119,2020-01-06
36087013100,36005027402,162,2020-01-06
36103159106,36005027402,279,2020-01-06
36103169704,36005027402,83,2020-01-06
36119000802,36005027402,144,2020-01-06
36119001700,36005027402,346,2020-01-06
36119002000,36005027402,281,2020-01-06
36119002404,36005027402,88,2020-01-06
36119002600,36005027402,136,2020-01-06
36119004700,36005027402,115,2020-01-06
36119005001,36005027402,100,2020-01-06
36119005002,36005027402,212,2020-01-06
36119005100,36005027402,175,2020-01-06
36119005300,36005027402,85,2020-01-06
36119005400,36005027402,108,2020-01-06
36119005500,36005027402,275,2020-01-06
36119005701,36005027402,199,2020-01-06
36119006000,36005027402,629,2020-01-06
36119006500,36005027402,99,2020-01-06
36119006700,36005027402,182,2020-01-06
36119006801,36005027402,341,2020-01-06
36119006802,36005027402,253,2020-01-06
36119006900,36005027402,106,2020-01-06
36119007100,36005027402,245,2020-01-06
36119007900,36005027402,89,2020-01-06
36119008302,36005027402,242,2020-01-06
36119008500,36005027402,100,2020-01-06
36119009300,36005027402,89,2020-01-06
36119009400,36005027402,148,2020-01-06
36119010801,36005027402,96,2020-01-06
36119010803,36005027402,89,2020-01-06
36119981000,36005027402,227,2020-01-06
34003023501,36005027402,83,2020-01-13
34025808500,36005027402,81,2020-01-13
34025808701,36005027402,91,2020-01-13
36005001600,36005027402,165,2020-01-13
36005001900,36005027402,318,2020-01-13
36005002800,36005027402,293,2020-01-13
36005004400,36005027402,100,2020-01-13
36005006300,36005027402,250,2020-01-13
36005006900,36005027402,131,2020-01-13
36005007000,36005027402,124,2020-01-13
36005007800,36005027402,120,2020-01-13
36005009000,36005027402,1167,2020-01-13
36005009200,36005027402,239,2020-01-13
36005009600,36005027402,244,2020-01-13
36005011800,36005027402,232,2020-01-13
36005013200,36005027402,215,2020-01-13
36005015200,36005027402,413,2020-01-13
36005015800,36005027402,568,2020-01-13
36005016000,36005027402,117,2020-01-13
36005016200,36005027402,342,2020-01-13
36005016400,36005027402,676,2020-01-13
36005016500,36005027402,94,2020-01-13
36005016600,36005027402,144,2020-01-13
36005018400,36005027402,301,2020-01-13
36005019400,36005027402,190,2020-01-13
36005020000,36005027402,310,2020-01-13
36005021601,36005027402,143,2020-01-13
36005022403,36005027402,129,2020-01-13
36005022701,36005027402,217,2020-01-13
36005022901,36005027402,104,2020-01-13
36005023301,36005027402,121,2020-01-13
36005024400,36005027402,301,2020-01-13
36005024800,36005027402,198,2020-01-13
36005025200,36005027402,344,2020-01-13
36005025400,36005027402,92,2020-01-13
36005026400,36005027402,586,2020-01-13
36005026601,36005027402,225,2020-01-13
36005026602,36005027402,1889,2020-01-13
36005027401,36005027402,608,2020-01-13
36005027402,36005027402,1004,2020-01-13
36005027600,36005027402,296,2020-01-13
36005028400,36005027402,251,2020-01-13
36005028800,36005027402,105,2020-01-13
36005029600,36005027402,103,2020-01-13
36005030000,36005027402,1686,2020-01-13
36005031000,36005027402,115,2020-01-13
36005033600,36005027402,139,2020-01-13
36005034800,36005027402,127,2020-01-13
36005036901,36005027402,156,2020-01-13
36005037000,36005027402,94,2020-01-13
36005038900,36005027402,98,2020-01-13
36005039901,36005027402,149,2020-01-13
36005046000,36005027402,275,2020-01-13
36005046201,36005027402,855,2020-01-13
36005048400,36005027402,122,2020-01-13
36005050400,36005027402,463,2020-01-13
36005051600,36005027402,131,2020-01-13
36047001800,36005027402,111,2020-01-13
36047003300,36005027402,210,2020-01-13
36047003500,36005027402,113,2020-01-13
36047003700,36005027402,118,2020-01-13
36047080400,36005027402,129,2020-01-13
36061000900,36005027402,254,2020-01-13
36061001200,36005027402,206,2020-01-13
36061001300,36005027402,121,2020-01-13
36061003100,36005027402,146,2020-01-13
36061003800,36005027402,111,2020-01-13
36061005502,36005027402,103,2020-01-13
36061005700,36005027402,119,2020-01-13
36061007400,36005027402,103,2020-01-13
36061008000,36005027402,113,2020-01-13
36061008200,36005027402,123,2020-01-13
36061008400,36005027402,125,2020-01-13
36061009200,36005027402,191,2020-01-13
36061010000,36005027402,104,2020-01-13
36061011300,36005027402,110,2020-01-13
36061011900,36005027402,92,2020-01-13
36061012000,36005027402,204,2020-01-13
36061012100,36005027402,95,2020-01-13
36061012700,36005027402,108,2020-01-13
36061014000,36005027402,98,2020-01-13
36061014300,36005027402,311,2020-01-13
36061014602,36005027402,115,2020-01-13
36061014802,36005027402,177,2020-01-13
36061015001,36005027402,108,2020-01-13
36061015002,36005027402,101,2020-01-13
36061015400,36005027402,83,2020-01-13
36061016001,36005027402,109,2020-01-13
36061016500,36005027402,163,2020-01-13
36061016900,36005027402,210,2020-01-13
36061018800,36005027402,153,2020-01-13
36061019600,36005027402,91,2020-01-13
36061022800,36005027402,105,2020-01-13
36061023200,36005027402,120,2020-01-13
36061027700,36005027402,145,2020-01-13
36079011100,36005027402,117,2020-01-13
36081007100,36005027402,262,2020-01-13
36081007700,36005027402,177,2020-01-13
36081007900,36005027402,132,2020-01-13
36081008300,36005027402,170,2020-01-13
36081021200,36005027402,92,2020-01-13
36081033100,36005027402,276,2020-01-13
36081071600,36005027402,241,2020-01-13
36081085300,36005027402,92,2020-01-13
36081086900,36005027402,434,2020-01-13
36081090700,36005027402,417,2020-01-13
36081098700,36005027402,125,2020-01-13
36081103201,36005027402,123,2020-01-13
36081119100,36005027402,101,2020-01-13
36081145101,36005027402,131,2020-01-13
36087010801,36005027402,181,2020-01-13
36087013100,36005027402,315,2020-01-13
36103112102,36005027402,129,2020-01-13
36103112104,36005027402,122,2020-01-13
36119000500,36005027402,179,2020-01-13
36119001504,36005027402,200,2020-01-13
36119001700,36005027402,194,2020-01-13
36119002000,36005027402,408,2020-01-13
36119002600,36005027402,97,2020-01-13
36119003000,36005027402,132,2020-01-13
36119004800,36005027402,109,2020-01-13
36119005200,36005027402,269,2020-01-13
36119005300,36005027402,323,2020-01-13
36119005500,36005027402,174,2020-01-13
36119005701,36005027402,182,2020-01-13
36119005901,36005027402,159,2020-01-13
36119005902,36005027402,245,2020-01-13
36119006000,36005027402,376,2020-01-13
36119006600,36005027402,196,2020-01-13
36119006802,36005027402,199,2020-01-13
36119006900,36005027402,92,2020-01-13
36119008602,36005027402,236,2020-01-13
36119009300,36005027402,165,2020-01-13
36119010801,36005027402,124,2020-01-13
36119010803,36005027402,92,2020-01-13
34003030400,36005027402,114,2020-01-20
34029732001,36005027402,89,2020-01-20
36005001600,36005027402,347,2020-01-20
36005002702,36005027402,106,2020-01-20
36005002800,36005027402,255,2020-01-20
36005004400,36005027402,113,2020-01-20
36005006100,36005027402,319,2020-01-20
36005006300,36005027402,375,2020-01-20
36005006900,36005027402,163,2020-01-20
36005007200,36005027402,108,2020-01-20
36005007800,36005027402,259,2020-01-20
36005008300,36005027402,253,2020-01-20
36005008500,36005027402,134,2020-01-20
36005009000,36005027402,1315,2020-01-20
36005009200,36005027402,213,2020-01-20
36005011000,36005027402,173,2020-01-20
36005013100,36005027402,121,2020-01-20
36005013200,36005027402,414,2020-01-20
36005015200,36005027402,426,2020-01-20
36005015800,36005027402,225,2020-01-20
36005015900,36005027402,100,2020-01-20
36005016000,36005027402,123,2020-01-20
36005016200,36005027402,502,2020-01-20
36005016400,36005027402,534,2020-01-20
36005016600,36005027402,107,2020-01-20
36005018400,36005027402,617,2020-01-20
36005018900,36005027402,152,2020-01-20
36005020000,36005027402,498,2020-01-20
36005020601,36005027402,256,2020-01-20
36005022200,36005027402,113,2020-01-20
36005022403,36005027402,141,2020-01-20
36005024800,36005027402,93,2020-01-20
36005024900,36005027402,128,2020-01-20
36005025000,36005027402,210,2020-01-20
36005025200,36005027402,139,2020-01-20
36005025400,36005027402,327,2020-01-20
36005025600,36005027402,289,2020-01-20
36005026400,36005027402,174,2020-01-20
36005026601,36005027402,405,2020-01-20
36005026602,36005027402,1404,2020-01-20
36005027402,36005027402,1091,2020-01-20
36005027600,36005027402,147,2020-01-20
36005028400,36005027402,404,2020-01-20
36005029600,36005027402,107,2020-01-20
36005030000,36005027402,1468,2020-01-20
36005030200,36005027402,118,2020-01-20
36005031000,36005027402,471,2020-01-20
36005035600,36005027402,160,2020-01-20
36005038900,36005027402,106,2020-01-20
36005039000,36005027402,160,2020-01-20
36005039100,36005027402,102,2020-01-20
36005039700,36005027402,217,2020-01-20
36005042100,36005027402,307,2020-01-20
36005046201,36005027402,741,2020-01-20
36005046202,36005027402,350,2020-01-20
36005048400,36005027402,138,2020-01-20
36005050400,36005027402,135,2020-01-20
36005051600,36005027402,125,2020-01-20
36047003300,36005027402,175,2020-01-20
36047003700,36005027402,106,2020-01-20
36047081600,36005027402,207,2020-01-20
36059518900,36005027402,140,2020-01-20
36061001200,36005027402,120,2020-01-20
36061004500,36005027402,99,2020-01-20
36061006500,36005027402,96,2020-01-20
36061009100,36005027402,137,2020-01-20
36061009900,36005027402,98,2020-01-20
36061010100,36005027402,105,2020-01-20
36061011401,36005027402,178,2020-01-20
36061011600,36005027402,353,2020-01-20
36061012400,36005027402,116,2020-01-20
36061013100,36005027402,110,2020-01-20
36061013200,36005027402,154,2020-01-20
36061013700,36005027402,411,2020-01-20
36061013900,36005027402,124,2020-01-20
36061014300,36005027402,266,2020-01-20
36061014500,36005027402,100,2020-01-20
36061014802,36005027402,98,2020-01-20
36061015001,36005027402,149,2020-01-20
36061016500,36005027402,225,2020-01-20
36061017800,36005027402,99,2020-01-20
36061025700,36005027402,104,2020-01-20
36081007900,36005027402,135,2020-01-20
36081012301,36005027402,173,2020-01-20
36081016300,36005027402,116,2020-01-20
36081021200,36005027402,230,2020-01-20
36081025700,36005027402,152,2020-01-20
36081033100,36005027402,148,2020-01-20
36081086900,36005027402,256,2020-01-20
36081090700,36005027402,268,2020-01-20
36081092900,36005027402,494,2020-01-20
36081098700,36005027402,255,2020-01-20
36081129103,36005027402,125,2020-01-20
36081129104,36005027402,235,2020-01-20
36081152901,36005027402,107,2020-01-20
36087011102,36005027402,109,2020-01-20
36087013100,36005027402,175,2020-01-20
36119000401,36005027402,203,2020-01-20
36119000900,36005027402,260,2020-01-20
36119001600,36005027402,176,2020-01-20
36119001900,36005027402,131,2020-01-20
36119002000,36005027402,537,2020-01-20
36119002201,36005027402,130,2020-01-20
36119002404,36005027402,98,2020-01-20
36119004600,36005027402,96,2020-01-20
36119005002,36005027402,114,2020-01-20
36119005100,36005027402,308,2020-01-20
36119005300,36005027402,239,2020-01-20
36119005500,36005027402,310,2020-01-20
36119005701,36005027402,222,2020-01-20
36119005902,36005027402,121,2020-01-20
36119006000,36005027402,676,2020-01-20
36119006600,36005027402,169,2020-01-20
36119006700,36005027402,216,2020-01-20
36119006802,36005027402,428,2020-01-20
36119006900,36005027402,444,2020-01-20
36119007100,36005027402,132,2020-01-20
36119007200,36005027402,280,2020-01-20
36119009400,36005027402,343,2020-01-20
36119010100,36005027402,118,2020-01-20
36119010500,36005027402,108,2020-01-20
36119010701,36005027402,126,2020-01-20
36119010801,36005027402,101,2020-01-20
36119012102,36005027402,167,2020-01-20
36119013500,36005027402,155,2020-01-20
36119014805,36005027402,221,2020-01-20
36119981000,36005027402,119,2020-01-20
34013016100,36005027402,194,2020-01-27
34013980200,36005027402,126,2020-01-27
34025808600,36005027402,82,2020-01-27
34039034000,36005027402,119,2020-01-27
36005001600,36005027402,269,2020-01-27
36005002702,36005027402,118,2020-01-27
36005004200,36005027402,112,2020-01-27
36005004400,36005027402,123,2020-01-27
36005007500,36005027402,108,2020-01-27
36005007600,36005027402,142,2020-01-27
36005009000,36005027402,1221,2020-01-27
36005009200,36005027402,271,2020-01-27
36005009300,36005027402,147,2020-01-27
36005009600,36005027402,338,2020-01-27
36005009800,36005027402,274,2020-01-27
36005011800,36005027402,148,2020-01-27
36005012300,36005027402,144,2020-01-27
36005013000,36005027402,115,2020-01-27
36005013200,36005027402,390,2020-01-27
36005015200,36005027402,216,2020-01-27
36005015800,36005027402,260,2020-01-27
36005016200,36005027402,372,2020-01-27
36005016400,36005027402,534,2020-01-27
36005016500,36005027402,127,2020-01-27
36005016600,36005027402,325,2020-01-27
36005017300,36005027402,146,2020-01-27
36005018400,36005027402,1060,2020-01-27
36005018900,36005027402,398,2020-01-27
36005020000,36005027402,615,2020-01-27
36005020200,36005027402,418,2020-01-27
36005021002,36005027402,174,2020-01-27
36005021601,36005027402,299,2020-01-27
36005023200,36005027402,151,2020-01-27
36005023800,36005027402,100,2020-01-27
36005024400,36005027402,141,2020-01-27
36005024800,36005027402,113,2020-01-27
36005024900,36005027402,173,2020-01-27
36005025000,36005027402,232,2020-01-27
36005025600,36005027402,297,2020-01-27
36005026400,36005027402,171,2020-01-27
36005026601,36005027402,230,2020-01-27
36005026602,36005027402,2998,2020-01-27
36005027401,36005027402,152,2020-01-27
36005027402,36005027402,2524,2020-01-27
36005027600,36005027402,158,2020-01-27
36005028400,36005027402,543,2020-01-27
36005028600,36005027402,235,2020-01-27
36005028800,36005027402,107,2020-01-27
36005029600,36005027402,202,2020-01-27
36005030000,36005027402,1595,2020-01-27
36005031000,36005027402,223,2020-01-27
36005032300,36005027402,222,2020-01-27
36005033400,36005027402,128,2020-01-27
36005034000,36005027402,175,2020-01-27
36005038000,36005027402,195,2020-01-27
36005038700,36005027402,139,2020-01-27
36005039000,36005027402,358,2020-01-27
36005039700,36005027402,239,2020-01-27
36005039902,36005027402,101,2020-01-27
36005040900,36005027402,192,2020-01-27
36005042100,36005027402,116,2020-01-27
36005042300,36005027402,177,2020-01-27
36005043500,36005027402,147,2020-01-27
36005045102,36005027402,103,2020-01-27
36005045600,36005027402,115,2020-01-27
36005046000,36005027402,525,2020-01-27
36005046201,36005027402,1876,2020-01-27
36005046202,36005027402,116,2020-01-27
36005048400,36005027402,349,2020-01-27
36005050400,36005027402,536,2020-01-27
36047001300,36005027402,171,2020-01-27
36047012902,36005027402,97,2020-01-27
36047014900,36005027402,126,2020-01-27
36047016900,36005027402,105,2020-01-27
36047033900,36005027402,159,2020-01-27
36047080400,36005027402,106,2020-01-27
36047080800,36005027402,230,2020-01-27
36047081600,36005027402,206,2020-01-27
36047105804,36005027402,170,2020-01-27
36047119600,36005027402,126,2020-01-27
36059302800,36005027402,371,2020-01-27
36059517802,36005027402,192,2020-01-27
36061001502,36005027402,133,2020-01-27
36061003100,36005027402,108,2020-01-27
36061003200,36005027402,231,2020-01-27
36061004500,36005027402,102,2020-01-27
36061004700,36005027402,162,2020-01-27
36061005400,36005027402,121,2020-01-27
36061008300,36005027402,688,2020-01-27
36061008700,36005027402,117,2020-01-27
36061009000,36005027402,171,2020-01-27
36061009400,36005027402,118,2020-01-27
36061009600,36005027402,156,2020-01-27
36061010800,36005027402,106,2020-01-27
36061011402,36005027402,108,2020-01-27
36061011600,36005027402,112,2020-01-27
36061011900,36005027402,105,2020-01-27
36061012400,36005027402,344,2020-01-27
36061012500,36005027402,97,2020-01-27
36061013700,36005027402,133,2020-01-27
36061013900,36005027402,104,2020-01-27
36061014000,36005027402,139,2020-01-27
36061014300,36005027402,152,2020-01-27
36061014802,36005027402,136,2020-01-27
36061015001,36005027402,121,2020-01-27
36061015300,36005027402,133,2020-01-27
36061015801,36005027402,126,2020-01-27
36061016100,36005027402,122,2020-01-27
36061017100,36005027402,168,2020-01-27
36061018300,36005027402,101,2020-01-27
36061019600,36005027402,135,2020-01-27
36061019900,36005027402,99,2020-01-27
36061029300,36005027402,142,2020-01-27
36081006300,36005027402,117,2020-01-27
36081024600,36005027402,190,2020-01-27
36081051700,36005027402,111,2020-01-27
36081071600,36005027402,116,2020-01-27
36081085300,36005027402,110,2020-01-27
36081086900,36005027402,449,2020-01-27
36081099701,36005027402,183,2020-01-27
36081119100,36005027402,119,2020-01-27
36081129104,36005027402,195,2020-01-27
36081155102,36005027402,339,2020-01-27
36087011303,36005027402,131,2020-01-27
36103112002,36005027402,113,2020-01-27
36103147501,36005027402,301,2020-01-27
36103158007,36005027402,346,2020-01-27
36103158712,36005027402,116,2020-01-27
36119001900,36005027402,125,2020-01-27
36119002000,36005027402,357,2020-01-27
36119002203,36005027402,113,2020-01-27
36119002404,36005027402,209,2020-01-27
36119002600,36005027402,291,2020-01-27
36119005001,36005027402,92,2020-01-27
36119005100,36005027402,92,2020-01-27
36119005300,36005027402,110,2020-01-27
36119005500,36005027402,542,2020-01-27
36119005701,36005027402,227,2020-01-27
36119005901,36005027402,374,2020-01-27
36119006000,36005027402,822,2020-01-27
36119006100,36005027402,109,2020-01-27
36119006600,36005027402,110,2020-01-27
36119006700,36005027402,233,2020-01-27
36119006802,36005027402,112,2020-01-27
36119006900,36005027402,188,2020-01-27
36119007200,36005027402,200,2020-01-27
36119008602,36005027402,343,2020-01-27
36119009000,36005027402,145,2020-01-27
36119009300,36005027402,185,2020-01-27
36119009400,36005027402,195,2020-01-27
36119009900,36005027402,119,2020-01-27
36119010400,36005027402,104,2020-01-27
36119010500,36005027402,92,2020-01-27
36119010801,36005027402,130,2020-01-27
36119013000,36005027402,151,2020-01-27
36119013304,36005027402,129,2020-01-27
34003030400,36005027402,117,2020-02-03
34003031100,36005027402,65,2020-02-03
34013980200,36005027402,267,2020-02-03
34027046300,36005027402,63,2020-02-03
34039036600,36005027402,73,2020-02-03
34039037200,36005027402,87,2020-02-03
34039037602,36005027402,141,2020-02-03
36005001600,36005027402,102,2020-02-03
36005002702,36005027402,98,2020-02-03
36005002800,36005027402,126,2020-02-03
36005004200,36005027402,86,2020-02-03
36005005100,36005027402,82,2020-02-03
36005006300,36005027402,187,2020-02-03
36005006900,36005027402,113,2020-02-03
36005007100,36005027402,95,2020-02-03
36005007200,36005027402,279,2020-02-03
36005007800,36005027402,92,2020-02-03
36005009000,36005027402,1008,2020-02-03
36005009300,36005027402,105,2020-02-03
36005009600,36005027402,356,2020-02-03
36005009800,36005027402,123,2020-02-03
36005011800,36005027402,91,2020-02-03
36005011900,36005027402,82,2020-02-03
36005013000,36005027402,97,2020-02-03
36005013500,36005027402,241,2020-02-03
36005013800,36005027402,386,2020-02-03
36005015200,36005027402,408,2020-02-03
36005015800,36005027402,288,2020-02-03
36005015900,36005027402,80,2020-02-03
36005016200,36005027402,338,2020-02-03
36005016400,36005027402,177,2020-02-03
36005016500,36005027402,84,2020-02-03
36005016600,36005027402,78,2020-02-03
36005018301,36005027402,98,2020-02-03
36005018400,36005027402,554,2020-02-03
36005019400,36005027402,126,2020-02-03
36005020000,36005027402,352,2020-02-03
36005020601,36005027402,199,2020-02-03
36005022101,36005027402,227,2020-02-03
36005022200,36005027402,156,2020-02-03
36005023200,36005027402,74,2020-02-03
36005023600,36005027402,95,2020-02-03
36005023800,36005027402,158,2020-02-03
36005024000,36005027402,85,2020-02-03
36005025000,36005027402,279,2020-02-03
36005025200,36005027402,202,2020-02-03
36005025400,36005027402,197,2020-02-03
36005026400,36005027402,414,2020-02-03
36005026601,36005027402,273,2020-02-03
36005026602,36005027402,2779,2020-02-03
36005027402,36005027402,355,2020-02-03
36005027600,36005027402,113,2020-02-03
36005028400,36005027402,351,2020-02-03
36005028800,36005027402,123,2020-02-03
36005029600,36005027402,189,2020-02-03
36005030000,36005027402,942,2020-02-03
36005033600,36005027402,107,2020-02-03
36005037400,36005027402,141,2020-02-03
36005038000,36005027402,95,2020-02-03
36005038700,36005027402,216,2020-02-03
36005038800,36005027402,118,2020-02-03
36005039000,36005027402,284,2020-02-03
36005039100,36005027402,91,2020-02-03
36005039300,36005027402,109,2020-02-03
36005039400,36005027402,89,2020-02-03
36005039500,36005027402,197,2020-02-03
36005039700,36005027402,79,2020-02-03
36005041900,36005027402,78,2020-02-03
36005042600,36005027402,98,2020-02-03
36005042902,36005027402,132,2020-02-03
36005043400,36005027402,244,2020-02-03
36005044400,36005027402,146,2020-02-03
36005046000,36005027402,192,2020-02-03
36005046201,36005027402,1169,2020-02-03
36005046202,36005027402,213,2020-02-03
36005048400,36005027402,245,2020-02-03
36005050400,36005027402,214,2020-02-03
36005051600,36005027402,263,2020-02-03
36047001300,36005027402,459,2020-02-03
36047033900,36005027402,159,2020-02-03
36047050100,36005027402,82,2020-02-03
36047056900,36005027402,92,2020-02-03
36047069602,36005027402,96,2020-02-03
36047105801,36005027402,120,2020-02-03
36059300900,36005027402,173,2020-02-03
36059302800,36005027402,290,2020-02-03
36059303000,36005027402,111,2020-02-03
36061001501,36005027402,88,2020-02-03
36061001600,36005027402,167,2020-02-03
36061004500,36005027402,91,2020-02-03
36061004700,36005027402,205,2020-02-03
36061007600,36005027402,93,2020-02-03
36061008000,36005027402,76,2020-02-03
36061008100,36005027402,109,2020-02-03
36061009000,36005027402,257,2020-02-03
36061009200,36005027402,104,2020-02-03
36061009400,36005027402,104,2020-02-03
36061009600,36005027402,114,2020-02-03
36061010000,36005027402,97,2020-02-03
36061010100,36005027402,397,2020-02-03
36061010200,36005027402,108,2020-02-03
36061011300,36005027402,102,2020-02-03
36061011600,36005027402,201,2020-02-03
36061013600,36005027402,86,2020-02-03
36061013700,36005027402,250,2020-02-03
36061013900,36005027402,238,2020-02-03
36061014300,36005027402,114,2020-02-03
36061014700,36005027402,237,2020-02-03
36061014802,36005027402,82,2020-02-03
36061014900,36005027402,99,2020-02-03
36061016500,36005027402,226,2020-02-03
36061016900,36005027402,169,2020-02-03
36061018200,36005027402,82,2020-02-03
36061018800,36005027402,102,2020-02-03
36061025700,36005027402,87,2020-02-03
36061027700,36005027402,109,2020-02-03
36081020800,36005027402,99,2020-02-03
36081026100,36005027402,79,2020-02-03
36081030903,36005027402,148,2020-02-03
36081047300,36005027402,81,2020-02-03
36081071600,36005027402,117,2020-02-03
36081085300,36005027402,84,2020-02-03
36081086900,36005027402,110,2020-02-03
36081090700,36005027402,99,2020-02-03
36081092900,36005027402,221,2020-02-03
36081099704,36005027402,137,2020-02-03
36103146300,36005027402,152,2020-02-03
36103158007,36005027402,183,2020-02-03
36103159106,36005027402,241,2020-02-03
36119000900,36005027402,168,2020-02-03
36119002000,36005027402,460,2020-02-03
36119002101,36005027402,211,2020-02-03
36119002104,36005027402,82,2020-02-03
36119003800,36005027402,104,2020-02-03
36119004800,36005027402,70,2020-02-03
36119005002,36005027402,156,2020-02-03
36119005100,36005027402,169,2020-02-03
36119005300,36005027402,93,2020-02-03
36119005500,36005027402,398,2020-02-03
36119005702,36005027402,86,2020-02-03
36119005800,36005027402,124,2020-02-03
36119005901,36005027402,93,2020-02-03
36119005902,36005027402,426,2020-02-03
36119006000,36005027402,1279,2020-02-03
36119006100,36005027402,74,2020-02-03
36119006600,36005027402,90,2020-02-03
36119006700,36005027402,210,2020-02-03
36119006802,36005027402,80,2020-02-03
36119006900,36005027402,164,2020-02-03
36119007100,36005027402,101,2020-02-03
36119007200,36005027402,72,2020-02-03
36119007401,36005027402,87,2020-02-03
36119007800,36005027402,207,2020-02-03
36119008602,36005027402,452,2020-02-03
36119009400,36005027402,75,2020-02-03
36119010100,36005027402,83,2020-02-03
36119010701,36005027402,183,2020-02-03
36119010801,36005027402,88,2020-02-03
36119010803,36005027402,82,2020-02-03
36119011000,36005027402,85,2020-02-03
36119013103,36005027402,81,2020-02-03
36119014805,36005027402,190,2020-02-03
34003039100,36005027402,82,2020-02-10
34017007600,36005027402,129,2020-02-10
34025808701,36005027402,77,2020-02-10
34039033500,36005027402,63,2020-02-10
36005001600,36005027402,107,2020-02-10
36005002800,36005027402,93,2020-02-10
36005004200,36005027402,197,2020-02-10
36005004400,36005027402,85,2020-02-10
36005007000,36005027402,105,2020-02-10
36005007300,36005027402,82,2020-02-10
36005007500,36005027402,83,2020-02-10
36005007900,36005027402,124,2020-02-10
36005008300,36005027402,110,2020-02-10
36005009000,36005027402,1269,2020-02-10
36005009200,36005027402,460,2020-02-10
36005011700,36005027402,131,2020-02-10
36005011800,36005027402,101,2020-02-10
36005012300,36005027402,190,2020-02-10
36005012701,36005027402,93,2020-02-10
36005013200,36005027402,267,2020-02-10
36005013800,36005027402,118,2020-02-10
36005015200,36005027402,474,2020-02-10
36005015800,36005027402,280,2020-02-10
36005015900,36005027402,78,2020-02-10
36005016200,36005027402,274,2020-02-10
36005016400,36005027402,478,2020-02-10
36005016600,36005027402,197,2020-02-10
36005017702,36005027402,121,2020-02-10
36005018302,36005027402,107,2020-02-10
36005018400,36005027402,512,2020-02-10
36005020000,36005027402,762,2020-02-10
36005020200,36005027402,144,2020-02-10
36005020601,36005027402,79,2020-02-10
36005021001,36005027402,168,2020-02-10
36005022000,36005027402,81,2020-02-10
36005022403,36005027402,82,2020-02-10
36005022703,36005027402,284,2020-02-10
36005023800,36005027402,278,2020-02-10
36005024400,36005027402,125,2020-02-10
36005024900,36005027402,113,2020-02-10
36005025200,36005027402,72,2020-02-10
36005025400,36005027402,121,2020-02-10
36005025600,36005027402,94,2020-02-10
36005026400,36005027402,505,2020-02-10
36005026601,36005027402,539,2020-02-10
36005026602,36005027402,1824,2020-02-10
36005027401,36005027402,236,2020-02-10
36005027402,36005027402,707,2020-02-10
36005027600,36005027402,116,2020-02-10
36005028400,36005027402,442,2020-02-10
36005028600,36005027402,160,2020-02-10
36005029600,36005027402,494,2020-02-10
36005030000,36005027402,1138,2020-02-10
36005031000,36005027402,100,2020-02-10
36005032800,36005027402,126,2020-02-10
36005033000,36005027402,123,2020-02-10
36005033600,36005027402,108,2020-02-10
36005036901,36005027402,86,2020-02-10
36005036902,36005027402,117,2020-02-10
36005038302,36005027402,93,2020-02-10
36005039000,36005027402,387,2020-02-10
36005039100,36005027402,180,2020-02-10
36005039300,36005027402,89,2020-02-10
36005039600,36005027402,99,2020-02-10
36005039700,36005027402,107,2020-02-10
36005040502,36005027402,122,2020-02-10
36005042100,36005027402,237,2020-02-10
36005042902,36005027402,136,2020-02-10
36005043100,36005027402,113,2020-02-10
36005046201,36005027402,792,2020-02-10
36005046202,36005027402,102,2020-02-10
36005048400,36005027402,96,2020-02-10
36047001300,36005027402,140,2020-02-10
36047051602,36005027402,88,2020-02-10
36047079000,36005027402,96,2020-02-10
36059300900,36005027402,132,2020-02-10
36059302800,36005027402,190,2020-02-10
36059304202,36005027402,82,2020-02-10
36061003300,36005027402,82,2020-02-10
36061004000,36005027402,84,2020-02-10
36061007100,36005027402,82,2020-02-10
36061007600,36005027402,100,2020-02-10
36061009200,36005027402,294,2020-02-10
36061010000,36005027402,222,2020-02-10
36061010800,36005027402,93,2020-02-10
36061011300,36005027402,139,2020-02-10
36061011600,36005027402,279,2020-02-10
36061012400,36005027402,92,2020-02-10
36061013700,36005027402,121,2020-02-10
36061013800,36005027402,93,2020-02-10
36061013900,36005027402,113,2020-02-10
36061014300,36005027402,298,2020-02-10
36061014801,36005027402,190,2020-02-10
36061014802,36005027402,104,2020-02-10
36061015801,36005027402,87,2020-02-10
36061016500,36005027402,175,2020-02-10
36061016900,36005027402,72,2020-02-10
36061018000,36005027402,82,2020-02-10
36061023100,36005027402,85,2020-02-10
36061025700,36005027402,87,2020-02-10
36061026300,36005027402,95,2020-02-10
36061027100,36005027402,145,2020-02-10
36081007500,36005027402,75,2020-02-10
36081011900,36005027402,117,2020-02-10
36081012301,36005027402,125,2020-02-10
36081015700,36005027402,73,2020-02-10
36081020800,36005027402,207,2020-02-10
36081021200,36005027402,108,2020-02-10
36081071600,36005027402,73,2020-02-10
36081086900,36005027402,223,2020-02-10
36081090700,36005027402,119,2020-02-10
36087013100,36005027402,131,2020-02-10
36103112002,36005027402,94,2020-02-10
36103122300,36005027402,87,2020-02-10
36103134702,36005027402,102,2020-02-10
36103158007,36005027402,179,2020-02-10
36119000900,36005027402,84,2020-02-10
36119001401,36005027402,72,2020-02-10
36119002000,36005027402,82,2020-02-10
36119002202,36005027402,122,2020-02-10
36119004800,36005027402,77,2020-02-10
36119005002,36005027402,187,2020-02-10
36119005100,36005027402,229,2020-02-10
36119005300,36005027402,94,2020-02-10
36119005500,36005027402,413,2020-02-10
36119005701,36005027402,79,2020-02-10
36119005902,36005027402,180,2020-02-10
36119006000,36005027402,664,2020-02-10
36119006600,36005027402,90,2020-02-10
36119006700,36005027402,137,2020-02-10
36119006801,36005027402,254,2020-02-10
36119006802,36005027402,184,2020-02-10
36119006900,36005027402,79,2020-02-10
36119007000,36005027402,86,2020-02-10
36119007800,36005027402,84,2020-02-10
36119007900,36005027402,79,2020-02-10
36119008000,36005027402,107,2020-02-10
36119009300,36005027402,208,2020-02-10
36119009400,36005027402,89,2020-02-10
36119010400,36005027402,141,2020-02-10
36119010701,36005027402,105,2020-02-10
36119010702,36005027402,91,2020-02-10
36119010801,36005027402,100,2020-02-10
36119011800,36005027402,170,2020-02-10
34031216702,36005027402,82,2020-02-17
36005002500,36005027402,85,2020-02-17
36005004200,36005027402,146,2020-02-17
36005004400,36005027402,93,2020-02-17
36005006100,36005027402,94,2020-02-17
36005006800,36005027402,200,2020-02-17
36005006900,36005027402,167,2020-02-17
36005008400,36005027402,129,2020-02-17
36005009000,36005027402,994,2020-02-17
36005009200,36005027402,225,2020-02-17
36005009600,36005027402,118,2020-02-17
36005012300,36005027402,105,2020-02-17
36005012500,36005027402,118,2020-02-17
36005013000,36005027402,188,2020-02-17
36005013200,36005027402,114,2020-02-17
36005015200,36005027402,426,2020-02-17
36005015800,36005027402,208,2020-02-17
36005016200,36005027402,298,2020-02-17
36005016400,36005027402,390,2020-02-17
36005017300,36005027402,123,2020-02-17
36005018400,36005027402,773,2020-02-17
36005018500,36005027402,141,2020-02-17
36005019400,36005027402,102,2020-02-17
36005020000,36005027402,789,2020-02-17
36005020200,36005027402,114,2020-02-17
36005022200,36005027402,262,2020-02-17
36005023800,36005027402,269,2020-02-17
36005024400,36005027402,119,2020-02-17
36005024800,36005027402,103,2020-02-17
36005025000,36005027402,140,2020-02-17
36005025200,36005027402,249,2020-02-17
36005025400,36005027402,91,2020-02-17
36005026400,36005027402,231,2020-02-17
36005026601,36005027402,94,2020-02-17
36005026602,36005027402,1369,2020-02-17
36005027300,36005027402,119,2020-02-17
36005027401,36005027402,409,2020-02-17
36005027402,36005027402,1235,2020-02-17
36005027900,36005027402,132,2020-02-17
36005028400,36005027402,975,2020-02-17
36005028800,36005027402,103,2020-02-17
36005029600,36005027402,95,2020-02-17
36005030000,36005027402,888,2020-02-17
36005030200,36005027402,133,2020-02-17
36005031200,36005027402,81,2020-02-17
36005032600,36005027402,180,2020-02-17
36005036800,36005027402,167,2020-02-17
36005037600,36005027402,162,2020-02-17
36005038302,36005027402,127,2020-02-17
36005038700,36005027402,228,2020-02-17
36005039700,36005027402,290,2020-02-17
36005040303,36005027402,141,2020-02-17
36005042100,36005027402,169,2020-02-17
36005042500,36005027402,124,2020-02-17
36005043100,36005027402,446,2020-02-17
36005046201,36005027402,1037,2020-02-17
36005050400,36005027402,270,2020-02-17
36005051600,36005027402,189,2020-02-17
36047000900,36005027402,101,2020-02-17
36047001300,36005027402,369,2020-02-17
36047003700,36005027402,91,2020-02-17
36047080400,36005027402,112,2020-02-17
36059302101,36005027402,110,2020-02-17
36059304202,36005027402,161,2020-02-17
36059407301,36005027402,94,2020-02-17
36061003100,36005027402,99,2020-02-17
36061005600,36005027402,96,2020-02-17
36061005700,36005027402,92,2020-02-17
36061007600,36005027402,81,2020-02-17
36061008800,36005027402,101,2020-02-17
36061009200,36005027402,130,2020-02-17
36061010200,36005027402,119,2020-02-17
36061011300,36005027402,110,2020-02-17
36061011600,36005027402,394,2020-02-17
36061012400,36005027402,150,2020-02-17
36061013900,36005027402,107,2020-02-17
36061014300,36005027402,113,2020-02-17
36061014500,36005027402,157,2020-02-17
36061014801,36005027402,192,2020-02-17
36061015001,36005027402,102,2020-02-17
36061016100,36005027402,91,2020-02-17
36061016900,36005027402,95,2020-02-17
36061017100,36005027402,96,2020-02-17
36061027900,36005027402,108,2020-02-17
36081006501,36005027402,148,2020-02-17
36081015500,36005027402,83,2020-02-17
36081028100,36005027402,102,2020-02-17
36081085300,36005027402,86,2020-02-17
36081086900,36005027402,306,2020-02-17
36081090700,36005027402,546,2020-02-17
36081098700,36005027402,230,2020-02-17
36081118100,36005027402,195,2020-02-17
36081126500,36005027402,93,2020-02-17
36087011102,36005027402,94,2020-02-17
36103147501,36005027402,129,2020-02-17
36119000900,36005027402,93,2020-02-17
36119001504,36005027402,282,2020-02-17
36119001600,36005027402,151,2020-02-17
36119002104,36005027402,175,2020-02-17
36119002105,36005027402,90,2020-02-17
36119005002,36005027402,135,2020-02-17
36119005200,36005027402,124,2020-02-17
36119005300,36005027402,234,2020-02-17
36119005500,36005027402,444,2020-02-17
36119005701,36005027402,282,2020-02-17
36119005800,36005027402,132,2020-02-17
36119005902,36005027402,516,2020-02-17
36119006000,36005027402,472,2020-02-17
36119006300,36005027402,98,2020-02-17
36119006600,36005027402,201,2020-02-17
36119006700,36005027402,244,2020-02-17
36119006802,36005027402,208,2020-02-17
36119007100,36005027402,157,2020-02-17
36119007200,36005027402,355,2020-02-17
36119008602,36005027402,267,2020-02-17
36119009400,36005027402,120,2020-02-17
36119010701,36005027402,187,2020-02-17
36119010801,36005027402,101,2020-02-17
36119010803,36005027402,103,2020-02-17
36119011000,36005027402,95,2020-02-17
36119012102,36005027402,225,2020-02-17
36119015000,36005027402,133,2020-02-17
36119981000,36005027402,88,2020-02-17
34003045200,36005027402,75,2020-02-24
34013980200,36005027402,183,2020-02-24
34017013200,36005027402,142,2020-02-24
34017018301,36005027402,128,2020-02-24
34025809301,36005027402,106,2020-02-24
36005001900,36005027402,229,2020-02-24
36005003100,36005027402,114,2020-02-24
36005003500,36005027402,93,2020-02-24
36005005400,36005027402,97,2020-02-24
36005006500,36005027402,225,2020-02-24
36005007100,36005027402,83,2020-02-24
36005007300,36005027402,100,2020-02-24
36005007600,36005027402,131,2020-02-24
36005007800,36005027402,265,2020-02-24
36005008700,36005027402,141,2020-02-24
36005008900,36005027402,87,2020-02-24
36005009000,36005027402,1061,2020-02-24
36005009200,36005027402,269,2020-02-24
36005009600,36005027402,184,2020-02-24
36005011000,36005027402,142,2020-02-24
36005011900,36005027402,93,2020-02-24
36005013000,36005027402,93,2020-02-24
36005013200,36005027402,160,2020-02-24
36005013800,36005027402,220,2020-02-24
36005015200,36005027402,511,2020-02-24
36005015500,36005027402,132,2020-02-24
36005016200,36005027402,435,2020-02-24
36005016500,36005027402,136,2020-02-24
36005016600,36005027402,216,2020-02-24
36005017300,36005027402,108,2020-02-24
36005018301,36005027402,109,2020-02-24
36005018400,36005027402,1001,2020-02-24
36005019500,36005027402,109,2020-02-24
36005020000,36005027402,279,2020-02-24
36005020200,36005027402,370,2020-02-24
36005021900,36005027402,120,2020-02-24
36005022403,36005027402,112,2020-02-24
36005022902,36005027402,102,2020-02-24
36005024900,36005027402,369,2020-02-24
36005025200,36005027402,220,2020-02-24
36005026400,36005027402,320,2020-02-24
36005026601,36005027402,645,2020-02-24
36005026602,36005027402,2241,2020-02-24
36005027300,36005027402,126,2020-02-24
36005027401,36005027402,286,2020-02-24
36005027402,36005027402,2082,2020-02-24
36005027600,36005027402,258,2020-02-24
36005028400,36005027402,1152,2020-02-24
36005028600,36005027402,120,2020-02-24
36005029600,36005027402,172,2020-02-24
36005030000,36005027402,943,2020-02-24
36005031000,36005027402,201,2020-02-24
36005032300,36005027402,377,2020-02-24
36005032800,36005027402,330,2020-02-24
36005033000,36005027402,160,2020-02-24
36005036100,36005027402,134,2020-02-24
36005037400,36005027402,252,2020-02-24
36005039700,36005027402,118,2020-02-24
36005040502,36005027402,123,2020-02-24
36005042100,36005027402,164,2020-02-24
36005043100,36005027402,103,2020-02-24
36005046000,36005027402,116,2020-02-24
36005046201,36005027402,687,2020-02-24
36005050400,36005027402,556,2020-02-24
36005051600,36005027402,200,2020-02-24
36059404500,36005027402,90,2020-02-24
36059407301,36005027402,87,2020-02-24
36059410600,36005027402,97,2020-02-24
36059412301,36005027402,129,2020-02-24
36061005501,36005027402,142,2020-02-24
36061006100,36005027402,92,2020-02-24
36061007200,36005027402,105,2020-02-24
36061007700,36005027402,107,2020-02-24
36061008000,36005027402,130,2020-02-24
36061009600,36005027402,339,2020-02-24
36061010000,36005027402,111,2020-02-24
36061010400,36005027402,109,2020-02-24
36061010900,36005027402,97,2020-02-24
36061011100,36005027402,100,2020-02-24
36061011800,36005027402,85,2020-02-24
36061012000,36005027402,362,2020-02-24
36061013700,36005027402,252,2020-02-24
36061014300,36005027402,336,2020-02-24
36061014500,36005027402,138,2020-02-24
36061014801,36005027402,87,2020-02-24
36061015001,36005027402,199,2020-02-24
36061015002,36005027402,97,2020-02-24
36061016800,36005027402,307,2020-02-24
36061016900,36005027402,111,2020-02-24
36061017300,36005027402,105,2020-02-24
36061027700,36005027402,159,2020-02-24
36081006300,36005027402,115,2020-02-24
36081012301,36005027402,133,2020-02-24
36081031700,36005027402,140,2020-02-24
36081032900,36005027402,123,2020-02-24
36081033100,36005027402,132,2020-02-24
36081071600,36005027402,97,2020-02-24
36081090700,36005027402,112,2020-02-24
36081092900,36005027402,242,2020-02-24
36081098700,36005027402,225,2020-02-24
36087011000,36005027402,300,2020-02-24
36087011102,36005027402,238,2020-02-24
36119000900,36005027402,93,2020-02-24
36119001700,36005027402,424,2020-02-24
36119002000,36005027402,295,2020-02-24
36119002600,36005027402,187,2020-02-24
36119002700,36005027402,137,2020-02-24
36119003300,36005027402,99,2020-02-24
36119003700,36005027402,127,2020-02-24
36119005002,36005027402,475,2020-02-24
36119005500,36005027402,91,2020-02-24
36119005701,36005027402,560,2020-02-24
36119005902,36005027402,184,2020-02-24
36119006000,36005027402,256,2020-02-24
36119006400,36005027402,148,2020-02-24
36119006500,36005027402,114,2020-02-24
36119006600,36005027402,92,2020-02-24
36119006700,36005027402,181,2020-02-24
36119006802,36005027402,195,2020-02-24
36119006900,36005027402,91,2020-02-24
36119008602,36005027402,243,2020-02-24
36119009400,36005027402,187,2020-02-24
36119009701,36005027402,224,2020-02-24
36119010903,36005027402,101,2020-02-24
36119012101,36005027402,105,2020-02-24
36119013500,36005027402,127,2020-02-24
36119014805,36005027402,343,2020-02-24
34003019202,36005027402,106,2020-03-02
34003054600,36005027402,156,2020-03-02
34025808701,36005027402,69,2020-03-02
34025809301,36005027402,87,2020-03-02
36005001600,36005027402,269,2020-03-02
36005001900,36005027402,87,2020-03-02
36005002701,36005027402,82,2020-03-02
36005002800,36005027402,127,2020-03-02
36005003100,36005027402,98,2020-03-02
36005003500,36005027402,93,2020-03-02
36005005001,36005027402,107,2020-03-02
36005007600,36005027402,210,2020-03-02
36005007800,36005027402,281,2020-03-02
36005008400,36005027402,111,2020-03-02
36005008700,36005027402,98,2020-03-02
36005009000,36005027402,1028,2020-03-02
36005009600,36005027402,185,2020-03-02
36005011700,36005027402,245,2020-03-02
36005011800,36005027402,182,2020-03-02
36005011900,36005027402,78,2020-03-02
36005013000,36005027402,74,2020-03-02
36005013200,36005027402,308,2020-03-02
36005013800,36005027402,225,2020-03-02
36005015200,36005027402,373,2020-03-02
36005015800,36005027402,83,2020-03-02
36005016200,36005027402,256,2020-03-02
36005016400,36005027402,495,2020-03-02
36005016600,36005027402,460,2020-03-02
36005018400,36005027402,508,2020-03-02
36005020000,36005027402,246,2020-03-02
36005020200,36005027402,83,2020-03-02
36005021900,36005027402,106,2020-03-02
36005022403,36005027402,93,2020-03-02
36005022703,36005027402,128,2020-03-02
36005022901,36005027402,123,2020-03-02
36005023200,36005027402,119,2020-03-02
36005024000,36005027402,104,2020-03-02
36005024400,36005027402,87,2020-03-02
36005024800,36005027402,96,2020-03-02
36005024900,36005027402,127,2020-03-02
36005025000,36005027402,180,2020-03-02
36005025200,36005027402,104,2020-03-02
36005025400,36005027402,105,2020-03-02
36005026400,36005027402,504,2020-03-02
36005026601,36005027402,186,2020-03-02
36005026602,36005027402,2335,2020-03-02
36005027401,36005027402,213,2020-03-02
36005027402,36005027402,412,2020-03-02
36005027600,36005027402,223,2020-03-02
36005028400,36005027402,98,2020-03-02
36005028600,36005027402,252,2020-03-02
36005030000,36005027402,1217,2020-03-02
36005031000,36005027402,179,2020-03-02
36005031200,36005027402,85,2020-03-02
36005032600,36005027402,87,2020-03-02
36005033600,36005027402,115,2020-03-02
36005035800,36005027402,88,2020-03-02
36005036902,36005027402,82,2020-03-02
36005037600,36005027402,111,2020-03-02
36005039000,36005027402,225,2020-03-02
36005039100,36005027402,80,2020-03-02
36005039300,36005027402,78,2020-03-02
36005039600,36005027402,94,2020-03-02
36005042300,36005027402,184,2020-03-02
36005042902,36005027402,91,2020-03-02
36005043100,36005027402,95,2020-03-02
36005044400,36005027402,120,2020-03-02
36005046201,36005027402,1055,2020-03-02
36005050400,36005027402,250,2020-03-02
36005051600,36005027402,74,2020-03-02
36047001300,36005027402,113,2020-03-02
36047081600,36005027402,239,2020-03-02
36047119600,36005027402,124,2020-03-02
36059407301,36005027402,484,2020-03-02
36059410600,36005027402,102,2020-03-02
36061000700,36005027402,106,2020-03-02
36061000900,36005027402,84,2020-03-02
36061002100,36005027402,106,2020-03-02
36061004200,36005027402,77,2020-03-02
36061004700,36005027402,102,2020-03-02
36061005000,36005027402,135,2020-03-02
36061006100,36005027402,76,2020-03-02
36061006400,36005027402,106,2020-03-02
36061007200,36005027402,67,2020-03-02
36061007400,36005027402,92,2020-03-02
36061007600,36005027402,85,2020-03-02
36061008800,36005027402,66,2020-03-02
36061009400,36005027402,94,2020-03-02
36061009600,36005027402,365,2020-03-02
36061010200,36005027402,103,2020-03-02
36061010300,36005027402,91,2020-03-02
36061010900,36005027402,80,2020-03-02
36061011401,36005027402,91,2020-03-02
36061011900,36005027402,78,2020-03-02
36061012000,36005027402,74,2020-03-02
36061013500,36005027402,93,2020-03-02
36061013700,36005027402,430,2020-03-02
36061013900,36005027402,274,2020-03-02
36061014300,36005027402,163,2020-03-02
36061014500,36005027402,119,2020-03-02
36061015200,36005027402,85,2020-03-02
36061016100,36005027402,79,2020-03-02
36061016200,36005027402,107,2020-03-02
36061020102,36005027402,74,2020-03-02
36079011400,36005027402,82,2020-03-02
36081014100,36005027402,94,2020-03-02
36081020200,36005027402,88,2020-03-02
36081030903,36005027402,117,2020-03-02
36081033100,36005027402,109,2020-03-02
36081071600,36005027402,235,2020-03-02
36081086900,36005027402,93,2020-03-02
36081147100,36005027402,113,2020-03-02
36119001600,36005027402,135,2020-03-02
36119002000,36005027402,107,2020-03-02
36119002600,36005027402,88,2020-03-02
36119004600,36005027402,88,2020-03-02
36119005001,36005027402,68,2020-03-02
36119005002,36005027402,155,2020-03-02
36119005300,36005027402,197,2020-03-02
36119005500,36005027402,310,2020-03-02
36119005701,36005027402,149,2020-03-02
36119005902,36005027402,150,2020-03-02
36119006000,36005027402,252,2020-03-02
36119006600,36005027402,76,2020-03-02
36119006700,36005027402,147,2020-03-02
36119006802,36005027402,172,2020-03-02
36119007000,36005027402,130,2020-03-02
36119007300,36005027402,108,2020-03-02
36119008000,36005027402,82,2020-03-02
36119008401,36005027402,87,2020-03-02
36119008602,36005027402,173,2020-03-02
36119009000,36005027402,89,2020-03-02
36119009300,36005027402,283,2020-03-02
36119009400,36005027402,75,2020-03-02
36119011000,36005027402,117,2020-03-02
36119011902,36005027402,131,2020-03-02
36119012000,36005027402,92,2020-03-02
36119012200,36005027402,69,2020-03-02
36119013000,36005027402,66,2020-03-02
36119013202,36005027402,75,2020-03-02
34003015400,36005027402,181,2020-03-09
34003042400,36005027402,85,2020-03-09
34017007600,36005027402,86,2020-03-09
34025809301,36005027402,70,2020-03-09
36005002500,36005027402,92,2020-03-09
36005002702,36005027402,119,2020-03-09
36005002800,36005027402,270,2020-03-09
36005004001,36005027402,89,2020-03-09
36005004200,36005027402,114,2020-03-09
36005004600,36005027402,92,2020-03-09
36005006100,36005027402,170,2020-03-09
36005006300,36005027402,90,2020-03-09
36005006900,36005027402,144,2020-03-09
36005007100,36005027402,144,2020-03-09
36005008900,36005027402,78,2020-03-09
36005009000,36005027402,1117,2020-03-09
36005011800,36005027402,108,2020-03-09
36005012101,36005027402,104,2020-03-09
36005013100,36005027402,103,2020-03-09
36005013200,36005027402,342,2020-03-09
36005014500,36005027402,98,2020-03-09
36005015100,36005027402,121,2020-03-09
36005015200,36005027402,354,2020-03-09
36005015800,36005027402,110,2020-03-09
36005015900,36005027402,116,2020-03-09
36005016200,36005027402,163,2020-03-09
36005016400,36005027402,99,2020-03-09
36005016600,36005027402,156,2020-03-09
36005018301,36005027402,96,2020-03-09
36005018400,36005027402,975,2020-03-09
36005020000,36005027402,94,2020-03-09
36005021001,36005027402,142,2020-03-09
36005021002,36005027402,132,2020-03-09
36005021100,36005027402,109,2020-03-09
36005022403,36005027402,109,2020-03-09
36005023200,36005027402,112,2020-03-09
36005024000,36005027402,149,2020-03-09
36005024100,36005027402,80,2020-03-09
36005024900,36005027402,249,2020-03-09
36005025000,36005027402,115,2020-03-09
36005025400,36005027402,125,2020-03-09
36005026400,36005027402,660,2020-03-09
36005026601,36005027402,280,2020-03-09
36005026602,36005027402,1557,2020-03-09
36005027401,36005027402,138,2020-03-09
36005027402,36005027402,618,2020-03-09
36005027600,36005027402,128,2020-03-09
36005028400,36005027402,195,2020-03-09
36005028800,36005027402,79,2020-03-09
36005029600,36005027402,92,2020-03-09
36005030000,36005027402,1309,2020-03-09
36005032300,36005027402,114,2020-03-09
36005032600,36005027402,189,2020-03-09
36005033202,36005027402,137,2020-03-09
36005033600,36005027402,123,2020-03-09
36005037400,36005027402,78,2020-03-09
36005038302,36005027402,91,2020-03-09
36005039600,36005027402,304,2020-03-09
36005039700,36005027402,378,2020-03-09
36005040502,36005027402,118,2020-03-09
36005042300,36005027402,105,2020-03-09
36005042600,36005027402,111,2020-03-09
36005042902,36005027402,343,2020-03-09
36005046000,36005027402,258,2020-03-09
36005046201,36005027402,522,2020-03-09
36005046202,36005027402,85,2020-03-09
36005048400,36005027402,115,2020-03-09
36005050400,36005027402,346,2020-03-09
36005051600,36005027402,406,2020-03-09
36047001300,36005027402,103,2020-03-09
36047003700,36005027402,74,2020-03-09
36047081600,36005027402,173,2020-03-09
36061000700,36005027402,245,2020-03-09
36061000900,36005027402,127,2020-03-09
36061001501,36005027402,170,2020-03-09
36061002601,36005027402,120,2020-03-09
36061003100,36005027402,94,2020-03-09
36061003200,36005027402,168,2020-03-09
36061007600,36005027402,124,2020-03-09
36061007800,36005027402,81,2020-03-09
36061009400,36005027402,109,2020-03-09
36061009600,36005027402,196,2020-03-09
36061011600,36005027402,107,2020-03-09
36061011800,36005027402,106,2020-03-09
36061012000,36005027402,93,2020-03-09
36061013700,36005027402,614,2020-03-09
36061013900,36005027402,198,2020-03-09
36061014300,36005027402,196,2020-03-09
36061014801,36005027402,100,2020-03-09
36061014802,36005027402,111,2020-03-09
36061015001,36005027402,88,2020-03-09
36061015300,36005027402,100,2020-03-09
36061016001,36005027402,103,2020-03-09
36061018900,36005027402,94,2020-03-09
36061019600,36005027402,89,2020-03-09
36081011900,36005027402,125,2020-03-09
36081032900,36005027402,103,2020-03-09
36081033100,36005027402,120,2020-03-09
36081071600,36005027402,83,2020-03-09
36081087100,36005027402,88,2020-03-09
36081094500,36005027402,85,2020-03-09
36081116300,36005027402,111,2020-03-09
36087013100,36005027402,200,2020-03-09
36119001303,36005027402,114,2020-03-09
36119001503,36005027402,196,2020-03-09
36119002600,36005027402,178,2020-03-09
36119003600,36005027402,108,2020-03-09
36119005002,36005027402,348,2020-03-09
36119005300,36005027402,103,2020-03-09
36119005400,36005027402,97,2020-03-09
36119005500,36005027402,276,2020-03-09
36119005701,36005027402,134,2020-03-09
36119006000,36005027402,339,2020-03-09
36119006100,36005027402,84,2020-03-09
36119006700,36005027402,127,2020-03-09
36119007100,36005027402,181,2020-03-09
36119007800,36005027402,190,2020-03-09
36119008401,36005027402,174,2020-03-09
36119008602,36005027402,130,2020-03-09
36119009300,36005027402,87,2020-03-09
36119009400,36005027402,269,2020-03-09
36119009701,36005027402,233,2020-03-09
36119014701,36005027402,207,2020-03-09
36119014805,36005027402,87,2020-03-09
36119981000,36005027402,432,2020-03-09
34003015200,36005027402,140,2020-03-16
34025808800,36005027402,109,2020-03-16
34025809301,36005027402,194,2020-03-16
36005001600,36005027402,159,2020-03-16
36005004400,36005027402,120,2020-03-16
36005006800,36005027402,198,2020-03-16
36005009000,36005027402,574,2020-03-16
36005009200,36005027402,145,2020-03-16
36005009600,36005027402,220,2020-03-16
36005011700,36005027402,170,2020-03-16
36005012300,36005027402,132,2020-03-16
36005013200,36005027402,111,2020-03-16
36005015200,36005027402,113,2020-03-16
36005015800,36005027402,109,2020-03-16
36005016400,36005027402,92,2020-03-16
36005018400,36005027402,793,2020-03-16
36005020000,36005027402,238,2020-03-16
36005020601,36005027402,115,2020-03-16
36005023200,36005027402,98,2020-03-16
36005024800,36005027402,111,2020-03-16
36005025000,36005027402,141,2020-03-16
36005026400,36005027402,266,2020-03-16
36005026601,36005027402,219,2020-03-16
36005026602,36005027402,1039,2020-03-16
36005027401,36005027402,536,2020-03-16
36005027402,36005027402,575,2020-03-16
36005027600,36005027402,163,2020-03-16
36005028600,36005027402,166,2020-03-16
36005029600,36005027402,116,2020-03-16
36005030000,36005027402,1002,2020-03-16
36005033202,36005027402,195,2020-03-16
36005033400,36005027402,133,2020-03-16
36005037400,36005027402,115,2020-03-16
36005038100,36005027402,125,2020-03-16
36005039600,36005027402,100,2020-03-16
36005041500,36005027402,162,2020-03-16
36005042100,36005027402,174,2020-03-16
36005042500,36005027402,154,2020-03-16
36005046201,36005027402,344,2020-03-16
36005050400,36005027402,330,2020-03-16
36061005000,36005027402,145,2020-03-16
36061008800,36005027402,134,2020-03-16
36061009200,36005027402,258,2020-03-16
36061009400,36005027402,131,2020-03-16
36061012000,36005027402,201,2020-03-16
36061013700,36005027402,154,2020-03-16
36061015001,36005027402,140,2020-03-16
36061015400,36005027402,130,2020-03-16
36061016900,36005027402,120,2020-03-16
36061017100,36005027402,92,2020-03-16
36081031700,36005027402,327,2020-03-16
36081086900,36005027402,194,2020-03-16
36081090700,36005027402,178,2020-03-16
36119002202,36005027402,164,2020-03-16
36119002600,36005027402,350,2020-03-16
36119005002,36005027402,367,2020-03-16
36119005300,36005027402,123,2020-03-16
36119005500,36005027402,206,2020-03-16
36119005701,36005027402,215,2020-03-16
36119006900,36005027402,219,2020-03-16
36119007200,36005027402,198,2020-03-16
36119011800,36005027402,202,2020-03-16
36119014806,36005027402,154,2020-03-16
34017007500,36005027402,152,2020-03-23
36005015800,36005027402,127,2020-03-23
36005016600,36005027402,116,2020-03-23
36005017701,36005027402,136,2020-03-23
36005018400,36005027402,145,2020-03-23
36005020000,36005027402,145,2020-03-23
36005021001,36005027402,186,2020-03-23
36005021800,36005027402,203,2020-03-23
36005021900,36005027402,116,2020-03-23
36005022901,36005027402,263,2020-03-23
36005024600,36005027402,292,2020-03-23
36005024800,36005027402,182,2020-03-23
36005025200,36005027402,630,2020-03-23
36005026400,36005027402,346,2020-03-23
36005026601,36005027402,137,2020-03-23
36005026602,36005027402,1145,2020-03-23
36005027401,36005027402,426,2020-03-23
36005027402,36005027402,179,2020-03-23
36005031000,36005027402,126,2020-03-23
36005039600,36005027402,200,2020-03-23
36005042500,36005027402,149,2020-03-23
36005043100,36005027402,286,2020-03-23
36005050400,36005027402,379,2020-03-23
36061009200,36005027402,116,2020-03-23
36061009400,36005027402,234,2020-03-23
36061010800,36005027402,126,2020-03-23
36061012000,36005027402,305,2020-03-23
36061013400,36005027402,209,2020-03-23
36061015700,36005027402,359,2020-03-23
36061016900,36005027402,135,2020-03-23
36061017300,36005027402,158,2020-03-23
36061017401,36005027402,127,2020-03-23
36061023100,36005027402,162,2020-03-23
36081020800,36005027402,297,2020-03-23
36081031700,36005027402,182,2020-03-23
36081032900,36005027402,183,2020-03-23
36081070300,36005027402,180,2020-03-23
36081086900,36005027402,158,2020-03-23
36081092900,36005027402,232,2020-03-23
36119000401,36005027402,189,2020-03-23
36119000900,36005027402,132,2020-03-23
36119005300,36005027402,294,2020-03-23
36119006000,36005027402,294,2020-03-23
36119006900,36005027402,126,2020-03-23
36119007100,36005027402,436,2020-03-23
34017004000,36005027402,115,2020-03-30
36005000400,36005027402,123,2020-03-30
36005006800,36005027402,162,2020-03-30
36005009000,36005027402,687,2020-03-30
36005009300,36005027402,168,2020-03-30
36005009600,36005027402,148,2020-03-30
36005013100,36005027402,142,2020-03-30
36005013800,36005027402,195,2020-03-30
36005014400,36005027402,207,2020-03-30
36005015200,36005027402,131,2020-03-30
36005015800,36005027402,318,2020-03-30
36005016400,36005027402,204,2020-03-30
36005018400,36005027402,1541,2020-03-30
36005022200,36005027402,140,2020-03-30
36005026400,36005027402,169,2020-03-30
36005026601,36005027402,182,2020-03-30
36005026602,36005027402,1052,2020-03-30
36005027401,36005027402,205,2020-03-30
36005027402,36005027402,1762,2020-03-30
36005028400,36005027402,437,2020-03-30
36005030000,36005027402,545,2020-03-30
36005031000,36005027402,466,2020-03-30
36005033800,36005027402,150,2020-03-30
36005042100,36005027402,290,2020-03-30
36005042500,36005027402,158,2020-03-30
36005042902,36005027402,183,2020-03-30
36005043100,36005027402,194,2020-03-30
36005050400,36005027402,585,2020-03-30
36061000900,36005027402,190,2020-03-30
36061004200,36005027402,139,2020-03-30
36061005600,36005027402,119,2020-03-30
36061006400,36005027402,273,2020-03-30
36061007200,36005027402,238,2020-03-30
36061011600,36005027402,358,2020-03-30
36061012800,36005027402,119,2020-03-30
36061013400,36005027402,218,2020-03-30
36061013700,36005027402,238,2020-03-30
36061017100,36005027402,143,2020-03-30
36061023801,36005027402,167,2020-03-30
36081021200,36005027402,150,2020-03-30
36081024000,36005027402,199,2020-03-30
36081033100,36005027402,285,2020-03-30
36081086900,36005027402,322,2020-03-30
36081116300,36005027402,135,2020-03-30
36087013100,36005027402,229,2020-03-30
36119001600,36005027402,241,2020-03-30
36119005300,36005027402,273,2020-03-30
36119005701,36005027402,130,2020-03-30
36119006000,36005027402,309,2020-03-30
36119006900,36005027402,322,2020-03-30
36119010801,36005027402,373,2020-03-30
36005005200,36005027402,198,2020-04-06
36005009000,36005027402,322,2020-04-06
36005011700,36005027402,236,2020-04-06
36005011800,36005027402,251,2020-04-06
36005013800,36005027402,783,2020-04-06
36005015200,36005027402,297,2020-04-06
36005015800,36005027402,197,2020-04-06
36005016000,36005027402,157,2020-04-06
36005016600,36005027402,125,2020-04-06
36005018400,36005027402,1623,2020-04-06
36005020000,36005027402,588,2020-04-06
36005021001,36005027402,140,2020-04-06
36005024700,36005027402,173,2020-04-06
36005026400,36005027402,493,2020-04-06
36005026601,36005027402,125,2020-04-06
36005026602,36005027402,941,2020-04-06
36005027402,36005027402,425,2020-04-06
36005028400,36005027402,158,2020-04-06
36005030000,36005027402,553,2020-04-06
36005031000,36005027402,139,2020-04-06
36005033600,36005027402,153,2020-04-06
36005038000,36005027402,466,2020-04-06
36005042902,36005027402,187,2020-04-06
36005046201,36005027402,172,2020-04-06
36005050400,36005027402,753,2020-04-06
36047012600,36005027402,639,2020-04-06
36059302700,36005027402,157,2020-04-06
36061013700,36005027402,216,2020-04-06
36061023801,36005027402,163,2020-04-06
36081021200,36005027402,236,2020-04-06
36081071304,36005027402,239,2020-04-06
36081087100,36005027402,125,2020-04-06
36081092900,36005027402,220,2020-04-06
36087013100,36005027402,238,2020-04-06
36119001502,36005027402,142,2020-04-06
36119002401,36005027402,308,2020-04-06
36119004600,36005027402,636,2020-04-06
36119005701,36005027402,140,2020-04-06
36119006100,36005027402,288,2020-04-06
36119008000,36005027402,138,2020-04-06
36119981000,36005027402,165,2020-04-06
36005004400,36005027402,346,2020-04-13
36005009000,36005027402,1706,2020-04-13
36005009200,36005027402,168,2020-04-13
36005009600,36005027402,405,2020-04-13
36005013000,36005027402,183,2020-04-13
36005016200,36005027402,366,2020-04-13
36005016400,36005027402,480,2020-04-13
36005016600,36005027402,1121,2020-04-13
36005018400,36005027402,1031,2020-04-13
36005019400,36005027402,210,2020-04-13
36005020000,36005027402,163,2020-04-13
36005021001,36005027402,240,2020-04-13
36005022200,36005027402,346,2020-04-13
36005022701,36005027402,230,2020-04-13
36005022901,36005027402,244,2020-04-13
36005023200,36005027402,217,2020-04-13
36005026601,36005027402,146,2020-04-13
36005026602,36005027402,1964,2020-04-13
36005027401,36005027402,773,2020-04-13
36005027402,36005027402,494,2020-04-13
36005027600,36005027402,284,2020-04-13
36005028400,36005027402,201,2020-04-13
36005029600,36005027402,257,2020-04-13
36005030000,36005027402,251,2020-04-13
36005031000,36005027402,345,2020-04-13
36005035800,36005027402,276,2020-04-13
36005046201,36005027402,374,2020-04-13
36005050400,36005027402,472,2020-04-13
36059404800,36005027402,625,2020-04-13
36061011600,36005027402,298,2020-04-13
36061016400,36005027402,178,2020-04-13
36061028700,36005027402,160,2020-04-13
36079011800,36005027402,181,2020-04-13
36081021200,36005027402,325,2020-04-13
36081086900,36005027402,309,2020-04-13
36119002106,36005027402,381,2020-04-13
36119002600,36005027402,441,2020-04-13
36119004600,36005027402,156,2020-04-13
36119005300,36005027402,189,2020-04-13
36119005500,36005027402,143,2020-04-13
36119005701,36005027402,153,2020-04-13
36119005702,36005027402,177,2020-04-13
36119006100,36005027402,145,2020-04-13
36119007200,36005027402,140,2020-04-13
36119008000,36005027402,326,2020-04-13
36119010400,36005027402,140,2020-04-13
36119010500,36005027402,161,2020-04-13
36119014607,36005027402,402,2020-04-13
36119014701,36005027402,382,2020-04-13
36119014805,36005027402,177,2020-04-13
36005004400,36005027402,230,2020-04-20
36005007200,36005027402,184,2020-04-20
36005009000,36005027402,454,2020-04-20
36005009200,36005027402,142,2020-04-20
36005013800,36005027402,417,2020-04-20
36005014500,36005027402,160,2020-04-20
36005015200,36005027402,299,2020-04-20
36005015800,36005027402,278,2020-04-20
36005016200,36005027402,191,2020-04-20
36005016600,36005027402,141,2020-04-20
36005018301,36005027402,234,2020-04-20
36005018400,36005027402,728,2020-04-20
36005020000,36005027402,361,2020-04-20
36005022200,36005027402,146,2020-04-20
36005024400,36005027402,260,2020-04-20
36005026400,36005027402,208,2020-04-20
36005026602,36005027402,1408,2020-04-20
36005027300,36005027402,167,2020-04-20
36005027401,36005027402,135,2020-04-20
36005027402,36005027402,457,2020-04-20
36005027600,36005027402,493,2020-04-20
36005028300,36005027402,152,2020-04-20
36005030000,36005027402,350,2020-04-20
36005034800,36005027402,155,2020-04-20
36005038500,36005027402,248,2020-04-20
36005038700,36005027402,330,2020-04-20
36005039100,36005027402,178,2020-04-20
36005046202,36005027402,291,2020-04-20
36005050400,36005027402,402,2020-04-20
36005051600,36005027402,156,2020-04-20
36061002602,36005027402,159,2020-04-20
36061005000,36005027402,212,2020-04-20
36061005800,36005027402,434,2020-04-20
36061006000,36005027402,165,2020-04-20
36061006800,36005027402,148,2020-04-20
36061011600,36005027402,257,2020-04-20
36061013900,36005027402,167,2020-04-20
36081008300,36005027402,218,2020-04-20
36081074300,36005027402,227,2020-04-20
36081084900,36005027402,127,2020-04-20
36081086900,36005027402,188,2020-04-20
36081092900,36005027402,216,2020-04-20
36081098700,36005027402,212,2020-04-20
36085002100,36005027402,235,2020-04-20
36119000900,36005027402,153,2020-04-20
36119004600,36005027402,143,2020-04-20
36119005002,36005027402,259,2020-04-20
36119005300,36005027402,167,2020-04-20
36119005701,36005027402,315,2020-04-20
36119005702,36005027402,492,2020-04-20
36119006000,36005027402,168,2020-04-20
36119007100,36005027402,382,2020-04-20
36119008000,36005027402,154,2020-04-20
36119014805,36005027402,354,2020-04-20
34025809301,36005027402,139,2020-04-27
36005004200,36005027402,171,2020-04-27
36005004600,36005027402,141,2020-04-27
36005004800,36005027402,172,2020-04-27
36005005002,36005027402,123,2020-04-27
36005006800,36005027402,205,2020-04-27
36005007100,36005027402,158,2020-04-27
36005009000,36005027402,358,2020-04-27
36005009200,36005027402,145,2020-04-27
36005011000,36005027402,192,2020-04-27
36005011800,36005027402,229,2020-04-27
36005012701,36005027402,162,2020-04-27
36005015200,36005027402,298,2020-04-27
36005016300,36005027402,149,2020-04-27
36005016400,36005027402,123,2020-04-27
36005016600,36005027402,386,2020-04-27
36005017300,36005027402,176,2020-04-27
36005018400,36005027402,530,2020-04-27
36005020000,36005027402,246,2020-04-27
36005021900,36005027402,193,2020-04-27
36005025200,36005027402,123,2020-04-27
36005026400,36005027402,354,2020-04-27
36005026601,36005027402,414,2020-04-27
36005026602,36005027402,1921,2020-04-27
36005027401,36005027402,161,2020-04-27
36005027402,36005027402,2159,2020-04-27
36005028400,36005027402,163,2020-04-27
36005030000,36005027402,619,2020-04-27
36005033400,36005027402,189,2020-04-27
36005042100,36005027402,320,2020-04-27
36005046201,36005027402,316,2020-04-27
36005050400,36005027402,1063,2020-04-27
36005051600,36005027402,135,2020-04-27
36059406600,36005027402,160,2020-04-27
36061006600,36005027402,338,2020-04-27
36061006800,36005027402,185,2020-04-27
36061011600,36005027402,959,2020-04-27
36061012400,36005027402,183,2020-04-27
36061016900,36005027402,193,2020-04-27
36061031703,36005027402,346,2020-04-27
36079011000,36005027402,171,2020-04-27
36079011800,36005027402,376,2020-04-27
36081021600,36005027402,269,2020-04-27
36081086900,36005027402,142,2020-04-27
36081157902,36005027402,173,2020-04-27
36087011102,36005027402,142,2020-04-27
36087013100,36005027402,291,2020-04-27
36119001600,36005027402,263,2020-04-27
36119001700,36005027402,128,2020-04-27
36119002000,36005027402,142,2020-04-27
36119002600,36005027402,133,2020-04-27
36119004600,36005027402,123,2020-04-27
36119005500,36005027402,142,2020-04-27
36119005701,36005027402,413,2020-04-27
36119005902,36005027402,150,2020-04-27
36119006000,36005027402,292,2020-04-27
36119006700,36005027402,123,2020-04-27
36119007000,36005027402,265,2020-04-27
36119007100,36005027402,342,2020-04-27
36119009300,36005027402,185,2020-04-27
36119010400,36005027402,339,2020-04-27
34025809301,36005027402,151,2020-05-04
36005001900,36005027402,222,2020-05-04
36005002500,36005027402,366,2020-05-04
36005004200,36005027402,150,2020-05-04
36005009000,36005027402,251,2020-05-04
36005009200,36005027402,259,2020-05-04
36005009300,36005027402,338,2020-05-04
36005009600,36005027402,111,2020-05-04
36005011700,36005027402,457,2020-05-04
36005013000,36005027402,264,2020-05-04
36005013200,36005027402,127,2020-05-04
36005014500,36005027402,124,2020-05-04
36005014701,36005027402,204,2020-05-04
36005015800,36005027402,315,2020-05-04
36005016200,36005027402,416,2020-05-04
36005016600,36005027402,131,2020-05-04
36005018400,36005027402,363,2020-05-04
36005020000,36005027402,149,2020-05-04
36005020200,36005027402,160,2020-05-04
36005020400,36005027402,158,2020-05-04
36005022200,36005027402,116,2020-05-04
36005022403,36005027402,155,2020-05-04
36005023200,36005027402,134,2020-05-04
36005024800,36005027402,111,2020-05-04
36005025600,36005027402,126,2020-05-04
36005026602,36005027402,1234,2020-05-04
36005027401,36005027402,128,2020-05-04
36005027402,36005027402,879,2020-05-04
36005028400,36005027402,877,2020-05-04
36005030000,36005027402,624,2020-05-04
36005033800,36005027402,135,2020-05-04
36005046201,36005027402,283,2020-05-04
36005050400,36005027402,326,2020-05-04
36005051600,36005027402,174,2020-05-04
36047003700,36005027402,147,2020-05-04
36047061004,36005027402,175,2020-05-04
36059302700,36005027402,128,2020-05-04
36059302800,36005027402,125,2020-05-04
36061002900,36005027402,120,2020-05-04
36061006400,36005027402,324,2020-05-04
36061006600,36005027402,142,2020-05-04
36061007000,36005027402,132,2020-05-04
36061013700,36005027402,146,2020-05-04
36061013900,36005027402,115,2020-05-04
36061016200,36005027402,189,2020-05-04
36061016900,36005027402,178,2020-05-04
36061017300,36005027402,125,2020-05-04
36061019600,36005027402,146,2020-05-04
36061021800,36005027402,162,2020-05-04
36061024200,36005027402,134,2020-05-04
36081005700,36005027402,121,2020-05-04
36081015700,36005027402,257,2020-05-04
36081033402,36005027402,319,2020-05-04
36081087100,36005027402,131,2020-05-04
36081090700,36005027402,281,2020-05-04
36081092900,36005027402,318,2020-05-04
36081155102,36005027402,355,2020-05-04
36087010701,36005027402,189,2020-05-04
36087013002,36005027402,143,2020-05-04
36119002600,36005027402,404,2020-05-04
36119005300,36005027402,139,2020-05-04
36119006000,36005027402,932,2020-05-04
36119006802,36005027402,131,2020-05-04
36119007100,36005027402,214,2020-05-04
36119007200,36005027402,107,2020-05-04
36119008401,36005027402,125,2020-05-04
36119008602,36005027402,147,2020-05-04
36119009300,36005027402,582,2020-05-04
36119009400,36005027402,107,2020-05-04
36119009701,36005027402,171,2020-05-04
36119012102,36005027402,107,2020-05-04
36119014704,36005027402,156,2020-05-04
34003032103,36005027402,232,2020-05-11
34017018301,36005027402,100,2020-05-11
36005001900,36005027402,142,2020-05-11
36005002800,36005027402,140,2020-05-11
36005004800,36005027402,148,2020-05-11
36005005002,36005027402,108,2020-05-11
36005006300,36005027402,181,2020-05-11
36005007800,36005027402,123,2020-05-11
36005009000,36005027402,1234,2020-05-11
36005009200,36005027402,170,2020-05-11
36005011800,36005027402,273,2020-05-11
36005012300,36005027402,174,2020-05-11
36005013800,36005027402,118,2020-05-11
36005015800,36005027402,147,2020-05-11
36005016200,36005027402,284,2020-05-11
36005016400,36005027402,106,2020-05-11
36005016900,36005027402,184,2020-05-11
36005018400,36005027402,469,2020-05-11
36005020000,36005027402,121,2020-05-11
36005022200,36005027402,106,2020-05-11
36005024600,36005027402,172,2020-05-11
36005024800,36005027402,123,2020-05-11
36005025200,36005027402,168,2020-05-11
36005026400,36005027402,255,2020-05-11
36005026602,36005027402,796,2020-05-11
36005027401,36005027402,545,2020-05-11
36005027402,36005027402,821,2020-05-11
36005028400,36005027402,243,2020-05-11
36005029600,36005027402,165,2020-05-11
36005030000,36005027402,247,2020-05-11
36005031000,36005027402,138,2020-05-11
36005033400,36005027402,266,2020-05-11
36005046201,36005027402,278,2020-05-11
36005050400,36005027402,880,2020-05-11
36005051600,36005027402,131,2020-05-11
36047032600,36005027402,108,2020-05-11
36047061004,36005027402,142,2020-05-11
36061002900,36005027402,179,2020-05-11
36061005000,36005027402,168,2020-05-11
36061006200,36005027402,159,2020-05-11
36061006400,36005027402,177,2020-05-11
36061007800,36005027402,198,2020-05-11
36061008100,36005027402,117,2020-05-11
36061009400,36005027402,266,2020-05-11
36061013100,36005027402,152,2020-05-11
36061013700,36005027402,117,2020-05-11
36061019600,36005027402,141,2020-05-11
36079010700,36005027402,106,2020-05-11
36081012301,36005027402,114,2020-05-11
36081021200,36005027402,136,2020-05-11
36081031700,36005027402,124,2020-05-11
36081044302,36005027402,179,2020-05-11
36081086900,36005027402,248,2020-05-11
36087013100,36005027402,195,2020-05-11
36119000900,36005027402,387,2020-05-11
36119001402,36005027402,173,2020-05-11
36119001505,36005027402,171,2020-05-11
36119002600,36005027402,149,2020-05-11
36119004600,36005027402,115,2020-05-11
36119005300,36005027402,294,2020-05-11
36119005500,36005027402,174,2020-05-11
36119005701,36005027402,136,2020-05-11
36119005800,36005027402,240,2020-05-11
36119006802,36005027402,106,2020-05-11
36119006900,36005027402,152,2020-05-11
36119007100,36005027402,463,2020-05-11
36119009300,36005027402,235,2020-05-11
36119009400,36005027402,106,2020-05-11
34025809301,36005027402,108,2020-05-18
36005000400,36005027402,149,2020-05-18
36005007100,36005027402,120,2020-05-18
36005009000,36005027402,1342,2020-05-18
36005009600,36005027402,335,2020-05-18
36005011800,36005027402,364,2020-05-18
36005013000,36005027402,128,2020-05-18
36005015200,36005027402,384,2020-05-18
36005015800,36005027402,116,2020-05-18
36005016200,36005027402,156,2020-05-18
36005018400,36005027402,840,2020-05-18
36005021900,36005027402,132,2020-05-18
36005022901,36005027402,411,2020-05-18
36005025200,36005027402,316,2020-05-18
36005026400,36005027402,314,2020-05-18
36005026602,36005027402,351,2020-05-18
36005027401,36005027402,420,2020-05-18
36005027402,36005027402,1243,2020-05-18
36005028400,36005027402,959,2020-05-18
36005030000,36005027402,444,2020-05-18
36005031000,36005027402,282,2020-05-18
36005032600,36005027402,142,2020-05-18
36005041900,36005027402,158,2020-05-18
36005046201,36005027402,625,2020-05-18
36005050400,36005027402,787,2020-05-18
36005051600,36005027402,143,2020-05-18
36047021100,36005027402,272,2020-05-18
36047060800,36005027402,130,2020-05-18
36059407700,36005027402,150,2020-05-18
36059412100,36005027402,158,2020-05-18
36061002900,36005027402,161,2020-05-18
36061006800,36005027402,114,2020-05-18
36061009000,36005027402,207,2020-05-18
36061012000,36005027402,298,2020-05-18
36061012400,36005027402,266,2020-05-18
36061013700,36005027402,210,2020-05-18
36061014402,36005027402,186,2020-05-18
36061017100,36005027402,197,2020-05-18
36081007100,36005027402,118,2020-05-18
36081024000,36005027402,456,2020-05-18
36081031700,36005027402,328,2020-05-18
36081075701,36005027402,105,2020-05-18
36081086900,36005027402,241,2020-05-18
36081090700,36005027402,457,2020-05-18
36081091900,36005027402,144,2020-05-18
36081098700,36005027402,189,2020-05-18
36119002600,36005027402,145,2020-05-18
36119002700,36005027402,146,2020-05-18
36119004800,36005027402,105,2020-05-18
36119005001,36005027402,196,2020-05-18
36119005002,36005027402,150,2020-05-18
36119005100,36005027402,125,2020-05-18
36119005500,36005027402,113,2020-05-18
36119005701,36005027402,638,2020-05-18
36119005800,36005027402,306,2020-05-18
36119006000,36005027402,117,2020-05-18
36119006100,36005027402,116,2020-05-18
36119007100,36005027402,243,2020-05-18
36119007200,36005027402,424,2020-05-18
36119009300,36005027402,493,2020-05-18
36119010600,36005027402,166,2020-05-18
36119014703,36005027402,139,2020-05-18
36119014806,36005027402,119,2020-05-18
36119981000,36005027402,260,2020-05-18
34003015400,36005027402,119,2020-05-25
34025808800,36005027402,97,2020-05-25
36005000400,36005027402,118,2020-05-25
36005001600,36005027402,160,2020-05-25
36005004200,36005027402,255,2020-05-25
36005006300,36005027402,207,2020-05-25
36005007000,36005027402,146,2020-05-25
36005009000,36005027402,411,2020-05-25
36005009200,36005027402,346,2020-05-25
36005011800,36005027402,154,2020-05-25
36005013000,36005027402,125,2020-05-25
36005013200,36005027402,103,2020-05-25
36005015200,36005027402,355,2020-05-25
36005016200,36005027402,196,2020-05-25
36005016400,36005027402,111,2020-05-25
36005018400,36005027402,230,2020-05-25
36005020000,36005027402,227,2020-05-25
36005022200,36005027402,110,2020-05-25
36005023800,36005027402,122,2020-05-25
36005024800,36005027402,110,2020-05-25
36005026400,36005027402,308,2020-05-25
36005026601,36005027402,291,2020-05-25
36005026602,36005027402,901,2020-05-25
36005027402,36005027402,1561,2020-05-25
36005027600,36005027402,221,2020-05-25
36005028400,36005027402,590,2020-05-25
36005028600,36005027402,169,2020-05-25
36005028800,36005027402,121,2020-05-25
36005029600,36005027402,144,2020-05-25
36005030000,36005027402,549,2020-05-25
36005033201,36005027402,108,2020-05-25
36005034000,36005027402,138,2020-05-25
36005036700,36005027402,157,2020-05-25
36005046201,36005027402,264,2020-05-25
36005050400,36005027402,523,2020-05-25
36005051600,36005027402,392,2020-05-25
36047061004,36005027402,193,2020-05-25
36047061600,36005027402,187,2020-05-25
36059405400,36005027402,114,2020-05-25
36059407700,36005027402,155,2020-05-25
36061001501,36005027402,125,2020-05-25
36061006100,36005027402,110,2020-05-25
36061006400,36005027402,271,2020-05-25
36061007800,36005027402,173,2020-05-25
36061008100,36005027402,109,2020-05-25
36061011600,36005027402,227,2020-05-25
36061011800,36005027402,153,2020-05-25
36061012400,36005027402,136,2020-05-25
36061014602,36005027402,208,2020-05-25
36061014802,36005027402,151,2020-05-25
36061015200,36005027402,113,2020-05-25
36061017100,36005027402,217,2020-05-25
36061017500,36005027402,100,2020-05-25
36061021100,36005027402,133,2020-05-25
36079011500,36005027402,112,2020-05-25
36079011800,36005027402,247,2020-05-25
36081012301,36005027402,283,2020-05-25
36081015900,36005027402,109,2020-05-25
36081021200,36005027402,121,2020-05-25
36081033402,36005027402,154,2020-05-25
36081085300,36005027402,126,2020-05-25
36081086900,36005027402,177,2020-05-25
36081098700,36005027402,133,2020-05-25
36087011700,36005027402,118,2020-05-25
36119000103,36005027402,142,2020-05-25
36119002000,36005027402,137,2020-05-25
36119002104,36005027402,167,2020-05-25
36119002600,36005027402,160,2020-05-25
36119004600,36005027402,115,2020-05-25
36119005002,36005027402,211,2020-05-25
36119005300,36005027402,238,2020-05-25
36119005500,36005027402,100,2020-05-25
36119005701,36005027402,473,2020-05-25
36119005902,36005027402,156,2020-05-25
36119006000,36005027402,144,2020-05-25
36119006900,36005027402,240,2020-05-25
36119007100,36005027402,270,2020-05-25
36119009300,36005027402,324,2020-05-25
36119014808,36005027402,133,2020-05-25
34017002000,36005027402,85,2020-06-01
34025809301,36005027402,102,2020-06-01
36005002800,36005027402,112,2020-06-01
36005004200,36005027402,137,2020-06-01
36005005001,36005027402,135,2020-06-01
36005006300,36005027402,168,2020-06-01
36005006800,36005027402,126,2020-06-01
36005009000,36005027402,268,2020-06-01
36005011800,36005027402,547,2020-06-01
36005013200,36005027402,233,2020-06-01
36005013800,36005027402,181,2020-06-01
36005014500,36005027402,156,2020-06-01
36005015800,36005027402,134,2020-06-01
36005016200,36005027402,122,2020-06-01
36005016400,36005027402,104,2020-06-01
36005016600,36005027402,103,2020-06-01
36005018400,36005027402,279,2020-06-01
36005020000,36005027402,333,2020-06-01
36005023200,36005027402,117,2020-06-01
36005025200,36005027402,372,2020-06-01
36005025400,36005027402,113,2020-06-01
36005026400,36005027402,98,2020-06-01
36005026601,36005027402,387,2020-06-01
36005026602,36005027402,968,2020-06-01
36005027401,36005027402,449,2020-06-01
36005027402,36005027402,796,2020-06-01
36005027600,36005027402,186,2020-06-01
36005028400,36005027402,345,2020-06-01
36005028800,36005027402,104,2020-06-01
36005030000,36005027402,361,2020-06-01
36005031000,36005027402,104,2020-06-01
36005032600,36005027402,118,2020-06-01
36005045102,36005027402,107,2020-06-01
36005046201,36005027402,144,2020-06-01
36005050400,36005027402,440,2020-06-01
36047062800,36005027402,109,2020-06-01
36047086200,36005027402,139,2020-06-01
36061000202,36005027402,170,2020-06-01
36061003100,36005027402,112,2020-06-01
36061005000,36005027402,110,2020-06-01
36061007400,36005027402,98,2020-06-01
36061008200,36005027402,134,2020-06-01
36061009600,36005027402,98,2020-06-01
36061012000,36005027402,271,2020-06-01
36061013500,36005027402,137,2020-06-01
36061013900,36005027402,120,2020-06-01
36061014300,36005027402,115,2020-06-01
36061016800,36005027402,189,2020-06-01
36061022900,36005027402,132,2020-06-01
36081012301,36005027402,169,2020-06-01
36081021200,36005027402,142,2020-06-01
36081084900,36005027402,110,2020-06-01
36081086900,36005027402,169,2020-06-01
36081092900,36005027402,158,2020-06-01
36081098700,36005027402,128,2020-06-01
36081099100,36005027402,134,2020-06-01
36087011000,36005027402,115,2020-06-01
36087013100,36005027402,268,2020-06-01
36119000104,36005027402,140,2020-06-01
36119000900,36005027402,116,2020-06-01
36119002105,36005027402,250,2020-06-01
36119004600,36005027402,235,2020-06-01
36119005001,36005027402,158,2020-06-01
36119005300,36005027402,261,2020-06-01
36119005701,36005027402,222,2020-06-01
36119006000,36005027402,374,2020-06-01
36119006802,36005027402,114,2020-06-01
36119007100,36005027402,278,2020-06-01
36119007300,36005027402,98,2020-06-01
36119007600,36005027402,136,2020-06-01
36119008500,36005027402,113,2020-06-01
36119009300,36005027402,313,2020-06-01
36119981000,36005027402,235,2020-06-01
34023003002,36005027402,95,2020-06-08
36005001900,36005027402,166,2020-06-08
36005004400,36005027402,105,2020-06-08
36005004800,36005027402,175,2020-06-08
36005005902,36005027402,228,2020-06-08
36005009000,36005027402,1081,2020-06-08
36005009200,36005027402,119,2020-06-08
36005009600,36005027402,121,2020-06-08
36005011800,36005027402,293,2020-06-08
36005013200,36005027402,115,2020-06-08
36005013800,36005027402,242,2020-06-08
36005015300,36005027402,137,2020-06-08
36005016200,36005027402,217,2020-06-08
36005018400,36005027402,554,2020-06-08
36005019400,36005027402,431,2020-06-08
36005020000,36005027402,434,2020-06-08
36005020200,36005027402,169,2020-06-08
36005021900,36005027402,113,2020-06-08
36005022200,36005027402,232,2020-06-08
36005023200,36005027402,107,2020-06-08
36005025200,36005027402,146,2020-06-08
36005025400,36005027402,110,2020-06-08
36005026400,36005027402,126,2020-06-08
36005026601,36005027402,97,2020-06-08
36005026602,36005027402,1045,2020-06-08
36005027401,36005027402,614,2020-06-08
36005027402,36005027402,1113,2020-06-08
36005028400,36005027402,230,2020-06-08
36005028800,36005027402,250,2020-06-08
36005029600,36005027402,262,2020-06-08
36005030000,36005027402,1106,2020-06-08
36005033400,36005027402,144,2020-06-08
36005033500,36005027402,165,2020-06-08
36005033600,36005027402,141,2020-06-08
36005035800,36005027402,251,2020-06-08
36005038900,36005027402,182,2020-06-08
36005040100,36005027402,111,2020-06-08
36005046201,36005027402,790,2020-06-08
36005050400,36005027402,502,2020-06-08
36005051600,36005027402,100,2020-06-08
36047004300,36005027402,160,2020-06-08
36047006400,36005027402,136,2020-06-08
36047029200,36005027402,145,2020-06-08
36047036002,36005027402,122,2020-06-08
36047060000,36005027402,153,2020-06-08
36047062800,36005027402,271,2020-06-08
36059303101,36005027402,153,2020-06-08
36059407700,36005027402,129,2020-06-08
36059416402,36005027402,140,2020-06-08
36059416702,36005027402,115,2020-06-08
36061002900,36005027402,114,2020-06-08
36061003100,36005027402,144,2020-06-08
36061005600,36005027402,106,2020-06-08
36061006400,36005027402,354,2020-06-08
36061007400,36005027402,137,2020-06-08
36061007600,36005027402,121,2020-06-08
36061008200,36005027402,160,2020-06-08
36061009400,36005027402,143,2020-06-08
36061009500,36005027402,119,2020-06-08
36061010601,36005027402,207,2020-06-08
36061010800,36005027402,265,2020-06-08
36061011600,36005027402,429,2020-06-08
36061013700,36005027402,195,2020-06-08
36061013900,36005027402,132,2020-06-08
36061014602,36005027402,130,2020-06-08
36061014802,36005027402,126,2020-06-08
36061015200,36005027402,148,2020-06-08
36061022200,36005027402,139,2020-06-08
36081007100,36005027402,135,2020-06-08
36081023200,36005027402,142,2020-06-08
36081027900,36005027402,143,2020-06-08
36081090700,36005027402,298,2020-06-08
36081091800,36005027402,128,2020-06-08
36081099100,36005027402,124,2020-06-08
36081115700,36005027402,120,2020-06-08
36087010902,36005027402,164,2020-06-08
36087011102,36005027402,102,2020-06-08
36103135205,36005027402,115,2020-06-08
36103190800,36005027402,115,2020-06-08
36119000104,36005027402,154,2020-06-08
36119002104,36005027402,163,2020-06-08
36119002600,36005027402,237,2020-06-08
36119004600,36005027402,466,2020-06-08
36119005002,36005027402,130,2020-06-08
36119005100,36005027402,115,2020-06-08
36119005500,36005027402,339,2020-06-08
36119005701,36005027402,109,2020-06-08
36119006000,36005027402,102,2020-06-08
36119006802,36005027402,115,2020-06-08
36119007100,36005027402,389,2020-06-08
36119007500,36005027402,136,2020-06-08
36119010801,36005027402,131,2020-06-08
36119012102,36005027402,119,2020-06-08
34013980200,36005027402,155,2020-06-15
34025812100,36005027402,260,2020-06-15
36005001900,36005027402,112,2020-06-15
36005002800,36005027402,130,2020-06-15
36005004600,36005027402,127,2020-06-15
36005009000,36005027402,286,2020-06-15
36005009200,36005027402,159,2020-06-15
36005009600,36005027402,226,2020-06-15
36005011000,36005027402,171,2020-06-15
36005011800,36005027402,440,2020-06-15
36005015200,36005027402,402,2020-06-15
36005015800,36005027402,130,2020-06-15
36005016400,36005027402,108,2020-06-15
36005016600,36005027402,284,2020-06-15
36005018400,36005027402,804,2020-06-15
36005019400,36005027402,130,2020-06-15
36005023200,36005027402,134,2020-06-15
36005025000,36005027402,150,2020-06-15
36005025400,36005027402,143,2020-06-15
36005026601,36005027402,147,2020-06-15
36005026602,36005027402,1317,2020-06-15
36005027401,36005027402,704,2020-06-15
36005027402,36005027402,966,2020-06-15
36005029600,36005027402,162,2020-06-15
36005030000,36005027402,439,2020-06-15
36005035600,36005027402,331,2020-06-15
36005042300,36005027402,151,2020-06-15
36005046201,36005027402,324,2020-06-15
36005046202,36005027402,121,2020-06-15
36005050400,36005027402,885,2020-06-15
36005051600,36005027402,272,2020-06-15
36061004200,36005027402,136,2020-06-15
36061009000,36005027402,162,2020-06-15
36061010800,36005027402,134,2020-06-15
36061011600,36005027402,198,2020-06-15
36061013400,36005027402,128,2020-06-15
36061013700,36005027402,431,2020-06-15
36061014402,36005027402,161,2020-06-15
36061023200,36005027402,194,2020-06-15
36081006501,36005027402,138,2020-06-15
36081021200,36005027402,192,2020-06-15
36081085300,36005027402,125,2020-06-15
36081086900,36005027402,166,2020-06-15
36081087100,36005027402,135,2020-06-15
36081091900,36005027402,124,2020-06-15
36081092900,36005027402,349,2020-06-15
36081098100,36005027402,162,2020-06-15
36081116300,36005027402,150,2020-06-15
36087013100,36005027402,688,2020-06-15
36119001401,36005027402,120,2020-06-15
36119002000,36005027402,291,2020-06-15
36119002404,36005027402,114,2020-06-15
36119002600,36005027402,268,2020-06-15
36119004600,36005027402,241,2020-06-15
36119005002,36005027402,494,2020-06-15
36119005100,36005027402,128,2020-06-15
36119005300,36005027402,264,2020-06-15
36119005500,36005027402,240,2020-06-15
36119005701,36005027402,124,2020-06-15
36119006000,36005027402,282,2020-06-15
36119006100,36005027402,135,2020-06-15
36119006700,36005027402,126,2020-06-15
36119007100,36005027402,511,2020-06-15
36119007200,36005027402,277,2020-06-15
36119007600,36005027402,154,2020-06-15
36119011000,36005027402,162,2020-06-15
36119013202,36005027402,138,2020-06-15
36119014808,36005027402,152,2020-06-15
34003042500,36005027402,87,2020-06-22
34013006800,36005027402,147,2020-06-22
34025809301,36005027402,204,2020-06-22
34025809302,36005027402,168,2020-06-22
36005000400,36005027402,144,2020-06-22
36005005400,36005027402,131,2020-06-22
36005006200,36005027402,147,2020-06-22
36005007300,36005027402,142,2020-06-22
36005008500,36005027402,154,2020-06-22
36005009000,36005027402,1504,2020-06-22
36005009200,36005027402,249,2020-06-22
36005009600,36005027402,311,2020-06-22
36005011000,36005027402,111,2020-06-22
36005011800,36005027402,596,2020-06-22
36005013200,36005027402,273,2020-06-22
36005013800,36005027402,148,2020-06-22
36005014500,36005027402,142,2020-06-22
36005015200,36005027402,365,2020-06-22
36005015700,36005027402,350,2020-06-22
36005015800,36005027402,226,2020-06-22
36005016200,36005027402,117,2020-06-22
36005016400,36005027402,132,2020-06-22
36005018302,36005027402,164,2020-06-22
36005018400,36005027402,1075,2020-06-22
36005019400,36005027402,269,2020-06-22
36005020000,36005027402,766,2020-06-22
36005021700,36005027402,150,2020-06-22
36005021900,36005027402,165,2020-06-22
36005023200,36005027402,277,2020-06-22
36005023800,36005027402,143,2020-06-22
36005024600,36005027402,121,2020-06-22
36005025200,36005027402,180,2020-06-22
36005025400,36005027402,221,2020-06-22
36005026400,36005027402,364,2020-06-22
36005026601,36005027402,504,2020-06-22
36005026602,36005027402,1385,2020-06-22
36005027401,36005027402,142,2020-06-22
36005027402,36005027402,1576,2020-06-22
36005027600,36005027402,374,2020-06-22
36005028500,36005027402,123,2020-06-22
36005028900,36005027402,144,2020-06-22
36005029500,36005027402,164,2020-06-22
36005029600,36005027402,127,2020-06-22
36005030000,36005027402,914,2020-06-22
36005031000,36005027402,130,2020-06-22
36005036000,36005027402,194,2020-06-22
36005042100,36005027402,257,2020-06-22
36005043500,36005027402,170,2020-06-22
36005046000,36005027402,119,2020-06-22
36005046201,36005027402,176,2020-06-22
36005050400,36005027402,397,2020-06-22
36005051600,36005027402,166,2020-06-22
36047035200,36005027402,171,2020-06-22
36059410900,36005027402,121,2020-06-22
36061001501,36005027402,114,2020-06-22
36061002900,36005027402,244,2020-06-22
36061005600,36005027402,117,2020-06-22
36061010800,36005027402,156,2020-06-22
36061012000,36005027402,238,2020-06-22
36061013700,36005027402,232,2020-06-22
36061015300,36005027402,177,2020-06-22
36061015601,36005027402,171,2020-06-22
36061017500,36005027402,379,2020-06-22
36061017900,36005027402,123,2020-06-22
36061018200,36005027402,128,2020-06-22
36061029300,36005027402,140,2020-06-22
36081015700,36005027402,167,2020-06-22
36081026300,36005027402,166,2020-06-22
36081032900,36005027402,143,2020-06-22
36081064102,36005027402,138,2020-06-22
36081086900,36005027402,414,2020-06-22
36081098700,36005027402,129,2020-06-22
36081099705,36005027402,113,2020-06-22
36087013100,36005027402,209,2020-06-22
36119000900,36005027402,128,2020-06-22
36119001401,36005027402,147,2020-06-22
36119002600,36005027402,640,2020-06-22
36119003400,36005027402,132,2020-06-22
36119004600,36005027402,123,2020-06-22
36119004700,36005027402,120,2020-06-22
36119005002,36005027402,791,2020-06-22
36119005100,36005027402,291,2020-06-22
36119005300,36005027402,303,2020-06-22
36119005500,36005027402,329,2020-06-22
36119005701,36005027402,764,2020-06-22
36119005901,36005027402,151,2020-06-22
36119006000,36005027402,492,2020-06-22
36119006300,36005027402,190,2020-06-22
36119006700,36005027402,198,2020-06-22
36119006802,36005027402,242,2020-06-22
36119007000,36005027402,139,2020-06-22
36119007100,36005027402,174,2020-06-22
36119007200,36005027402,591,2020-06-22
36119007800,36005027402,150,2020-06-22
36119008100,36005027402,130,2020-06-22
36119009300,36005027402,303,2020-06-22
36119009701,36005027402,124,2020-06-22
36119009703,36005027402,105,2020-06-22
34003015400,36005027402,121,2020-06-29
34017019400,36005027402,98,2020-06-29
34023007402,36005027402,87,2020-06-29
34025809301,36005027402,123,2020-06-29
36005006200,36005027402,164,2020-06-29
36005009000,36005027402,1576,2020-06-29
36005011000,36005027402,190,2020-06-29
36005011800,36005027402,137,2020-06-29
36005012500,36005027402,112,2020-06-29
36005013200,36005027402,119,2020-06-29
36005013800,36005027402,402,2020-06-29
36005015200,36005027402,440,2020-06-29
36005015800,36005027402,145,2020-06-29
36005016100,36005027402,143,2020-06-29
36005016400,36005027402,117,2020-06-29
36005016600,36005027402,195,2020-06-29
36005016900,36005027402,139,2020-06-29
36005018400,36005027402,837,2020-06-29
36005020000,36005027402,413,2020-06-29
36005021602,36005027402,146,2020-06-29
36005021900,36005027402,272,2020-06-29
36005025000,36005027402,120,2020-06-29
36005025200,36005027402,201,2020-06-29
36005025400,36005027402,104,2020-06-29
36005026400,36005027402,511,2020-06-29
36005026601,36005027402,234,2020-06-29
36005026602,36005027402,1697,2020-06-29
36005027300,36005027402,140,2020-06-29
36005027401,36005027402,1103,2020-06-29
36005027402,36005027402,1503,2020-06-29
36005027600,36005027402,360,2020-06-29
36005028400,36005027402,877,2020-06-29
36005028700,36005027402,164,2020-06-29
36005029500,36005027402,152,2020-06-29
36005029600,36005027402,131,2020-06-29
36005029700,36005027402,122,2020-06-29
36005030000,36005027402,1131,2020-06-29
36005034000,36005027402,119,2020-06-29
36005035100,36005027402,110,2020-06-29
36005040501,36005027402,194,2020-06-29
36005046201,36005027402,575,2020-06-29
36005050400,36005027402,618,2020-06-29
36005051600,36005027402,107,2020-06-29
36047039200,36005027402,373,2020-06-29
36047060800,36005027402,151,2020-06-29
36047080400,36005027402,174,2020-06-29
36059405400,36005027402,123,2020-06-29
36059416900,36005027402,146,2020-06-29
36059518900,36005027402,223,2020-06-29
36061005000,36005027402,117,2020-06-29
36061012000,36005027402,217,2020-06-29
36061013700,36005027402,130,2020-06-29
36061013900,36005027402,302,2020-06-29
36061017500,36005027402,132,2020-06-29
36081024300,36005027402,259,2020-06-29
36081030904,36005027402,166,2020-06-29
36081032900,36005027402,248,2020-06-29
36081042700,36005027402,172,2020-06-29
36081086900,36005027402,282,2020-06-29
36081094500,36005027402,122,2020-06-29
36103159505,36005027402,194,2020-06-29
36103190401,36005027402,110,2020-06-29
36119000802,36005027402,234,2020-06-29
36119000900,36005027402,249,2020-06-29
36119002000,36005027402,161,2020-06-29
36119002404,36005027402,127,2020-06-29
36119003400,36005027402,114,2020-06-29
36119005002,36005027402,287,2020-06-29
36119005200,36005027402,178,2020-06-29
36119005300,36005027402,272,2020-06-29
36119005500,36005027402,111,2020-06-29
36119005701,36005027402,228,2020-06-29
36119006000,36005027402,526,2020-06-29
36119006100,36005027402,116,2020-06-29
36119006802,36005027402,236,2020-06-29
36119007100,36005027402,255,2020-06-29
36119007200,36005027402,166,2020-06-29
36119007800,36005027402,107,2020-06-29
36119008000,36005027402,126,2020-06-29
36119009300,36005027402,434,2020-06-29
36119014607,36005027402,130,2020-06-29
34013980200,36005027402,105,2020-07-06
34029738001,36005027402,127,2020-07-06
34029738002,36005027402,344,2020-07-06
36005002800,36005027402,127,2020-07-06
36005004200,36005027402,131,2020-07-06
36005006300,36005027402,134,2020-07-06
36005008500,36005027402,179,2020-07-06
36005009000,36005027402,625,2020-07-06
36005009200,36005027402,178,2020-07-06
36005009600,36005027402,121,2020-07-06
36005012300,36005027402,140,2020-07-06
36005013800,36005027402,480,2020-07-06
36005014400,36005027402,155,2020-07-06
36005015200,36005027402,576,2020-07-06
36005015800,36005027402,483,2020-07-06
36005016200,36005027402,142,2020-07-06
36005016600,36005027402,542,2020-07-06
36005018400,36005027402,369,2020-07-06
36005018900,36005027402,195,2020-07-06
36005020000,36005027402,470,2020-07-06
36005021001,36005027402,126,2020-07-06
36005022200,36005027402,260,2020-07-06
36005022403,36005027402,185,2020-07-06
36005022702,36005027402,169,2020-07-06
36005023200,36005027402,137,2020-07-06
36005024800,36005027402,181,2020-07-06
36005025200,36005027402,130,2020-07-06
36005026400,36005027402,251,2020-07-06
36005026601,36005027402,141,2020-07-06
36005026602,36005027402,1300,2020-07-06
36005027401,36005027402,632,2020-07-06
36005027402,36005027402,2194,2020-07-06
36005028400,36005027402,150,2020-07-06
36005028800,36005027402,276,2020-07-06
36005028900,36005027402,132,2020-07-06
36005029500,36005027402,431,2020-07-06
36005029600,36005027402,125,2020-07-06
36005030000,36005027402,826,2020-07-06
36005031000,36005027402,119,2020-07-06
36005042100,36005027402,250,2020-07-06
36005046201,36005027402,579,2020-07-06
36005050400,36005027402,778,2020-07-06
36005051600,36005027402,171,2020-07-06
36047060600,36005027402,114,2020-07-06
36047062800,36005027402,117,2020-07-06
36047070203,36005027402,163,2020-07-06
36059416600,36005027402,137,2020-07-06
36059416702,36005027402,156,2020-07-06
36061009200,36005027402,128,2020-07-06
36061011800,36005027402,147,2020-07-06
36061013700,36005027402,466,2020-07-06
36061013900,36005027402,133,2020-07-06
36061014402,36005027402,271,2020-07-06
36061017900,36005027402,156,2020-07-06
36061019900,36005027402,305,2020-07-06
36061028700,36005027402,108,2020-07-06
36061030900,36005027402,146,2020-07-06
36081021200,36005027402,115,2020-07-06
36081031700,36005027402,240,2020-07-06
36081032900,36005027402,252,2020-07-06
36081071600,36005027402,243,2020-07-06
36081091800,36005027402,138,2020-07-06
36081098700,36005027402,138,2020-07-06
36081099100,36005027402,152,2020-07-06
36087013100,36005027402,194,2020-07-06
36103145604,36005027402,116,2020-07-06
36103158511,36005027402,142,2020-07-06
36119000201,36005027402,135,2020-07-06
36119000900,36005027402,121,2020-07-06
36119002000,36005027402,161,2020-07-06
36119002104,36005027402,135,2020-07-06
36119002105,36005027402,156,2020-07-06
36119002600,36005027402,899,2020-07-06
36119004800,36005027402,132,2020-07-06
36119005001,36005027402,199,2020-07-06
36119005002,36005027402,234,2020-07-06
36119005100,36005027402,217,2020-07-06
36119005300,36005027402,399,2020-07-06
36119005500,36005027402,113,2020-07-06
36119005701,36005027402,555,2020-07-06
36119005901,36005027402,299,2020-07-06
36119005902,36005027402,257,2020-07-06
36119006000,36005027402,363,2020-07-06
36119006200,36005027402,183,2020-07-06
36119006801,36005027402,122,2020-07-06
36119006802,36005027402,136,2020-07-06
36119006900,36005027402,242,2020-07-06
36119007100,36005027402,190,2020-07-06
36119007200,36005027402,385,2020-07-06
36119007401,36005027402,105,2020-07-06
36119008800,36005027402,161,2020-07-06
36119009300,36005027402,360,2020-07-06
36119010400,36005027402,269,2020-07-06
36119010801,36005027402,128,2020-07-06
36119014805,36005027402,124,2020-07-06
34025808200,36005027402,111,2020-07-13
34025809301,36005027402,128,2020-07-13
34035052201,36005027402,117,2020-07-13
34037374800,36005027402,162,2020-07-13
34039039800,36005027402,106,2020-07-13
36005002400,36005027402,170,2020-07-13
36005004800,36005027402,111,2020-07-13
36005007800,36005027402,231,2020-07-13
36005008700,36005027402,106,2020-07-13
36005009000,36005027402,1147,2020-07-13
36005009200,36005027402,109,2020-07-13
36005009600,36005027402,410,2020-07-13
36005011800,36005027402,733,2020-07-13
36005013200,36005027402,180,2020-07-13
36005013800,36005027402,307,2020-07-13
36005015200,36005027402,101,2020-07-13
36005015800,36005027402,460,2020-07-13
36005016200,36005027402,237,2020-07-13
36005016400,36005027402,112,2020-07-13
36005016600,36005027402,142,2020-07-13
36005018400,36005027402,688,2020-07-13
36005020000,36005027402,426,2020-07-13
36005022200,36005027402,124,2020-07-13
36005025600,36005027402,119,2020-07-13
36005026400,36005027402,527,2020-07-13
36005026601,36005027402,221,2020-07-13
36005026602,36005027402,1166,2020-07-13
36005027300,36005027402,123,2020-07-13
36005027401,36005027402,606,2020-07-13
36005027402,36005027402,1764,2020-07-13
36005028400,36005027402,907,2020-07-13
36005028800,36005027402,130,2020-07-13
36005030000,36005027402,1105,2020-07-13
36005031000,36005027402,248,2020-07-13
36005038900,36005027402,118,2020-07-13
36005039100,36005027402,262,2020-07-13
36005042500,36005027402,151,2020-07-13
36005046201,36005027402,614,2020-07-13
36005050400,36005027402,632,2020-07-13
36005051600,36005027402,433,2020-07-13
36047038600,36005027402,158,2020-07-13
36047044900,36005027402,175,2020-07-13
36047059000,36005027402,114,2020-07-13
36047117400,36005027402,188,2020-07-13
36047118800,36005027402,135,2020-07-13
36059416600,36005027402,136,2020-07-13
36059518700,36005027402,124,2020-07-13
36061002602,36005027402,126,2020-07-13
36061004700,36005027402,101,2020-07-13
36061006200,36005027402,181,2020-07-13
36061006400,36005027402,145,2020-07-13
36061006800,36005027402,219,2020-07-13
36061007400,36005027402,163,2020-07-13
36061009200,36005027402,384,2020-07-13
36061010300,36005027402,136,2020-07-13
36061011100,36005027402,101,2020-07-13
36061011600,36005027402,686,2020-07-13
36061013700,36005027402,249,2020-07-13
36061014300,36005027402,159,2020-07-13
36061014402,36005027402,147,2020-07-13
36061017100,36005027402,119,2020-07-13
36061017200,36005027402,145,2020-07-13
36061017500,36005027402,101,2020-07-13
36061019600,36005027402,136,2020-07-13
36061025700,36005027402,110,2020-07-13
36079011400,36005027402,257,2020-07-13
36079011500,36005027402,153,2020-07-13
36081005900,36005027402,120,2020-07-13
36081020500,36005027402,126,2020-07-13
36081021900,36005027402,142,2020-07-13
36081085300,36005027402,115,2020-07-13
36081086100,36005027402,275,2020-07-13
36081086900,36005027402,123,2020-07-13
36081146700,36005027402,151,2020-07-13
36103145701,36005027402,174,2020-07-13
36103159510,36005027402,431,2020-07-13
36119000900,36005027402,274,2020-07-13
36119002000,36005027402,287,2020-07-13
36119002403,36005027402,184,2020-07-13
36119002600,36005027402,148,2020-07-13
36119005001,36005027402,391,2020-07-13
36119005100,36005027402,249,2020-07-13
36119005300,36005027402,149,2020-07-13
36119005500,36005027402,469,2020-07-13
36119005902,36005027402,140,2020-07-13
36119006000,36005027402,135,2020-07-13
36119006802,36005027402,119,2020-07-13
36119006900,36005027402,136,2020-07-13
36119009300,36005027402,143,2020-07-13
36119010500,36005027402,114,2020-07-13
36119010804,36005027402,110,2020-07-13
36119014701,36005027402,119,2020-07-13
36119014704,36005027402,149,2020-07-13
34025808500,36005027402,181,2020-07-20
34025809301,36005027402,117,2020-07-20
34029739000,36005027402,108,2020-07-20
36005002800,36005027402,101,2020-07-20
36005004200,36005027402,150,2020-07-20
36005004800,36005027402,143,2020-07-20
36005005002,36005027402,185,2020-07-20
36005005100,36005027402,125,2020-07-20
36005005400,36005027402,133,2020-07-20
36005007500,36005027402,118,2020-07-20
36005007800,36005027402,254,2020-07-20
36005009000,36005027402,623,2020-07-20
36005009200,36005027402,157,2020-07-20
36005009300,36005027402,366,2020-07-20
36005009600,36005027402,355,2020-07-20
36005011800,36005027402,184,2020-07-20
36005013200,36005027402,136,2020-07-20
36005013500,36005027402,283,2020-07-20
36005013800,36005027402,549,2020-07-20
36005014400,36005027402,100,2020-07-20
36005015200,36005027402,292,2020-07-20
36005015800,36005027402,736,2020-07-20
36005016200,36005027402,230,2020-07-20
36005016400,36005027402,100,2020-07-20
36005016600,36005027402,157,2020-07-20
36005018400,36005027402,1432,2020-07-20
36005020000,36005027402,689,2020-07-20
36005021602,36005027402,260,2020-07-20
36005022000,36005027402,124,2020-07-20
36005022200,36005027402,156,2020-07-20
36005022703,36005027402,205,2020-07-20
36005023200,36005027402,153,2020-07-20
36005024700,36005027402,162,2020-07-20
36005025000,36005027402,182,2020-07-20
36005025600,36005027402,191,2020-07-20
36005026601,36005027402,221,2020-07-20
36005026602,36005027402,1498,2020-07-20
36005027300,36005027402,123,2020-07-20
36005027402,36005027402,2031,2020-07-20
36005027600,36005027402,171,2020-07-20
36005028400,36005027402,287,2020-07-20
36005028600,36005027402,141,2020-07-20
36005028800,36005027402,118,2020-07-20
36005029600,36005027402,369,2020-07-20
36005030000,36005027402,1512,2020-07-20
36005033000,36005027402,117,2020-07-20
36005033400,36005027402,239,2020-07-20
36005038302,36005027402,129,2020-07-20
36005039600,36005027402,111,2020-07-20
36005042100,36005027402,206,2020-07-20
36005042500,36005027402,115,2020-07-20
36005046201,36005027402,909,2020-07-20
36005046202,36005027402,300,2020-07-20
36005050400,36005027402,847,2020-07-20
36005051600,36005027402,393,2020-07-20
36047030700,36005027402,165,2020-07-20
36047044900,36005027402,196,2020-07-20
36047060600,36005027402,113,2020-07-20
36059301500,36005027402,193,2020-07-20
36059416900,36005027402,216,2020-07-20
36059522000,36005027402,269,2020-07-20
36061003002,36005027402,191,2020-07-20
36061003100,36005027402,134,2020-07-20
36061004500,36005027402,116,2020-07-20
36061004800,36005027402,216,2020-07-20
36061005000,36005027402,155,2020-07-20
36061006200,36005027402,185,2020-07-20
36061006800,36005027402,112,2020-07-20
36061009200,36005027402,301,2020-07-20
36061011600,36005027402,466,2020-07-20
36061011800,36005027402,140,2020-07-20
36061012000,36005027402,212,2020-07-20
36061012400,36005027402,150,2020-07-20
36061013700,36005027402,161,2020-07-20
36061014402,36005027402,140,2020-07-20
36061017100,36005027402,100,2020-07-20
36061019300,36005027402,136,2020-07-20
36061027700,36005027402,105,2020-07-20
36081021200,36005027402,172,2020-07-20
36081031700,36005027402,181,2020-07-20
36081032900,36005027402,241,2020-07-20
36081051700,36005027402,169,2020-07-20
36081061301,36005027402,129,2020-07-20
36081071600,36005027402,187,2020-07-20
36081085300,36005027402,230,2020-07-20
36081092900,36005027402,169,2020-07-20
36081099705,36005027402,124,2020-07-20
36087013100,36005027402,224,2020-07-20
36103123701,36005027402,107,2020-07-20
36119000402,36005027402,141,2020-07-20
36119000900,36005027402,264,2020-07-20
36119001600,36005027402,227,2020-07-20
36119002000,36005027402,155,2020-07-20
36119004800,36005027402,138,2020-07-20
36119005100,36005027402,146,2020-07-20
36119005200,36005027402,172,2020-07-20
36119005300,36005027402,470,2020-07-20
36119005500,36005027402,317,2020-07-20
36119005701,36005027402,147,2020-07-20
36119005800,36005027402,144,2020-07-20
36119005902,36005027402,171,2020-07-20
36119006000,36005027402,450,2020-07-20
36119006300,36005027402,187,2020-07-20
36119006802,36005027402,253,2020-07-20
36119007000,36005027402,245,2020-07-20
36119007100,36005027402,246,2020-07-20
36119007200,36005027402,262,2020-07-20
36119007300,36005027402,325,2020-07-20
36119008404,36005027402,114,2020-07-20
36119008500,36005027402,114,2020-07-20
36119010400,36005027402,133,2020-07-20
36119010600,36005027402,195,2020-07-20
36119011800,36005027402,164,2020-07-20
36119012200,36005027402,105,2020-07-20
36119981000,36005027402,143,2020-07-20
34017014800,36005027402,83,2020-07-27
34017019800,36005027402,81,2020-07-27
34025808500,36005027402,173,2020-07-27
34025809301,36005027402,89,2020-07-27
34037374700,36005027402,121,2020-07-27
36005004001,36005027402,153,2020-07-27
36005004200,36005027402,266,2020-07-27
36005009000,36005027402,1284,2020-07-27
36005009600,36005027402,173,2020-07-27
36005011800,36005027402,166,2020-07-27
36005013000,36005027402,101,2020-07-27
36005013800,36005027402,315,2020-07-27
36005014400,36005027402,165,2020-07-27
36005015200,36005027402,545,2020-07-27
36005015800,36005027402,908,2020-07-27
36005016200,36005027402,239,2020-07-27
36005016400,36005027402,93,2020-07-27
36005016600,36005027402,214,2020-07-27
36005016900,36005027402,184,2020-07-27
36005018302,36005027402,219,2020-07-27
36005018400,36005027402,373,2020-07-27
36005019500,36005027402,151,2020-07-27
36005020000,36005027402,499,2020-07-27
36005020400,36005027402,185,2020-07-27
36005021302,36005027402,126,2020-07-27
36005021602,36005027402,117,2020-07-27
36005022101,36005027402,136,2020-07-27
36005023200,36005027402,266,2020-07-27
36005023900,36005027402,166,2020-07-27
36005024600,36005027402,145,2020-07-27
36005025200,36005027402,98,2020-07-27
36005025600,36005027402,102,2020-07-27
36005026400,36005027402,466,2020-07-27
36005026601,36005027402,487,2020-07-27
36005026602,36005027402,1281,2020-07-27
36005027401,36005027402,134,2020-07-27
36005027402,36005027402,1776,2020-07-27
36005028400,36005027402,744,2020-07-27
36005030000,36005027402,1259,2020-07-27
36005031000,36005027402,125,2020-07-27
36005033400,36005027402,159,2020-07-27
36005036000,36005027402,124,2020-07-27
36005037300,36005027402,121,2020-07-27
36005038100,36005027402,128,2020-07-27
36005039100,36005027402,104,2020-07-27
36005043100,36005027402,155,2020-07-27
36005046201,36005027402,156,2020-07-27
36005046202,36005027402,164,2020-07-27
36005050400,36005027402,565,2020-07-27
36005051600,36005027402,315,2020-07-27
36047001500,36005027402,123,2020-07-27
36047036501,36005027402,128,2020-07-27
36047056100,36005027402,187,2020-07-27
36059301200,36005027402,166,2020-07-27
36059405400,36005027402,129,2020-07-27
36059407301,36005027402,293,2020-07-27
36061001501,36005027402,155,2020-07-27
36061005400,36005027402,126,2020-07-27
36061007200,36005027402,158,2020-07-27
36061008603,36005027402,210,2020-07-27
36061009200,36005027402,321,2020-07-27
36061009800,36005027402,118,2020-07-27
36061010800,36005027402,101,2020-07-27
36061011300,36005027402,103,2020-07-27
36061011800,36005027402,269,2020-07-27
36061013500,36005027402,132,2020-07-27
36061014401,36005027402,108,2020-07-27
36061014802,36005027402,257,2020-07-27
36061017100,36005027402,117,2020-07-27
36061019600,36005027402,229,2020-07-27
36061029500,36005027402,118,2020-07-27
36079011200,36005027402,277,2020-07-27
36081008100,36005027402,156,2020-07-27
36081010701,36005027402,160,2020-07-27
36081011500,36005027402,213,2020-07-27
36081011900,36005027402,129,2020-07-27
36081012301,36005027402,162,2020-07-27
36081045000,36005027402,93,2020-07-27
36081069702,36005027402,117,2020-07-27
36081084500,36005027402,136,2020-07-27
36081085300,36005027402,93,2020-07-27
36081091900,36005027402,129,2020-07-27
36081098100,36005027402,109,2020-07-27
36085029103,36005027402,160,2020-07-27
36087013100,36005027402,183,2020-07-27
36103122300,36005027402,120,2020-07-27
36103159412,36005027402,98,2020-07-27
36119000900,36005027402,195,2020-07-27
36119001102,36005027402,121,2020-07-27
36119002000,36005027402,256,2020-07-27
36119002105,36005027402,203,2020-07-27
36119002600,36005027402,538,2020-07-27
36119002700,36005027402,121,2020-07-27
36119005002,36005027402,99,2020-07-27
36119005100,36005027402,366,2020-07-27
36119005300,36005027402,276,2020-07-27
36119005701,36005027402,320,2020-07-27
36119005901,36005027402,144,2020-07-27
36119005902,36005027402,109,2020-07-27
36119006000,36005027402,132,2020-07-27
36119006802,36005027402,341,2020-07-27
36119006900,36005027402,305,2020-07-27
36119007100,36005027402,140,2020-07-27
36119007200,36005027402,93,2020-07-27
36119007800,36005027402,127,2020-07-27
36119008000,36005027402,221,2020-07-27
36119008301,36005027402,144,2020-07-27
36119008500,36005027402,109,2020-07-27
36119009300,36005027402,164,2020-07-27
36119009400,36005027402,108,2020-07-27
36119011200,36005027402,108,2020-07-27
36119013301,36005027402,133,2020-07-27
36119013600,36005027402,133,2020-07-27
36119014806,36005027402,107,2020-07-27
36119981000,36005027402,341,2020-07-27
34003042500,36005027402,208,2020-08-03
34025808300,36005027402,118,2020-08-03
34025808401,36005027402,101,2020-08-03
34025808402,36005027402,212,2020-08-03
34025809301,36005027402,101,2020-08-03
34031175701,36005027402,120,2020-08-03
36005004400,36005027402,130,2020-08-03
36005006200,36005027402,147,2020-08-03
36005006400,36005027402,114,2020-08-03
36005007200,36005027402,119,2020-08-03
36005007800,36005027402,200,2020-08-03
36005008500,36005027402,143,2020-08-03
36005009000,36005027402,772,2020-08-03
36005009200,36005027402,151,2020-08-03
36005011800,36005027402,175,2020-08-03
36005013200,36005027402,109,2020-08-03
36005013800,36005027402,296,2020-08-03
36005015800,36005027402,370,2020-08-03
36005016000,36005027402,117,2020-08-03
36005016200,36005027402,214,2020-08-03
36005016400,36005027402,313,2020-08-03
36005016600,36005027402,388,2020-08-03
36005018302,36005027402,276,2020-08-03
36005018400,36005027402,258,2020-08-03
36005019400,36005027402,169,2020-08-03
36005020000,36005027402,240,2020-08-03
36005022200,36005027402,125,2020-08-03
36005022901,36005027402,156,2020-08-03
36005023200,36005027402,259,2020-08-03
36005023600,36005027402,148,2020-08-03
36005023800,36005027402,173,2020-08-03
36005024800,36005027402,123,2020-08-03
36005025400,36005027402,270,2020-08-03
36005025600,36005027402,140,2020-08-03
36005026400,36005027402,540,2020-08-03
36005026601,36005027402,454,2020-08-03
36005026602,36005027402,1468,2020-08-03
36005027401,36005027402,392,2020-08-03
36005027402,36005027402,1599,2020-08-03
36005027600,36005027402,321,2020-08-03
36005028400,36005027402,413,2020-08-03
36005029600,36005027402,336,2020-08-03
36005030000,36005027402,1290,2020-08-03
36005031000,36005027402,481,2020-08-03
36005035600,36005027402,137,2020-08-03
36005039200,36005027402,115,2020-08-03
36005040501,36005027402,147,2020-08-03
36005041500,36005027402,150,2020-08-03
36005046201,36005027402,639,2020-08-03
36005046202,36005027402,130,2020-08-03
36005050400,36005027402,686,2020-08-03
36047030700,36005027402,125,2020-08-03
36047042100,36005027402,182,2020-08-03
36047044900,36005027402,423,2020-08-03
36047119800,36005027402,112,2020-08-03
36059303102,36005027402,129,2020-08-03
36059520001,36005027402,184,2020-08-03
36061000202,36005027402,153,2020-08-03
36061004700,36005027402,135,2020-08-03
36061009000,36005027402,105,2020-08-03
36061009200,36005027402,96,2020-08-03
36061010602,36005027402,108,2020-08-03
36061011600,36005027402,529,2020-08-03
36061012400,36005027402,443,2020-08-03
36061012800,36005027402,129,2020-08-03
36061013700,36005027402,205,2020-08-03
36061013900,36005027402,96,2020-08-03
36061014300,36005027402,293,2020-08-03
36061015200,36005027402,120,2020-08-03
36061018200,36005027402,145,2020-08-03
36061018900,36005027402,152,2020-08-03
36081031700,36005027402,258,2020-08-03
36081055100,36005027402,151,2020-08-03
36081073900,36005027402,163,2020-08-03
36081085300,36005027402,109,2020-08-03
36081092900,36005027402,277,2020-08-03
36081098700,36005027402,138,2020-08-03
36081145101,36005027402,156,2020-08-03
36103159105,36005027402,146,2020-08-03
36103159408,36005027402,112,2020-08-03
36103159506,36005027402,121,2020-08-03
36103159510,36005027402,126,2020-08-03
36103170101,36005027402,99,2020-08-03
36103190401,36005027402,515,2020-08-03
36119000900,36005027402,115,2020-08-03
36119002000,36005027402,376,2020-08-03
36119002404,36005027402,99,2020-08-03
36119002600,36005027402,350,2020-08-03
36119004600,36005027402,103,2020-08-03
36119004800,36005027402,213,2020-08-03
36119005001,36005027402,99,2020-08-03
36119005300,36005027402,530,2020-08-03
36119005500,36005027402,209,2020-08-03
36119005701,36005027402,375,2020-08-03
36119005800,36005027402,161,2020-08-03
36119005901,36005027402,107,2020-08-03
36119006000,36005027402,945,2020-08-03
36119006300,36005027402,100,2020-08-03
36119006900,36005027402,120,2020-08-03
36119007100,36005027402,178,2020-08-03
36119008000,36005027402,118,2020-08-03
36119009300,36005027402,127,2020-08-03
36119010701,36005027402,186,2020-08-03
36119010804,36005027402,120,2020-08-03
36119012900,36005027402,110,2020-08-03
36119013600,36005027402,154,2020-08-03
34003044202,36005027402,109,2020-08-10
34017016200,36005027402,208,2020-08-10
36005004200,36005027402,244,2020-08-10
36005007800,36005027402,106,2020-08-10
36005008900,36005027402,152,2020-08-10
36005009000,36005027402,1480,2020-08-10
36005011900,36005027402,115,2020-08-10
36005012500,36005027402,139,2020-08-10
36005013100,36005027402,103,2020-08-10
36005013200,36005027402,125,2020-08-10
36005013800,36005027402,574,2020-08-10
36005014400,36005027402,152,2020-08-10
36005015200,36005027402,342,2020-08-10
36005015800,36005027402,283,2020-08-10
36005016000,36005027402,326,2020-08-10
36005016200,36005027402,214,2020-08-10
36005016400,36005027402,125,2020-08-10
36005016600,36005027402,149,2020-08-10
36005018400,36005027402,238,2020-08-10
36005019400,36005027402,94,2020-08-10
36005020000,36005027402,219,2020-08-10
36005022200,36005027402,254,2020-08-10
36005023200,36005027402,319,2020-08-10
36005024600,36005027402,132,2020-08-10
36005025600,36005027402,343,2020-08-10
36005026300,36005027402,158,2020-08-10
36005026400,36005027402,523,2020-08-10
36005026601,36005027402,363,2020-08-10
36005026602,36005027402,2340,2020-08-10
36005027401,36005027402,384,2020-08-10
36005027402,36005027402,1824,2020-08-10
36005028400,36005027402,204,2020-08-10
36005029600,36005027402,462,2020-08-10
36005030000,36005027402,1712,2020-08-10
36005041900,36005027402,133,2020-08-10
36005042100,36005027402,306,2020-08-10
36005043400,36005027402,131,2020-08-10
36005045600,36005027402,106,2020-08-10
36005046201,36005027402,262,2020-08-10
36005050400,36005027402,466,2020-08-10
36005051600,36005027402,253,2020-08-10
36047029400,36005027402,102,2020-08-10
36059520001,36005027402,166,2020-08-10
36061009200,36005027402,109,2020-08-10
36061011000,36005027402,166,2020-08-10
36061011600,36005027402,415,2020-08-10
36061012000,36005027402,454,2020-08-10
36061013700,36005027402,112,2020-08-10
36061013900,36005027402,330,2020-08-10
36061014802,36005027402,107,2020-08-10
36061017200,36005027402,122,2020-08-10
36061018000,36005027402,136,2020-08-10
36081013700,36005027402,101,2020-08-10
36081030904,36005027402,117,2020-08-10
36081032900,36005027402,268,2020-08-10
36081034700,36005027402,209,2020-08-10
36081049302,36005027402,106,2020-08-10
36081073900,36005027402,139,2020-08-10
36081076901,36005027402,224,2020-08-10
36081085300,36005027402,125,2020-08-10
36081086900,36005027402,125,2020-08-10
36081091900,36005027402,168,2020-08-10
36081098100,36005027402,120,2020-08-10
36081146700,36005027402,110,2020-08-10
36085002100,36005027402,146,2020-08-10
36087011800,36005027402,122,2020-08-10
36087012300,36005027402,112,2020-08-10
36087013100,36005027402,183,2020-08-10
36103158608,36005027402,291,2020-08-10
36103159105,36005027402,139,2020-08-10
36103170001,36005027402,94,2020-08-10
36103170101,36005027402,110,2020-08-10
36119000201,36005027402,153,2020-08-10
36119000401,36005027402,144,2020-08-10
36119002000,36005027402,294,2020-08-10
36119002104,36005027402,221,2020-08-10
36119002107,36005027402,127,2020-08-10
36119002405,36005027402,293,2020-08-10
36119002600,36005027402,159,2020-08-10
36119004600,36005027402,101,2020-08-10
36119004800,36005027402,117,2020-08-10
36119005100,36005027402,290,2020-08-10
36119005300,36005027402,134,2020-08-10
36119005500,36005027402,99,2020-08-10
36119005701,36005027402,368,2020-08-10
36119005800,36005027402,397,2020-08-10
36119005902,36005027402,278,2020-08-10
36119006000,36005027402,359,2020-08-10
36119006600,36005027402,113,2020-08-10
36119006900,36005027402,100,2020-08-10
36119007200,36005027402,117,2020-08-10
36119007700,36005027402,211,2020-08-10
36119007800,36005027402,128,2020-08-10
36119009300,36005027402,233,2020-08-10
36119010500,36005027402,106,2020-08-10
36119013102,36005027402,135,2020-08-10
36119014701,36005027402,148,2020-08-10
36119014809,36005027402,126,2020-08-10
36119985000,36005027402,189,2020-08-10
34003019204,36005027402,92,2020-08-17
34023008900,36005027402,149,2020-08-17
34025808401,36005027402,95,2020-08-17
34025808402,36005027402,117,2020-08-17
34029731204,36005027402,94,2020-08-17
36005004001,36005027402,132,2020-08-17
36005006800,36005027402,134,2020-08-17
36005009000,36005027402,1252,2020-08-17
36005009200,36005027402,288,2020-08-17
36005009300,36005027402,195,2020-08-17
36005011000,36005027402,328,2020-08-17
36005011700,36005027402,168,2020-08-17
36005011800,36005027402,322,2020-08-17
36005012300,36005027402,122,2020-08-17
36005014100,36005027402,137,2020-08-17
36005014400,36005027402,133,2020-08-17
36005015200,36005027402,244,2020-08-17
36005015800,36005027402,593,2020-08-17
36005016000,36005027402,136,2020-08-17
36005016100,36005027402,141,2020-08-17
36005016200,36005027402,299,2020-08-17
36005016400,36005027402,202,2020-08-17
36005016600,36005027402,126,2020-08-17
36005018400,36005027402,998,2020-08-17
36005020000,36005027402,463,2020-08-17
36005020200,36005027402,99,2020-08-17
36005021900,36005027402,220,2020-08-17
36005023200,36005027402,128,2020-08-17
36005023600,36005027402,91,2020-08-17
36005023900,36005027402,141,2020-08-17
36005025400,36005027402,266,2020-08-17
36005026400,36005027402,384,2020-08-17
36005026601,36005027402,123,2020-08-17
36005026602,36005027402,1346,2020-08-17
36005027300,36005027402,158,2020-08-17
36005027401,36005027402,270,2020-08-17
36005027402,36005027402,1408,2020-08-17
36005027600,36005027402,313,2020-08-17
36005028400,36005027402,425,2020-08-17
36005028800,36005027402,201,2020-08-17
36005029600,36005027402,105,2020-08-17
36005030000,36005027402,274,2020-08-17
36005032800,36005027402,91,2020-08-17
36005033400,36005027402,447,2020-08-17
36005037100,36005027402,118,2020-08-17
36005046201,36005027402,339,2020-08-17
36005050400,36005027402,764,2020-08-17
36005051600,36005027402,244,2020-08-17
36047011900,36005027402,309,2020-08-17
36047036200,36005027402,140,2020-08-17
36047044900,36005027402,218,2020-08-17
36059416202,36005027402,117,2020-08-17
36059416900,36005027402,137,2020-08-17
36061001300,36005027402,137,2020-08-17
36061002900,36005027402,119,2020-08-17
36061003100,36005027402,133,2020-08-17
36061003200,36005027402,91,2020-08-17
36061011600,36005027402,329,2020-08-17
36061012400,36005027402,91,2020-08-17
36061013600,36005027402,129,2020-08-17
36061013700,36005027402,262,2020-08-17
36061015601,36005027402,118,2020-08-17
36061016200,36005027402,153,2020-08-17
36061019800,36005027402,143,2020-08-17
36081006300,36005027402,149,2020-08-17
36081012301,36005027402,142,2020-08-17
36081015700,36005027402,243,2020-08-17
36081021200,36005027402,117,2020-08-17
36081031700,36005027402,114,2020-08-17
36081069702,36005027402,118,2020-08-17
36081073700,36005027402,124,2020-08-17
36081075702,36005027402,233,2020-08-17
36081102900,36005027402,149,2020-08-17
36087010101,36005027402,259,2020-08-17
36087013100,36005027402,211,2020-08-17
36103123900,36005027402,217,2020-08-17
36119000900,36005027402,106,2020-08-17
36119002000,36005027402,434,2020-08-17
36119002104,36005027402,167,2020-08-17
36119002105,36005027402,124,2020-08-17
36119002600,36005027402,369,2020-08-17
36119003400,36005027402,104,2020-08-17
36119003700,36005027402,100,2020-08-17
36119004600,36005027402,107,2020-08-17
36119005001,36005027402,135,2020-08-17
36119005002,36005027402,230,2020-08-17
36119005100,36005027402,107,2020-08-17
36119005300,36005027402,491,2020-08-17
36119005500,36005027402,117,2020-08-17
36119005800,36005027402,118,2020-08-17
36119005901,36005027402,245,2020-08-17
36119005902,36005027402,154,2020-08-17
36119006000,36005027402,122,2020-08-17
36119006100,36005027402,107,2020-08-17
36119006600,36005027402,189,2020-08-17
36119006802,36005027402,219,2020-08-17
36119006900,36005027402,108,2020-08-17
36119007100,36005027402,139,2020-08-17
36119007200,36005027402,128,2020-08-17
36119007402,36005027402,215,2020-08-17
36119007700,36005027402,168,2020-08-17
36119007800,36005027402,236,2020-08-17
36119009300,36005027402,162,2020-08-17
36119009400,36005027402,296,2020-08-17
36119009703,36005027402,99,2020-08-17
36119014704,36005027402,205,2020-08-17
36119014806,36005027402,326,2020-08-17
34003033100,36005027402,91,2020-08-24
34017002000,36005027402,113,2020-08-24
34023002901,36005027402,87,2020-08-24
34025808800,36005027402,88,2020-08-24
34029738002,36005027402,290,2020-08-24
34029739000,36005027402,152,2020-08-24
36005003900,36005027402,149,2020-08-24
36005004001,36005027402,184,2020-08-24
36005004400,36005027402,112,2020-08-24
36005006100,36005027402,343,2020-08-24
36005008300,36005027402,314,2020-08-24
36005008900,36005027402,176,2020-08-24
36005009000,36005027402,643,2020-08-24
36005009300,36005027402,197,2020-08-24
36005011800,36005027402,565,2020-08-24
36005012901,36005027402,163,2020-08-24
36005013800,36005027402,419,2020-08-24
36005014500,36005027402,143,2020-08-24
36005015200,36005027402,117,2020-08-24
36005015800,36005027402,257,2020-08-24
36005016000,36005027402,143,2020-08-24
36005016200,36005027402,232,2020-08-24
36005016600,36005027402,436,2020-08-24
36005017300,36005027402,309,2020-08-24
36005018400,36005027402,461,2020-08-24
36005020000,36005027402,394,2020-08-24
36005021602,36005027402,284,2020-08-24
36005024800,36005027402,234,2020-08-24
36005025200,36005027402,173,2020-08-24
36005025400,36005027402,113,2020-08-24
36005026400,36005027402,606,2020-08-24
36005026601,36005027402,349,2020-08-24
36005026602,36005027402,1201,2020-08-24
36005027401,36005027402,534,2020-08-24
36005027402,36005027402,2138,2020-08-24
36005028400,36005027402,130,2020-08-24
36005030000,36005027402,289,2020-08-24
36005031000,36005027402,132,2020-08-24
36005033400,36005027402,166,2020-08-24
36005034000,36005027402,136,2020-08-24
36005035800,36005027402,167,2020-08-24
36005038900,36005027402,216,2020-08-24
36005039901,36005027402,141,2020-08-24
36005046201,36005027402,274,2020-08-24
36005050400,36005027402,1369,2020-08-24
36005051600,36005027402,264,2020-08-24
36047000200,36005027402,169,2020-08-24
36047006400,36005027402,153,2020-08-24
36047018600,36005027402,190,2020-08-24
36047044900,36005027402,689,2020-08-24
36047062800,36005027402,159,2020-08-24
36059303102,36005027402,160,2020-08-24
36059407301,36005027402,113,2020-08-24
36061000900,36005027402,249,2020-08-24
36061002900,36005027402,100,2020-08-24
36061003200,36005027402,121,2020-08-24
36061004800,36005027402,120,2020-08-24
36061005000,36005027402,119,2020-08-24
36061005800,36005027402,139,2020-08-24
36061006400,36005027402,191,2020-08-24
36061006600,36005027402,100,2020-08-24
36061007200,36005027402,222,2020-08-24
36061007400,36005027402,302,2020-08-24
36061007600,36005027402,143,2020-08-24
36061011402,36005027402,115,2020-08-24
36061012000,36005027402,440,2020-08-24
36061013700,36005027402,113,2020-08-24
36061014000,36005027402,126,2020-08-24
36061014300,36005027402,327,2020-08-24
36061014802,36005027402,114,2020-08-24
36061016800,36005027402,149,2020-08-24
36061017500,36005027402,288,2020-08-24
36061019600,36005027402,115,2020-08-24
36081006100,36005027402,108,2020-08-24
36081011900,36005027402,138,2020-08-24
36081012301,36005027402,349,2020-08-24
36081015600,36005027402,123,2020-08-24
36081015700,36005027402,141,2020-08-24
36081032900,36005027402,240,2020-08-24
36081033100,36005027402,129,2020-08-24
36081058300,36005027402,116,2020-08-24
36081086900,36005027402,283,2020-08-24
36081099100,36005027402,183,2020-08-24
36103147300,36005027402,167,2020-08-24
36103159510,36005027402,419,2020-08-24
36119001503,36005027402,143,2020-08-24
36119002000,36005027402,109,2020-08-24
36119002105,36005027402,113,2020-08-24
36119002404,36005027402,360,2020-08-24
36119002600,36005027402,154,2020-08-24
36119005002,36005027402,245,2020-08-24
36119005100,36005027402,118,2020-08-24
36119005300,36005027402,433,2020-08-24
36119005500,36005027402,110,2020-08-24
36119005701,36005027402,110,2020-08-24
36119005901,36005027402,238,2020-08-24
36119006000,36005027402,671,2020-08-24
36119006100,36005027402,104,2020-08-24
36119006802,36005027402,128,2020-08-24
36119006900,36005027402,117,2020-08-24
36119007000,36005027402,138,2020-08-24
36119007100,36005027402,100,2020-08-24
36119008602,36005027402,120,2020-08-24
36119009300,36005027402,534,2020-08-24
36119009500,36005027402,104,2020-08-24
36119011500,36005027402,159,2020-08-24
36119012303,36005027402,115,2020-08-24
36119014809,36005027402,251,2020-08-24
34013980200,36005027402,120,2020-08-31
36005002800,36005027402,103,2020-08-31
36005004400,36005027402,116,2020-08-31
36005005001,36005027402,102,2020-08-31
36005007200,36005027402,91,2020-08-31
36005007600,36005027402,162,2020-08-31
36005007800,36005027402,118,2020-08-31
36005009000,36005027402,715,2020-08-31
36005009200,36005027402,232,2020-08-31
36005011000,36005027402,145,2020-08-31
36005011800,36005027402,158,2020-08-31
36005013200,36005027402,139,2020-08-31
36005013800,36005027402,191,2020-08-31
36005015200,36005027402,223,2020-08-31
36005015800,36005027402,232,2020-08-31
36005016200,36005027402,140,2020-08-31
36005016400,36005027402,322,2020-08-31
36005018400,36005027402,168,2020-08-31
36005019400,36005027402,96,2020-08-31
36005020000,36005027402,484,2020-08-31
36005020200,36005027402,159,2020-08-31
36005021800,36005027402,159,2020-08-31
36005024800,36005027402,213,2020-08-31
36005025600,36005027402,114,2020-08-31
36005026400,36005027402,682,2020-08-31
36005026602,36005027402,1374,2020-08-31
36005027402,36005027402,1574,2020-08-31
36005028400,36005027402,147,2020-08-31
36005029600,36005027402,327,2020-08-31
36005030000,36005027402,712,2020-08-31
36005031000,36005027402,118,2020-08-31
36005035600,36005027402,375,2020-08-31
36005040501,36005027402,134,2020-08-31
36005046201,36005027402,680,2020-08-31
36005050400,36005027402,721,2020-08-31
36047001100,36005027402,155,2020-08-31
36047001300,36005027402,169,2020-08-31
36047050100,36005027402,109,2020-08-31
36047053700,36005027402,100,2020-08-31
36047067000,36005027402,107,2020-08-31
36047107000,36005027402,160,2020-08-31
36059301101,36005027402,158,2020-08-31
36059302800,36005027402,112,2020-08-31
36059416900,36005027402,133,2020-08-31
36061004700,36005027402,182,2020-08-31
36061006400,36005027402,148,2020-08-31
36061006800,36005027402,119,2020-08-31
36061008300,36005027402,135,2020-08-31
36061009200,36005027402,106,2020-08-31
36061009500,36005027402,109,2020-08-31
36061009900,36005027402,175,2020-08-31
36061011800,36005027402,124,2020-08-31
36061012000,36005027402,114,2020-08-31
36061012400,36005027402,129,2020-08-31
36061013700,36005027402,227,2020-08-31
36061014300,36005027402,209,2020-08-31
36061014500,36005027402,104,2020-08-31
36061015400,36005027402,144,2020-08-31
36061016900,36005027402,111,2020-08-31
36061017100,36005027402,109,2020-08-31
36081011300,36005027402,107,2020-08-31
36081011700,36005027402,100,2020-08-31
36081012301,36005027402,159,2020-08-31
36081031700,36005027402,98,2020-08-31
36081032900,36005027402,371,2020-08-31
36081053500,36005027402,115,2020-08-31
36081053900,36005027402,126,2020-08-31
36081086900,36005027402,150,2020-08-31
36081091800,36005027402,126,2020-08-31
36081112900,36005027402,105,2020-08-31
36081146700,36005027402,91,2020-08-31
36085022600,36005027402,101,2020-08-31
36085032300,36005027402,116,2020-08-31
36087013100,36005027402,307,2020-08-31
36119001303,36005027402,137,2020-08-31
36119001503,36005027402,112,2020-08-31
36119001600,36005027402,203,2020-08-31
36119002000,36005027402,104,2020-08-31
36119002104,36005027402,226,2020-08-31
36119002105,36005027402,103,2020-08-31
36119002600,36005027402,377,2020-08-31
36119005002,36005027402,232,2020-08-31
36119005300,36005027402,130,2020-08-31
36119005500,36005027402,301,2020-08-31
36119005701,36005027402,292,2020-08-31
36119006000,36005027402,274,2020-08-31
36119006801,36005027402,140,2020-08-31
36119006802,36005027402,122,2020-08-31
36119006900,36005027402,101,2020-08-31
36119007100,36005027402,226,2020-08-31
36119007200,36005027402,442,2020-08-31
36119007300,36005027402,118,2020-08-31
36119007800,36005027402,218,2020-08-31
36119008301,36005027402,101,2020-08-31
36119009000,36005027402,148,2020-08-31
36119009300,36005027402,172,2020-08-31
36119009800,36005027402,130,2020-08-31
36119010803,36005027402,99,2020-08-31
36119010903,36005027402,126,2020-08-31
36119011000,36005027402,104,2020-08-31
36119014704,36005027402,133,2020-08-31
36119014809,36005027402,164,2020-08-31
34025808900,36005027402,112,2020-09-07
34025809301,36005027402,171,2020-09-07
34025809302,36005027402,130,2020-09-07
34029713500,36005027402,89,2020-09-07
34029717300,36005027402,371,2020-09-07
36005004001,36005027402,264,2020-09-07
36005004200,36005027402,252,2020-09-07
36005006200,36005027402,180,2020-09-07
36005007000,36005027402,158,2020-09-07
36005007200,36005027402,123,2020-09-07
36005008900,36005027402,133,2020-09-07
36005009000,36005027402,583,2020-09-07
36005011000,36005027402,133,2020-09-07
36005011800,36005027402,456,2020-09-07
36005013200,36005027402,105,2020-09-07
36005013500,36005027402,153,2020-09-07
36005013800,36005027402,315,2020-09-07
36005014400,36005027402,139,2020-09-07
36005015200,36005027402,223,2020-09-07
36005015800,36005027402,298,2020-09-07
36005016200,36005027402,204,2020-09-07
36005016400,36005027402,99,2020-09-07
36005016600,36005027402,247,2020-09-07
36005018301,36005027402,180,2020-09-07
36005018400,36005027402,333,2020-09-07
36005020000,36005027402,91,2020-09-07
36005020601,36005027402,114,2020-09-07
36005021002,36005027402,148,2020-09-07
36005022200,36005027402,402,2020-09-07
36005024800,36005027402,91,2020-09-07
36005025300,36005027402,120,2020-09-07
36005026400,36005027402,667,2020-09-07
36005026601,36005027402,277,2020-09-07
36005026602,36005027402,1047,2020-09-07
36005027401,36005027402,609,2020-09-07
36005027402,36005027402,1218,2020-09-07
36005027600,36005027402,300,2020-09-07
36005028400,36005027402,274,2020-09-07
36005028800,36005027402,263,2020-09-07
36005029600,36005027402,130,2020-09-07
36005030000,36005027402,776,2020-09-07
36005035000,36005027402,91,2020-09-07
36005035800,36005027402,138,2020-09-07
36005038900,36005027402,220,2020-09-07
36005039000,36005027402,422,2020-09-07
36005039100,36005027402,134,2020-09-07
36005042500,36005027402,99,2020-09-07
36005043500,36005027402,102,2020-09-07
36005044400,36005027402,133,2020-09-07
36005046201,36005027402,677,2020-09-07
36005046202,36005027402,282,2020-09-07
36005050400,36005027402,904,2020-09-07
36005051600,36005027402,125,2020-09-07
36047001300,36005027402,181,2020-09-07
36047002200,36005027402,267,2020-09-07
36047030700,36005027402,122,2020-09-07
36047031900,36005027402,105,2020-09-07
36047035200,36005027402,101,2020-09-07
36047037000,36005027402,222,2020-09-07
36047080800,36005027402,212,2020-09-07
36061002201,36005027402,133,2020-09-07
36061003200,36005027402,91,2020-09-07
36061004800,36005027402,137,2020-09-07
36061006200,36005027402,354,2020-09-07
36061006400,36005027402,222,2020-09-07
36061006600,36005027402,238,2020-09-07
36061009600,36005027402,104,2020-09-07
36061011100,36005027402,284,2020-09-07
36061011300,36005027402,130,2020-09-07
36061011800,36005027402,91,2020-09-07
36061012000,36005027402,221,2020-09-07
36061012400,36005027402,104,2020-09-07
36061014402,36005027402,137,2020-09-07
36061015601,36005027402,175,2020-09-07
36061017100,36005027402,122,2020-09-07
36061017800,36005027402,248,2020-09-07
36061026500,36005027402,136,2020-09-07
36081007100,36005027402,103,2020-09-07
36081007900,36005027402,121,2020-09-07
36081020800,36005027402,148,2020-09-07
36081061301,36005027402,118,2020-09-07
36081086900,36005027402,324,2020-09-07
36081091900,36005027402,122,2020-09-07
36081092900,36005027402,223,2020-09-07
36081099900,36005027402,141,2020-09-07
36081104700,36005027402,94,2020-09-07
36081136700,36005027402,106,2020-09-07
36087011502,36005027402,165,2020-09-07
36119000900,36005027402,104,2020-09-07
36119002000,36005027402,247,2020-09-07
36119002105,36005027402,280,2020-09-07
36119002600,36005027402,148,2020-09-07
36119005002,36005027402,542,2020-09-07
36119005100,36005027402,351,2020-09-07
36119005300,36005027402,136,2020-09-07
36119005400,36005027402,116,2020-09-07
36119005500,36005027402,101,2020-09-07
36119005902,36005027402,129,2020-09-07
36119006000,36005027402,276,2020-09-07
36119006100,36005027402,106,2020-09-07
36119006802,36005027402,363,2020-09-07
36119007100,36005027402,105,2020-09-07
36119007800,36005027402,116,2020-09-07
36119008000,36005027402,112,2020-09-07
36119009000,36005027402,119,2020-09-07
36119009400,36005027402,383,2020-09-07
36119014701,36005027402,275,2020-09-07
36119981000,36005027402,216,2020-09-07
34003052200,36005027402,101,2020-09-14
34025809301,36005027402,109,2020-09-14
34029713402,36005027402,95,2020-09-14
36005000400,36005027402,132,2020-09-14
36005002800,36005027402,117,2020-09-14
36005004200,36005027402,373,2020-09-14
36005004400,36005027402,230,2020-09-14
36005007300,36005027402,134,2020-09-14
36005007800,36005027402,279,2020-09-14
36005008900,36005027402,110,2020-09-14
36005009000,36005027402,657,2020-09-14
36005009200,36005027402,284,2020-09-14
36005011800,36005027402,613,2020-09-14
36005012300,36005027402,143,2020-09-14
36005013200,36005027402,249,2020-09-14
36005015300,36005027402,129,2020-09-14
36005015700,36005027402,194,2020-09-14
36005015800,36005027402,117,2020-09-14
36005016000,36005027402,145,2020-09-14
36005016200,36005027402,214,2020-09-14
36005016400,36005027402,107,2020-09-14
36005016600,36005027402,431,2020-09-14
36005017300,36005027402,115,2020-09-14
36005018301,36005027402,178,2020-09-14
36005018400,36005027402,336,2020-09-14
36005020200,36005027402,379,2020-09-14
36005022200,36005027402,355,2020-09-14
36005022800,36005027402,137,2020-09-14
36005023200,36005027402,101,2020-09-14
36005023600,36005027402,175,2020-09-14
36005024600,36005027402,112,2020-09-14
36005025400,36005027402,102,2020-09-14
36005026400,36005027402,371,2020-09-14
36005026601,36005027402,104,2020-09-14
36005026602,36005027402,1385,2020-09-14
36005027402,36005027402,1348,2020-09-14
36005028400,36005027402,226,2020-09-14
36005030000,36005027402,748,2020-09-14
36005033201,36005027402,127,2020-09-14
36005033202,36005027402,190,2020-09-14
36005035800,36005027402,147,2020-09-14
36005036400,36005027402,117,2020-09-14
36005037100,36005027402,147,2020-09-14
36005038000,36005027402,114,2020-09-14
36005039000,36005027402,294,2020-09-14
36005039700,36005027402,107,2020-09-14
36005039901,36005027402,112,2020-09-14
36005041500,36005027402,172,2020-09-14
36005042500,36005027402,145,2020-09-14
36005043100,36005027402,125,2020-09-14
36005046000,36005027402,140,2020-09-14
36005046201,36005027402,1427,2020-09-14
36005050400,36005027402,485,2020-09-14
36047001300,36005027402,186,2020-09-14
36047017400,36005027402,133,2020-09-14
36047026400,36005027402,158,2020-09-14
36047041800,36005027402,147,2020-09-14
36047048000,36005027402,158,2020-09-14
36047062800,36005027402,99,2020-09-14
36047064200,36005027402,121,2020-09-14
36059407301,36005027402,93,2020-09-14
36059519400,36005027402,108,2020-09-14
36061000500,36005027402,124,2020-09-14
36061002700,36005027402,145,2020-09-14
36061004200,36005027402,158,2020-09-14
36061004700,36005027402,135,2020-09-14
36061004900,36005027402,124,2020-09-14
36061006600,36005027402,173,2020-09-14
36061007400,36005027402,142,2020-09-14
36061008300,36005027402,104,2020-09-14
36061009900,36005027402,198,2020-09-14
36061011800,36005027402,122,2020-09-14
36061012000,36005027402,408,2020-09-14
36061014602,36005027402,137,2020-09-14
36061015001,36005027402,129,2020-09-14
36061015100,36005027402,101,2020-09-14
36061015200,36005027402,107,2020-09-14
36061017100,36005027402,206,2020-09-14
36061022301,36005027402,115,2020-09-14
36081021200,36005027402,126,2020-09-14
36081025100,36005027402,145,2020-09-14
36081030904,36005027402,103,2020-09-14
36081032000,36005027402,302,2020-09-14
36081038302,36005027402,142,2020-09-14
36081117100,36005027402,93,2020-09-14
36119000900,36005027402,105,2020-09-14
36119001503,36005027402,114,2020-09-14
36119002103,36005027402,156,2020-09-14
36119002600,36005027402,275,2020-09-14
36119004800,36005027402,104,2020-09-14
36119004900,36005027402,112,2020-09-14
36119005701,36005027402,228,2020-09-14
36119005902,36005027402,129,2020-09-14
36119006000,36005027402,415,2020-09-14
36119006801,36005027402,213,2020-09-14
36119006802,36005027402,246,2020-09-14
36119006900,36005027402,120,2020-09-14
36119007000,36005027402,136,2020-09-14
36119007100,36005027402,255,2020-09-14
36119009300,36005027402,531,2020-09-14
36119009701,36005027402,208,2020-09-14
36119009703,36005027402,108,2020-09-14
36119010801,36005027402,130,2020-09-14
36119014908,36005027402,260,2020-09-14
34017019400,36005027402,118,2020-09-21
34025809301,36005027402,277,2020-09-21
36005006000,36005027402,142,2020-09-21
36005006200,36005027402,197,2020-09-21
36005007200,36005027402,136,2020-09-21
36005007800,36005027402,339,2020-09-21
36005009000,36005027402,526,2020-09-21
36005009300,36005027402,201,2020-09-21
36005011700,36005027402,142,2020-09-21
36005011800,36005027402,780,2020-09-21
36005013200,36005027402,142,2020-09-21
36005013800,36005027402,160,2020-09-21
36005015200,36005027402,336,2020-09-21
36005015800,36005027402,112,2020-09-21
36005016000,36005027402,128,2020-09-21
36005016200,36005027402,112,2020-09-21
36005016400,36005027402,103,2020-09-21
36005016500,36005027402,158,2020-09-21
36005016600,36005027402,272,2020-09-21
36005018400,36005027402,254,2020-09-21
36005019400,36005027402,254,2020-09-21
36005020000,36005027402,244,2020-09-21
36005020601,36005027402,103,2020-09-21
36005021601,36005027402,133,2020-09-21
36005022000,36005027402,120,2020-09-21
36005023600,36005027402,183,2020-09-21
36005023800,36005027402,103,2020-09-21
36005024800,36005027402,191,2020-09-21
36005025400,36005027402,286,2020-09-21
36005026400,36005027402,466,2020-09-21
36005026601,36005027402,253,2020-09-21
36005026602,36005027402,1582,2020-09-21
36005027402,36005027402,1533,2020-09-21
36005028400,36005027402,727,2020-09-21
36005028600,36005027402,157,2020-09-21
36005029600,36005027402,237,2020-09-21
36005030000,36005027402,865,2020-09-21
36005033201,36005027402,338,2020-09-21
36005033400,36005027402,451,2020-09-21
36005033800,36005027402,170,2020-09-21
36005038700,36005027402,138,2020-09-21
36005038900,36005027402,111,2020-09-21
36005039700,36005027402,138,2020-09-21
36005041800,36005027402,107,2020-09-21
36005046201,36005027402,829,2020-09-21
36005046202,36005027402,132,2020-09-21
36005050400,36005027402,645,2020-09-21
36005051600,36005027402,366,2020-09-21
36047015200,36005027402,205,2020-09-21
36047016200,36005027402,143,2020-09-21
36047051900,36005027402,129,2020-09-21
36047053500,36005027402,103,2020-09-21
36047080400,36005027402,145,2020-09-21
36061004700,36005027402,137,2020-09-21
36061004800,36005027402,155,2020-09-21
36061005000,36005027402,150,2020-09-21
36061005200,36005027402,110,2020-09-21
36061005600,36005027402,106,2020-09-21
36061005800,36005027402,103,2020-09-21
36061006400,36005027402,151,2020-09-21
36061006600,36005027402,342,2020-09-21
36061008300,36005027402,296,2020-09-21
36061009900,36005027402,205,2020-09-21
36061011202,36005027402,118,2020-09-21
36061012500,36005027402,417,2020-09-21
36061013800,36005027402,166,2020-09-21
36061019600,36005027402,151,2020-09-21
36079011600,36005027402,116,2020-09-21
36079011800,36005027402,122,2020-09-21
36081007100,36005027402,111,2020-09-21
36081011900,36005027402,158,2020-09-21
36081013700,36005027402,193,2020-09-21
36081030904,36005027402,157,2020-09-21
36081032900,36005027402,109,2020-09-21
36081038302,36005027402,202,2020-09-21
36081063700,36005027402,169,2020-09-21
36081086900,36005027402,283,2020-09-21
36081092900,36005027402,221,2020-09-21
36081098100,36005027402,103,2020-09-21
36103135205,36005027402,135,2020-09-21
36103146500,36005027402,295,2020-09-21
36103158505,36005027402,125,2020-09-21
36119000900,36005027402,118,2020-09-21
36119001301,36005027402,165,2020-09-21
36119001502,36005027402,114,2020-09-21
36119001700,36005027402,120,2020-09-21
36119002000,36005027402,114,2020-09-21
36119002202,36005027402,183,2020-09-21
36119002401,36005027402,111,2020-09-21
36119003500,36005027402,208,2020-09-21
36119005002,36005027402,353,2020-09-21
36119005100,36005027402,169,2020-09-21
36119005701,36005027402,236,2020-09-21
36119006000,36005027402,237,2020-09-21
36119006900,36005027402,239,2020-09-21
36119007100,36005027402,103,2020-09-21
36119007200,36005027402,266,2020-09-21
36119007800,36005027402,109,2020-09-21
36119008000,36005027402,126,2020-09-21
36119009000,36005027402,126,2020-09-21
36119009300,36005027402,151,2020-09-21
36119009703,36005027402,131,2020-09-21
36119010500,36005027402,148,2020-09-21
36119010702,36005027402,153,2020-09-21
36119011000,36005027402,123,2020-09-21
36119013600,36005027402,142,2020-09-21
36119985000,36005027402,169,2020-09-21
34003019202,36005027402,102,2020-09-28
34025808701,36005027402,114,2020-09-28
34025808800,36005027402,100,2020-09-28
36005004400,36005027402,257,2020-09-28
36005005400,36005027402,128,2020-09-28
36005006800,36005027402,158,2020-09-28
36005007800,36005027402,134,2020-09-28
36005008600,36005027402,183,2020-09-28
36005009000,36005027402,1379,2020-09-28
36005009200,36005027402,177,2020-09-28
36005011000,36005027402,169,2020-09-28
36005011800,36005027402,411,2020-09-28
36005013200,36005027402,233,2020-09-28
36005013800,36005027402,212,2020-09-28
36005015200,36005027402,381,2020-09-28
36005015800,36005027402,721,2020-09-28
36005016100,36005027402,142,2020-09-28
36005016500,36005027402,102,2020-09-28
36005017100,36005027402,145,2020-09-28
36005018400,36005027402,456,2020-09-28
36005019400,36005027402,145,2020-09-28
36005020000,36005027402,539,2020-09-28
36005020601,36005027402,214,2020-09-28
36005021301,36005027402,121,2020-09-28
36005022101,36005027402,120,2020-09-28
36005022200,36005027402,122,2020-09-28
36005023200,36005027402,131,2020-09-28
36005024800,36005027402,171,2020-09-28
36005026400,36005027402,1021,2020-09-28
36005026602,36005027402,1604,2020-09-28
36005027401,36005027402,414,2020-09-28
36005027402,36005027402,1827,2020-09-28
36005028400,36005027402,579,2020-09-28
36005029600,36005027402,197,2020-09-28
36005030000,36005027402,861,2020-09-28
36005031000,36005027402,130,2020-09-28
36005031200,36005027402,124,2020-09-28
36005032600,36005027402,472,2020-09-28
36005033000,36005027402,105,2020-09-28
36005033202,36005027402,285,2020-09-28
36005033400,36005027402,393,2020-09-28
36005034000,36005027402,105,2020-09-28
36005037100,36005027402,159,2020-09-28
36005039000,36005027402,330,2020-09-28
36005039300,36005027402,109,2020-09-28
36005042100,36005027402,634,2020-09-28
36005044400,36005027402,129,2020-09-28
36005046201,36005027402,314,2020-09-28
36005046202,36005027402,100,2020-09-28
36005050400,36005027402,616,2020-09-28
36047045300,36005027402,111,2020-09-28
36047059200,36005027402,110,2020-09-28
36047061004,36005027402,119,2020-09-28
36059407301,36005027402,122,2020-09-28
36061002700,36005027402,132,2020-09-28
36061006800,36005027402,203,2020-09-28
36061008900,36005027402,136,2020-09-28
36061009600,36005027402,95,2020-09-28
36061019600,36005027402,110,2020-09-28
36079010700,36005027402,115,2020-09-28
36079011800,36005027402,115,2020-09-28
36081003700,36005027402,110,2020-09-28
36081008500,36005027402,147,2020-09-28
36081021200,36005027402,158,2020-09-28
36081032900,36005027402,173,2020-09-28
36081062600,36005027402,187,2020-09-28
36081079900,36005027402,220,2020-09-28
36081086900,36005027402,122,2020-09-28
36081090700,36005027402,423,2020-09-28
36081092900,36005027402,251,2020-09-28
36081098700,36005027402,112,2020-09-28
36103112206,36005027402,95,2020-09-28
36119000101,36005027402,139,2020-09-28
36119000802,36005027402,202,2020-09-28
36119000900,36005027402,232,2020-09-28
36119001600,36005027402,227,2020-09-28
36119002000,36005027402,254,2020-09-28
36119002107,36005027402,106,2020-09-28
36119002600,36005027402,357,2020-09-28
36119005002,36005027402,248,2020-09-28
36119005400,36005027402,130,2020-09-28
36119005500,36005027402,279,2020-09-28
36119005701,36005027402,260,2020-09-28
36119006500,36005027402,157,2020-09-28
36119006802,36005027402,286,2020-09-28
36119006900,36005027402,118,2020-09-28
36119007100,36005027402,236,2020-09-28
36119007200,36005027402,128,2020-09-28
36119009300,36005027402,153,2020-09-28
36119010100,36005027402,95,2020-09-28
36119010701,36005027402,140,2020-09-28
36119013400,36005027402,115,2020-09-28
36119014809,36005027402,124,2020-09-28
36119985000,36005027402,147,2020-09-28
34029717300,36005027402,94,2020-10-05
36005002800,36005027402,122,2020-10-05
36005004001,36005027402,121,2020-10-05
36005005400,36005027402,169,2020-10-05
36005006200,36005027402,146,2020-10-05
36005006800,36005027402,141,2020-10-05
36005007800,36005027402,96,2020-10-05
36005009000,36005027402,1297,2020-10-05
36005011800,36005027402,604,2020-10-05
36005012300,36005027402,137,2020-10-05
36005013100,36005027402,115,2020-10-05
36005013200,36005027402,263,2020-10-05
36005013800,36005027402,536,2020-10-05
36005014500,36005027402,126,2020-10-05
36005015200,36005027402,106,2020-10-05
36005015700,36005027402,165,2020-10-05
36005015800,36005027402,201,2020-10-05
36005016200,36005027402,125,2020-10-05
36005016400,36005027402,111,2020-10-05
36005016600,36005027402,143,2020-10-05
36005018400,36005027402,433,2020-10-05
36005018500,36005027402,105,2020-10-05
36005019300,36005027402,141,2020-10-05
36005020000,36005027402,261,2020-10-05
36005020601,36005027402,102,2020-10-05
36005021501,36005027402,156,2020-10-05
36005022200,36005027402,265,2020-10-05
36005022403,36005027402,132,2020-10-05
36005023900,36005027402,198,2020-10-05
36005024000,36005027402,114,2020-10-05
36005024800,36005027402,136,2020-10-05
36005025400,36005027402,127,2020-10-05
36005026400,36005027402,852,2020-10-05
36005026601,36005027402,181,2020-10-05
36005026602,36005027402,1492,2020-10-05
36005027401,36005027402,90,2020-10-05
36005027402,36005027402,1640,2020-10-05
36005028400,36005027402,1021,2020-10-05
36005028800,36005027402,142,2020-10-05
36005029302,36005027402,104,2020-10-05
36005029600,36005027402,169,2020-10-05
36005030000,36005027402,456,2020-10-05
36005031000,36005027402,126,2020-10-05
36005032600,36005027402,199,2020-10-05
36005033202,36005027402,130,2020-10-05
36005033400,36005027402,257,2020-10-05
36005033800,36005027402,110,2020-10-05
36005038900,36005027402,135,2020-10-05
36005039000,36005027402,138,2020-10-05
36005039400,36005027402,163,2020-10-05
36005039700,36005027402,388,2020-10-05
36005041400,36005027402,245,2020-10-05
36005046201,36005027402,594,2020-10-05
36005050400,36005027402,375,2020-10-05
36005051600,36005027402,153,2020-10-05
36047001300,36005027402,140,2020-10-05
36047060800,36005027402,106,2020-10-05
36059303201,36005027402,100,2020-10-05
36059407301,36005027402,114,2020-10-05
36061003100,36005027402,126,2020-10-05
36061003200,36005027402,102,2020-10-05
36061003800,36005027402,90,2020-10-05
36061004400,36005027402,189,2020-10-05
36061007500,36005027402,170,2020-10-05
36061008000,36005027402,136,2020-10-05
36061008300,36005027402,125,2020-10-05
36061009900,36005027402,186,2020-10-05
36061013400,36005027402,251,2020-10-05
36061017100,36005027402,136,2020-10-05
36061024100,36005027402,129,2020-10-05
36061025700,36005027402,120,2020-10-05
36081011500,36005027402,100,2020-10-05
36081011700,36005027402,143,2020-10-05
36081041300,36005027402,109,2020-10-05
36081063700,36005027402,283,2020-10-05
36081086900,36005027402,354,2020-10-05
36081087100,36005027402,104,2020-10-05
36081094500,36005027402,253,2020-10-05
36081099100,36005027402,143,2020-10-05
36081142900,36005027402,90,2020-10-05
36087013100,36005027402,186,2020-10-05
36103190401,36005027402,359,2020-10-05
36119000103,36005027402,283,2020-10-05
36119000600,36005027402,181,2020-10-05
36119000802,36005027402,158,2020-10-05
36119001503,36005027402,124,2020-10-05
36119001504,36005027402,352,2020-10-05
36119002000,36005027402,139,2020-10-05
36119002404,36005027402,112,2020-10-05
36119002600,36005027402,259,2020-10-05
36119002800,36005027402,185,2020-10-05
36119003500,36005027402,191,2020-10-05
36119005002,36005027402,119,2020-10-05
36119005100,36005027402,104,2020-10-05
36119005300,36005027402,146,2020-10-05
36119005500,36005027402,100,2020-10-05
36119005701,36005027402,228,2020-10-05
36119005902,36005027402,117,2020-10-05
36119006000,36005027402,120,2020-10-05
36119006801,36005027402,392,2020-10-05
36119006802,36005027402,109,2020-10-05
36119006900,36005027402,225,2020-10-05
36119007100,36005027402,223,2020-10-05
36119007200,36005027402,567,2020-10-05
36119008000,36005027402,108,2020-10-05
36119009400,36005027402,314,2020-10-05
36119009703,36005027402,123,2020-10-05
36119010803,36005027402,110,2020-10-05
34035051800,36005027402,155,2020-10-12
34037374100,36005027402,99,2020-10-12
36005004400,36005027402,106,2020-10-12
36005005400,36005027402,133,2020-10-12
36005006200,36005027402,155,2020-10-12
36005006300,36005027402,106,2020-10-12
36005007600,36005027402,121,2020-10-12
36005007800,36005027402,93,2020-10-12
36005008700,36005027402,164,2020-10-12
36005009000,36005027402,267,2020-10-12
36005009200,36005027402,130,2020-10-12
36005009300,36005027402,251,2020-10-12
36005009600,36005027402,143,2020-10-12
36005011800,36005027402,304,2020-10-12
36005013100,36005027402,123,2020-10-12
36005013800,36005027402,106,2020-10-12
36005015200,36005027402,155,2020-10-12
36005015800,36005027402,794,2020-10-12
36005016100,36005027402,133,2020-10-12
36005016200,36005027402,100,2020-10-12
36005016400,36005027402,114,2020-10-12
36005016500,36005027402,167,2020-10-12
36005016600,36005027402,248,2020-10-12
36005016900,36005027402,110,2020-10-12
36005018301,36005027402,170,2020-10-12
36005018302,36005027402,124,2020-10-12
36005018400,36005027402,318,2020-10-12
36005018500,36005027402,119,2020-10-12
36005020000,36005027402,177,2020-10-12
36005020400,36005027402,141,2020-10-12
36005021200,36005027402,102,2020-10-12
36005022200,36005027402,237,2020-10-12
36005022403,36005027402,106,2020-10-12
36005022800,36005027402,274,2020-10-12
36005024600,36005027402,165,2020-10-12
36005024800,36005027402,93,2020-10-12
36005025200,36005027402,267,2020-10-12
36005025600,36005027402,99,2020-10-12
36005026400,36005027402,330,2020-10-12
36005026601,36005027402,681,2020-10-12
36005026602,36005027402,1466,2020-10-12
36005027401,36005027402,670,2020-10-12
36005027402,36005027402,1718,2020-10-12
36005028300,36005027402,93,2020-10-12
36005028400,36005027402,400,2020-10-12
36005030000,36005027402,931,2020-10-12
36005033400,36005027402,404,2020-10-12
36005036100,36005027402,110,2020-10-12
36005038302,36005027402,118,2020-10-12
36005039700,36005027402,354,2020-10-12
36005041100,36005027402,114,2020-10-12
36005041800,36005027402,130,2020-10-12
36005044400,36005027402,192,2020-10-12
36005044901,36005027402,121,2020-10-12
36005046201,36005027402,1399,2020-10-12
36005046202,36005027402,106,2020-10-12
36047011900,36005027402,130,2020-10-12
36047060000,36005027402,149,2020-10-12
36059303700,36005027402,187,2020-10-12
36059407301,36005027402,131,2020-10-12
36061003100,36005027402,127,2020-10-12
36061005800,36005027402,249,2020-10-12
36061008603,36005027402,146,2020-10-12
36061009600,36005027402,149,2020-10-12
36061011800,36005027402,117,2020-10-12
36061013900,36005027402,119,2020-10-12
36061015300,36005027402,112,2020-10-12
36061015400,36005027402,144,2020-10-12
36061021000,36005027402,291,2020-10-12
36079011800,36005027402,223,2020-10-12
36081004300,36005027402,163,2020-10-12
36081032900,36005027402,175,2020-10-12
36081086900,36005027402,130,2020-10-12
36081090700,36005027402,135,2020-10-12
36087011102,36005027402,158,2020-10-12
36087013100,36005027402,195,2020-10-12
36103122300,36005027402,128,2020-10-12
36103123201,36005027402,245,2020-10-12
36103135205,36005027402,104,2020-10-12
36119000103,36005027402,139,2020-10-12
36119002202,36005027402,152,2020-10-12
36119002404,36005027402,110,2020-10-12
36119004600,36005027402,113,2020-10-12
36119004800,36005027402,99,2020-10-12
36119005002,36005027402,327,2020-10-12
36119005100,36005027402,198,2020-10-12
36119005300,36005027402,409,2020-10-12
36119005701,36005027402,211,2020-10-12
36119006100,36005027402,128,2020-10-12
36119006802,36005027402,332,2020-10-12
36119006900,36005027402,140,2020-10-12
36119007100,36005027402,274,2020-10-12
36119007402,36005027402,116,2020-10-12
36119009300,36005027402,136,2020-10-12
36119009400,36005027402,242,2020-10-12
36119013600,36005027402,218,2020-10-12
36119985000,36005027402,151,2020-10-12
36005000400,36005027402,151,2020-10-19
36005004200,36005027402,423,2020-10-19
36005008700,36005027402,122,2020-10-19
36005009000,36005027402,1201,2020-10-19
36005011800,36005027402,331,2020-10-19
36005013800,36005027402,118,2020-10-19
36005015200,36005027402,122,2020-10-19
36005015800,36005027402,109,2020-10-19
36005016200,36005027402,312,2020-10-19
36005016400,36005027402,142,2020-10-19
36005016600,36005027402,215,2020-10-19
36005018400,36005027402,680,2020-10-19
36005019900,36005027402,116,2020-10-19
36005020000,36005027402,381,2020-10-19
36005021502,36005027402,241,2020-10-19
36005021900,36005027402,141,2020-10-19
36005022102,36005027402,137,2020-10-19
36005022200,36005027402,409,2020-10-19
36005022403,36005027402,184,2020-10-19
36005023200,36005027402,129,2020-10-19
36005023800,36005027402,119,2020-10-19
36005023900,36005027402,122,2020-10-19
36005024000,36005027402,116,2020-10-19
36005024300,36005027402,104,2020-10-19
36005024800,36005027402,120,2020-10-19
36005025400,36005027402,112,2020-10-19
36005026400,36005027402,322,2020-10-19
36005026601,36005027402,188,2020-10-19
36005026602,36005027402,1192,2020-10-19
36005027401,36005027402,151,2020-10-19
36005027402,36005027402,1177,2020-10-19
36005027600,36005027402,168,2020-10-19
36005028400,36005027402,314,2020-10-19
36005028600,36005027402,147,2020-10-19
36005028800,36005027402,260,2020-10-19
36005029600,36005027402,151,2020-10-19
36005030000,36005027402,679,2020-10-19
36005031000,36005027402,117,2020-10-19
36005033201,36005027402,112,2020-10-19
36005033202,36005027402,115,2020-10-19
36005036000,36005027402,154,2020-10-19
36005036100,36005027402,134,2020-10-19
36005036902,36005027402,190,2020-10-19
36005037400,36005027402,307,2020-10-19
36005038600,36005027402,119,2020-10-19
36005039000,36005027402,644,2020-10-19
36005039300,36005027402,234,2020-10-19
36005039600,36005027402,120,2020-10-19
36005039700,36005027402,190,2020-10-19
36005041900,36005027402,120,2020-10-19
36005042100,36005027402,324,2020-10-19
36005042500,36005027402,115,2020-10-19
36005042600,36005027402,139,2020-10-19
36005046201,36005027402,493,2020-10-19
36005050400,36005027402,527,2020-10-19
36005051600,36005027402,358,2020-10-19
36047004300,36005027402,272,2020-10-19
36047027600,36005027402,119,2020-10-19
36047059100,36005027402,120,2020-10-19
36047060000,36005027402,166,2020-10-19
36047091000,36005027402,143,2020-10-19
36059302800,36005027402,120,2020-10-19
36059410700,36005027402,139,2020-10-19
36059412000,36005027402,105,2020-10-19
36059519702,36005027402,150,2020-10-19
36061000500,36005027402,152,2020-10-19
36061002500,36005027402,148,2020-10-19
36061005600,36005027402,121,2020-10-19
36061006000,36005027402,106,2020-10-19
36061006400,36005027402,284,2020-10-19
36061007400,36005027402,131,2020-10-19
36061009900,36005027402,174,2020-10-19
36061011300,36005027402,231,2020-10-19
36061011600,36005027402,268,2020-10-19
36061017500,36005027402,156,2020-10-19
36061019600,36005027402,124,2020-10-19
36061021900,36005027402,124,2020-10-19
36079011800,36005027402,145,2020-10-19
36081006300,36005027402,99,2020-10-19
36081012301,36005027402,151,2020-10-19
36081030600,36005027402,207,2020-10-19
36081031700,36005027402,125,2020-10-19
36081033100,36005027402,165,2020-10-19
36081036700,36005027402,167,2020-10-19
36081086900,36005027402,229,2020-10-19
36081090700,36005027402,435,2020-10-19
36103123701,36005027402,126,2020-10-19
36103158006,36005027402,278,2020-10-19
36103190401,36005027402,479,2020-10-19
36119001503,36005027402,123,2020-10-19
36119001600,36005027402,100,2020-10-19
36119002000,36005027402,134,2020-10-19
36119002101,36005027402,111,2020-10-19
36119002105,36005027402,128,2020-10-19
36119002600,36005027402,128,2020-10-19
36119005002,36005027402,150,2020-10-19
36119005100,36005027402,155,2020-10-19
36119005300,36005027402,272,2020-10-19
36119005500,36005027402,724,2020-10-19
36119005701,36005027402,311,2020-10-19
36119005800,36005027402,197,2020-10-19
36119005901,36005027402,95,2020-10-19
36119005902,36005027402,98,2020-10-19
36119006000,36005027402,835,2020-10-19
36119006802,36005027402,713,2020-10-19
36119007100,36005027402,579,2020-10-19
36119007401,36005027402,132,2020-10-19
36119008602,36005027402,142,2020-10-19
36119009200,36005027402,154,2020-10-19
36119009800,36005027402,179,2020-10-19
36119010902,36005027402,104,2020-10-19
36119014809,36005027402,145,2020-10-19
36119985000,36005027402,174,2020-10-19
34017014600,36005027402,88,2020-10-26
34039038700,36005027402,134,2020-10-26
36005003100,36005027402,177,2020-10-26
36005006300,36005027402,143,2020-10-26
36005006500,36005027402,206,2020-10-26
36005006800,36005027402,144,2020-10-26
36005008600,36005027402,291,2020-10-26
36005009000,36005027402,866,2020-10-26
36005011000,36005027402,158,2020-10-26
36005013200,36005027402,112,2020-10-26
36005015100,36005027402,171,2020-10-26
36005015800,36005027402,376,2020-10-26
36005016200,36005027402,183,2020-10-26
36005016600,36005027402,276,2020-10-26
36005018400,36005027402,253,2020-10-26
36005020000,36005027402,552,2020-10-26
36005020400,36005027402,162,2020-10-26
36005023600,36005027402,145,2020-10-26
36005024700,36005027402,123,2020-10-26
36005024800,36005027402,105,2020-10-26
36005026400,36005027402,273,2020-10-26
36005026601,36005027402,279,2020-10-26
36005026602,36005027402,2094,2020-10-26
36005027401,36005027402,320,2020-10-26
36005027402,36005027402,1434,2020-10-26
36005027600,36005027402,170,2020-10-26
36005028400,36005027402,538,2020-10-26
36005028600,36005027402,345,2020-10-26
36005030000,36005027402,530,2020-10-26
36005031000,36005027402,132,2020-10-26
36005034000,36005027402,157,2020-10-26
36005036700,36005027402,138,2020-10-26
36005038900,36005027402,132,2020-10-26
36005039000,36005027402,668,2020-10-26
36005043100,36005027402,132,2020-10-26
36005046201,36005027402,754,2020-10-26
36005050400,36005027402,308,2020-10-26
36005051600,36005027402,124,2020-10-26
36047013500,36005027402,131,2020-10-26
36047059402,36005027402,116,2020-10-26
36059303201,36005027402,183,2020-10-26
36059303700,36005027402,147,2020-10-26
36059404800,36005027402,128,2020-10-26
36059404902,36005027402,165,2020-10-26
36061004200,36005027402,112,2020-10-26
36061004700,36005027402,97,2020-10-26
36061006200,36005027402,179,2020-10-26
36061006400,36005027402,228,2020-10-26
36061007400,36005027402,144,2020-10-26
36061007500,36005027402,189,2020-10-26
36061008000,36005027402,113,2020-10-26
36061013400,36005027402,111,2020-10-26
36061013700,36005027402,123,2020-10-26
36061015001,36005027402,128,2020-10-26
36061017100,36005027402,325,2020-10-26
36061019600,36005027402,120,2020-10-26
36061023000,36005027402,97,2020-10-26
36081003300,36005027402,117,2020-10-26
36081008700,36005027402,177,2020-10-26
36081015500,36005027402,124,2020-10-26
36081086900,36005027402,97,2020-10-26
36081092900,36005027402,296,2020-10-26
36085029102,36005027402,272,2020-10-26
36103135205,36005027402,128,2020-10-26
36103169704,36005027402,100,2020-10-26
36119000900,36005027402,112,2020-10-26
36119001102,36005027402,297,2020-10-26
36119001503,36005027402,124,2020-10-26
36119002000,36005027402,121,2020-10-26
36119002600,36005027402,237,2020-10-26
36119003500,36005027402,174,2020-10-26
36119005300,36005027402,149,2020-10-26
36119005500,36005027402,404,2020-10-26
36119005701,36005027402,546,2020-10-26
36119006000,36005027402,246,2020-10-26
36119006100,36005027402,110,2020-10-26
36119006802,36005027402,123,2020-10-26
36119007100,36005027402,412,2020-10-26
36119007200,36005027402,175,2020-10-26
36119007700,36005027402,114,2020-10-26
36119007800,36005027402,102,2020-10-26
36119008000,36005027402,144,2020-10-26
36119008500,36005027402,102,2020-10-26
36119009000,36005027402,191,2020-10-26
36119009703,36005027402,143,2020-10-26
36119010803,36005027402,106,2020-10-26
34003012001,36005027402,139,2020-11-02
34003036100,36005027402,127,2020-11-02
34025809301,36005027402,100,2020-11-02
34025810102,36005027402,126,2020-11-02
36005000400,36005027402,280,2020-11-02
36005004001,36005027402,113,2020-11-02
36005004200,36005027402,256,2020-11-02
36005005400,36005027402,109,2020-11-02
36005006200,36005027402,160,2020-11-02
36005007000,36005027402,170,2020-11-02
36005007800,36005027402,117,2020-11-02
36005009000,36005027402,910,2020-11-02
36005009200,36005027402,258,2020-11-02
36005011502,36005027402,125,2020-11-02
36005011800,36005027402,442,2020-11-02
36005013000,36005027402,471,2020-11-02
36005013200,36005027402,129,2020-11-02
36005013800,36005027402,379,2020-11-02
36005015200,36005027402,251,2020-11-02
36005015800,36005027402,124,2020-11-02
36005016200,36005027402,515,2020-11-02
36005016400,36005027402,218,2020-11-02
36005016600,36005027402,142,2020-11-02
36005018400,36005027402,389,2020-11-02
36005019400,36005027402,143,2020-11-02
36005020000,36005027402,235,2020-11-02
36005022101,36005027402,181,2020-11-02
36005022102,36005027402,192,2020-11-02
36005022200,36005027402,141,2020-11-02
36005022901,36005027402,167,2020-11-02
36005023800,36005027402,388,2020-11-02
36005026400,36005027402,947,2020-11-02
36005026601,36005027402,628,2020-11-02
36005026602,36005027402,1109,2020-11-02
36005027401,36005027402,596,2020-11-02
36005027402,36005027402,1259,2020-11-02
36005027600,36005027402,162,2020-11-02
36005028400,36005027402,592,2020-11-02
36005028600,36005027402,210,2020-11-02
36005030000,36005027402,373,2020-11-02
36005031000,36005027402,129,2020-11-02
36005033202,36005027402,142,2020-11-02
36005035000,36005027402,147,2020-11-02
36005035800,36005027402,127,2020-11-02
36005038900,36005027402,110,2020-11-02
36005039000,36005027402,137,2020-11-02
36005039100,36005027402,116,2020-11-02
36005039700,36005027402,305,2020-11-02
36005040501,36005027402,132,2020-11-02
36005041900,36005027402,126,2020-11-02
36005042100,36005027402,208,2020-11-02
36005046201,36005027402,748,2020-11-02
36005050400,36005027402,565,2020-11-02
36047015900,36005027402,126,2020-11-02
36047019100,36005027402,123,2020-11-02
36047066600,36005027402,426,2020-11-02
36059302800,36005027402,158,2020-11-02
36059518000,36005027402,127,2020-11-02
36061000202,36005027402,155,2020-11-02
36061002900,36005027402,301,2020-11-02
36061005000,36005027402,125,2020-11-02
36061005600,36005027402,118,2020-11-02
36061005800,36005027402,94,2020-11-02
36061009600,36005027402,104,2020-11-02
36061012800,36005027402,118,2020-11-02
36061015001,36005027402,105,2020-11-02
36061015900,36005027402,94,2020-11-02
36061017500,36005027402,149,2020-11-02
36061019600,36005027402,105,2020-11-02
36061023801,36005027402,127,2020-11-02
36079011900,36005027402,141,2020-11-02
36081004300,36005027402,168,2020-11-02
36081004500,36005027402,115,2020-11-02
36081033100,36005027402,168,2020-11-02
36081086900,36005027402,167,2020-11-02
36081099900,36005027402,145,2020-11-02
36081122701,36005027402,94,2020-11-02
36081146700,36005027402,101,2020-11-02
36103147401,36005027402,212,2020-11-02
36119002105,36005027402,126,2020-11-02
36119002202,36005027402,162,2020-11-02
36119002404,36005027402,103,2020-11-02
36119002600,36005027402,159,2020-11-02
36119005002,36005027402,477,2020-11-02
36119005100,36005027402,120,2020-11-02
36119005300,36005027402,387,2020-11-02
36119005500,36005027402,255,2020-11-02
36119005902,36005027402,223,2020-11-02
36119006000,36005027402,274,2020-11-02
36119006600,36005027402,233,2020-11-02
36119006802,36005027402,360,2020-11-02
36119007100,36005027402,480,2020-11-02
36119007200,36005027402,371,2020-11-02
36119007300,36005027402,121,2020-11-02
36119008000,36005027402,145,2020-11-02
36119008301,36005027402,108,2020-11-02
36119009000,36005027402,275,2020-11-02
36119009300,36005027402,576,2020-11-02
36119010701,36005027402,209,2020-11-02
36119013000,36005027402,149,2020-11-02
36119013202,36005027402,106,2020-11-02
36005004001,36005027402,147,2020-11-09
36005005400,36005027402,127,2020-11-09
36005007200,36005027402,134,2020-11-09
36005008900,36005027402,106,2020-11-09
36005009000,36005027402,1069,2020-11-09
36005009300,36005027402,207,2020-11-09
36005009600,36005027402,147,2020-11-09
36005011800,36005027402,379,2020-11-09
36005013200,36005027402,166,2020-11-09
36005013800,36005027402,159,2020-11-09
36005016000,36005027402,116,2020-11-09
36005016600,36005027402,132,2020-11-09
36005018301,36005027402,380,2020-11-09
36005018400,36005027402,137,2020-11-09
36005019400,36005027402,182,2020-11-09
36005020200,36005027402,139,2020-11-09
36005022703,36005027402,312,2020-11-09
36005024700,36005027402,125,2020-11-09
36005024800,36005027402,127,2020-11-09
36005025400,36005027402,107,2020-11-09
36005026400,36005027402,456,2020-11-09
36005026601,36005027402,223,2020-11-09
36005026602,36005027402,749,2020-11-09
36005027300,36005027402,157,2020-11-09
36005027402,36005027402,1033,2020-11-09
36005027600,36005027402,502,2020-11-09
36005028400,36005027402,769,2020-11-09
36005028600,36005027402,139,2020-11-09
36005028800,36005027402,125,2020-11-09
36005029600,36005027402,220,2020-11-09
36005030000,36005027402,564,2020-11-09
36005039000,36005027402,188,2020-11-09
36005039700,36005027402,292,2020-11-09
36005040302,36005027402,123,2020-11-09
36005042100,36005027402,117,2020-11-09
36005046201,36005027402,1192,2020-11-09
36005046202,36005027402,105,2020-11-09
36005050400,36005027402,192,2020-11-09
36005051600,36005027402,103,2020-11-09
36047012901,36005027402,294,2020-11-09
36047058000,36005027402,159,2020-11-09
36047080800,36005027402,283,2020-11-09
36059405400,36005027402,127,2020-11-09
36059522000,36005027402,174,2020-11-09
36061000900,36005027402,103,2020-11-09
36061005200,36005027402,123,2020-11-09
36061005800,36005027402,241,2020-11-09
36061006400,36005027402,248,2020-11-09
36061007500,36005027402,185,2020-11-09
36061008300,36005027402,209,2020-11-09
36061009900,36005027402,199,2020-11-09
36061021000,36005027402,115,2020-11-09
36079011800,36005027402,155,2020-11-09
36081004500,36005027402,117,2020-11-09
36081071600,36005027402,107,2020-11-09
36081080301,36005027402,254,2020-11-09
36081094500,36005027402,255,2020-11-09
36081116100,36005027402,201,2020-11-09
36103135205,36005027402,111,2020-11-09
36103190401,36005027402,273,2020-11-09
36119000900,36005027402,285,2020-11-09
36119002107,36005027402,127,2020-11-09
36119002600,36005027402,134,2020-11-09
36119003500,36005027402,194,2020-11-09
36119003700,36005027402,202,2020-11-09
36119004600,36005027402,186,2020-11-09
36119005002,36005027402,113,2020-11-09
36119005100,36005027402,427,2020-11-09
36119005300,36005027402,357,2020-11-09
36119005400,36005027402,121,2020-11-09
36119005902,36005027402,252,2020-11-09
36119006000,36005027402,695,2020-11-09
36119006100,36005027402,116,2020-11-09
36119006300,36005027402,98,2020-11-09
36119006801,36005027402,136,2020-11-09
36119006802,36005027402,120,2020-11-09
36119007200,36005027402,147,2020-11-09
36119009400,36005027402,125,2020-11-09
36119011000,36005027402,112,2020-11-09
36119011200,36005027402,104,2020-11-09
36119014806,36005027402,134,2020-11-09
36119985000,36005027402,258,2020-11-09
34013980200,36005027402,129,2020-11-16
34025808500,36005027402,92,2020-11-16
36005004600,36005027402,113,2020-11-16
36005007200,36005027402,121,2020-11-16
36005007300,36005027402,121,2020-11-16
36005009000,36005027402,1103,2020-11-16
36005011700,36005027402,160,2020-11-16
36005011900,36005027402,118,2020-11-16
36005013000,36005027402,245,2020-11-16
36005013100,36005027402,127,2020-11-16
36005013800,36005027402,212,2020-11-16
36005014400,36005027402,158,2020-11-16
36005015200,36005027402,106,2020-11-16
36005015700,36005027402,121,2020-11-16
36005015800,36005027402,149,2020-11-16
36005016000,36005027402,136,2020-11-16
36005016200,36005027402,208,2020-11-16
36005016400,36005027402,110,2020-11-16
36005018400,36005027402,599,2020-11-16
36005020000,36005027402,110,2020-11-16
36005020200,36005027402,156,2020-11-16
36005020400,36005027402,103,2020-11-16
36005020501,36005027402,170,2020-11-16
36005021900,36005027402,153,2020-11-16
36005022200,36005027402,212,2020-11-16
36005023800,36005027402,208,2020-11-16
36005024800,36005027402,109,2020-11-16
36005025200,36005027402,110,2020-11-16
36005026400,36005027402,584,2020-11-16
36005026601,36005027402,148,2020-11-16
36005026602,36005027402,2650,2020-11-16
36005027401,36005027402,575,2020-11-16
36005027402,36005027402,1297,2020-11-16
36005028300,36005027402,115,2020-11-16
36005028400,36005027402,727,2020-11-16
36005028800,36005027402,248,2020-11-16
36005029600,36005027402,446,2020-11-16
36005030000,36005027402,478,2020-11-16
36005035100,36005027402,121,2020-11-16
36005037504,36005027402,232,2020-11-16
36005038900,36005027402,138,2020-11-16
36005039700,36005027402,237,2020-11-16
36005043500,36005027402,153,2020-11-16
36005046201,36005027402,988,2020-11-16
36005050400,36005027402,912,2020-11-16
36047081600,36005027402,230,2020-11-16
36059407801,36005027402,204,2020-11-16
36059408900,36005027402,159,2020-11-16
36061003200,36005027402,99,2020-11-16
36061007000,36005027402,120,2020-11-16
36061009900,36005027402,262,2020-11-16
36061017500,36005027402,124,2020-11-16
36061022800,36005027402,135,2020-11-16
36081004500,36005027402,130,2020-11-16
36081007900,36005027402,139,2020-11-16
36081015700,36005027402,137,2020-11-16
36081021200,36005027402,151,2020-11-16
36081104700,36005027402,121,2020-11-16
36119000900,36005027402,122,2020-11-16
36119001600,36005027402,231,2020-11-16
36119002105,36005027402,190,2020-11-16
36119002403,36005027402,104,2020-11-16
36119002600,36005027402,166,2020-11-16
36119003500,36005027402,157,2020-11-16
36119005300,36005027402,538,2020-11-16
36119005500,36005027402,231,2020-11-16
36119005701,36005027402,493,2020-11-16
36119006000,36005027402,271,2020-11-16
36119006500,36005027402,104,2020-11-16
36119006900,36005027402,143,2020-11-16
36119007100,36005027402,118,2020-11-16
36119007200,36005027402,412,2020-11-16
36119009100,36005027402,149,2020-11-16
36119009400,36005027402,287,2020-11-16
36119009703,36005027402,137,2020-11-16
36119009800,36005027402,153,2020-11-16
36119011000,36005027402,121,2020-11-16
36119013600,36005027402,331,2020-11-16
36119013800,36005027402,125,2020-11-16
36119981000,36005027402,275,2020-11-16
34025809301,36005027402,97,2020-11-23
36005004200,36005027402,146,2020-11-23
36005005400,36005027402,138,2020-11-23
36005006000,36005027402,162,2020-11-23
36005006200,36005027402,332,2020-11-23
36005007500,36005027402,172,2020-11-23
36005009000,36005027402,623,2020-11-23
36005009200,36005027402,525,2020-11-23
36005011800,36005027402,510,2020-11-23
36005013000,36005027402,134,2020-11-23
36005015200,36005027402,121,2020-11-23
36005015800,36005027402,121,2020-11-23
36005016200,36005027402,137,2020-11-23
36005016600,36005027402,125,2020-11-23
36005018400,36005027402,405,2020-11-23
36005019400,36005027402,327,2020-11-23
36005020000,36005027402,115,2020-11-23
36005020200,36005027402,143,2020-11-23
36005022200,36005027402,133,2020-11-23
36005025400,36005027402,108,2020-11-23
36005026400,36005027402,510,2020-11-23
36005026601,36005027402,107,2020-11-23
36005026602,36005027402,676,2020-11-23
36005027401,36005027402,434,2020-11-23
36005027402,36005027402,2779,2020-11-23
36005027600,36005027402,498,2020-11-23
36005028400,36005027402,425,2020-11-23
36005029500,36005027402,125,2020-11-23
36005029600,36005027402,151,2020-11-23
36005030000,36005027402,895,2020-11-23
36005031000,36005027402,249,2020-11-23
36005033400,36005027402,164,2020-11-23
36005036000,36005027402,145,2020-11-23
36005038900,36005027402,121,2020-11-23
36005039700,36005027402,161,2020-11-23
36005041100,36005027402,138,2020-11-23
36005042100,36005027402,212,2020-11-23
36005046201,36005027402,377,2020-11-23
36005050400,36005027402,265,2020-11-23
36005051600,36005027402,182,2020-11-23
36047039200,36005027402,130,2020-11-23
36059303500,36005027402,138,2020-11-23
36059405900,36005027402,115,2020-11-23
36061005000,36005027402,113,2020-11-23
36061005600,36005027402,133,2020-11-23
36061005800,36005027402,145,2020-11-23
36061006200,36005027402,165,2020-11-23
36061008300,36005027402,109,2020-11-23
36061013700,36005027402,123,2020-11-23
36061014300,36005027402,119,2020-11-23
36061017402,36005027402,166,2020-11-23
36079011000,36005027402,125,2020-11-23
36081008500,36005027402,144,2020-11-23
36081011500,36005027402,449,2020-11-23
36081020800,36005027402,144,2020-11-23
36081071100,36005027402,112,2020-11-23
36081071600,36005027402,107,2020-11-23
36081086900,36005027402,175,2020-11-23
36081090700,36005027402,236,2020-11-23
36081134700,36005027402,115,2020-11-23
36119001401,36005027402,102,2020-11-23
36119002000,36005027402,169,2020-11-23
36119005002,36005027402,293,2020-11-23
36119005300,36005027402,133,2020-11-23
36119005500,36005027402,240,2020-11-23
36119005800,36005027402,156,2020-11-23
36119006000,36005027402,311,2020-11-23
36119006600,36005027402,140,2020-11-23
36119006802,36005027402,112,2020-11-23
36119006900,36005027402,257,2020-11-23
36119007100,36005027402,467,2020-11-23
36119007300,36005027402,136,2020-11-23
36119009400,36005027402,117,2020-11-23
36119010701,36005027402,143,2020-11-23
36119012200,36005027402,207,2020-11-23
36005000400,36005027402,338,2020-11-30
36005001600,36005027402,356,2020-11-30
36005006500,36005027402,212,2020-11-30
36005007200,36005027402,157,2020-11-30
36005007500,36005027402,164,2020-11-30
36005008600,36005027402,184,2020-11-30
36005009000,36005027402,1091,2020-11-30
36005011800,36005027402,417,2020-11-30
36005013100,36005027402,101,2020-11-30
36005015200,36005027402,107,2020-11-30
36005015800,36005027402,150,2020-11-30
36005016200,36005027402,263,2020-11-30
36005016400,36005027402,229,2020-11-30
36005018400,36005027402,282,2020-11-30
36005020200,36005027402,244,2020-11-30
36005021001,36005027402,179,2020-11-30
36005022403,36005027402,253,2020-11-30
36005022703,36005027402,212,2020-11-30
36005024800,36005027402,112,2020-11-30
36005025000,36005027402,117,2020-11-30
36005025200,36005027402,259,2020-11-30
36005026400,36005027402,784,2020-11-30
36005026601,36005027402,863,2020-11-30
36005026602,36005027402,1523,2020-11-30
36005027401,36005027402,122,2020-11-30
36005027402,36005027402,1067,2020-11-30
36005027600,36005027402,383,2020-11-30
36005028400,36005027402,444,2020-11-30
36005028600,36005027402,127,2020-11-30
36005029600,36005027402,201,2020-11-30
36005030000,36005027402,1030,2020-11-30
36005031000,36005027402,307,2020-11-30
36005039700,36005027402,158,2020-11-30
36005044400,36005027402,181,2020-11-30
36005046201,36005027402,1345,2020-11-30
36005046202,36005027402,120,2020-11-30
36005050400,36005027402,308,2020-11-30
36047013100,36005027402,358,2020-11-30
36047039200,36005027402,126,2020-11-30
36047050100,36005027402,171,2020-11-30
36047080800,36005027402,254,2020-11-30
36047081600,36005027402,241,2020-11-30
36061001502,36005027402,101,2020-11-30
36061003100,36005027402,146,2020-11-30
36061003700,36005027402,347,2020-11-30
36061005600,36005027402,223,2020-11-30
36061008400,36005027402,111,2020-11-30
36061012100,36005027402,158,2020-11-30
36061013700,36005027402,142,2020-11-30
36061014300,36005027402,262,2020-11-30
36061017500,36005027402,166,2020-11-30
36061029700,36005027402,217,2020-11-30
36081004300,36005027402,193,2020-11-30
36081020800,36005027402,174,2020-11-30
36081036700,36005027402,280,2020-11-30
36081053500,36005027402,220,2020-11-30
36081057700,36005027402,203,2020-11-30
36081086900,36005027402,327,2020-11-30
36081090700,36005027402,204,2020-11-30
36081092900,36005027402,301,2020-11-30
36081098100,36005027402,119,2020-11-30
36081104700,36005027402,132,2020-11-30
36081145900,36005027402,111,2020-11-30
36087011102,36005027402,113,2020-11-30
36119000103,36005027402,147,2020-11-30
36119000900,36005027402,119,2020-11-30
36119001504,36005027402,185,2020-11-30
36119002000,36005027402,117,2020-11-30
36119002105,36005027402,132,2020-11-30
36119002202,36005027402,180,2020-11-30
36119002404,36005027402,128,2020-11-30
36119002600,36005027402,398,2020-11-30
36119003500,36005027402,203,2020-11-30
36119004600,36005027402,178,2020-11-30
36119005002,36005027402,106,2020-11-30
36119005300,36005027402,101,2020-11-30
36119005500,36005027402,178,2020-11-30
36119005701,36005027402,376,2020-11-30
36119005901,36005027402,165,2020-11-30
36119005902,36005027402,124,2020-11-30
36119006000,36005027402,273,2020-11-30
36119006802,36005027402,334,2020-11-30
36119006900,36005027402,127,2020-11-30
36119007000,36005027402,107,2020-11-30
36119007100,36005027402,156,2020-11-30
36119007800,36005027402,386,2020-11-30
36119008602,36005027402,140,2020-11-30
36119009300,36005027402,469,2020-11-30
36119010701,36005027402,112,2020-11-30
36119010803,36005027402,496,2020-11-30
36119011902,36005027402,117,2020-11-30
36119013000,36005027402,150,2020-11-30
36119013600,36005027402,203,2020-11-30
36119981000,36005027402,331,2020-11-30
36005000400,36005027402,121,2020-12-07
36005004200,36005027402,300,2020-12-07
36005006200,36005027402,164,2020-12-07
36005006500,36005027402,195,2020-12-07
36005007800,36005027402,133,2020-12-07
36005008500,36005027402,142,2020-12-07
36005009000,36005027402,668,2020-12-07
36005009200,36005027402,270,2020-12-07
36005011800,36005027402,163,2020-12-07
36005012300,36005027402,143,2020-12-07
36005013800,36005027402,458,2020-12-07
36005015200,36005027402,117,2020-12-07
36005015800,36005027402,447,2020-12-07
36005016200,36005027402,256,2020-12-07
36005016400,36005027402,312,2020-12-07
36005018400,36005027402,390,2020-12-07
36005020000,36005027402,251,2020-12-07
36005022200,36005027402,144,2020-12-07
36005022403,36005027402,159,2020-12-07
36005022902,36005027402,130,2020-12-07
36005023600,36005027402,225,2020-12-07
36005023800,36005027402,290,2020-12-07
36005024800,36005027402,148,2020-12-07
36005025400,36005027402,121,2020-12-07
36005026400,36005027402,449,2020-12-07
36005026601,36005027402,151,2020-12-07
36005026602,36005027402,1053,2020-12-07
36005027401,36005027402,126,2020-12-07
36005027402,36005027402,1864,2020-12-07
36005027600,36005027402,172,2020-12-07
36005028400,36005027402,324,2020-12-07
36005028600,36005027402,144,2020-12-07
36005028800,36005027402,140,2020-12-07
36005029600,36005027402,261,2020-12-07
36005030000,36005027402,658,2020-12-07
36005031000,36005027402,142,2020-12-07
36005031200,36005027402,177,2020-12-07
36005032600,36005027402,132,2020-12-07
36005032800,36005027402,163,2020-12-07
36005033400,36005027402,321,2020-12-07
36005035600,36005027402,101,2020-12-07
36005038900,36005027402,118,2020-12-07
36005039700,36005027402,367,2020-12-07
36005046201,36005027402,305,2020-12-07
36005046202,36005027402,255,2020-12-07
36005050400,36005027402,873,2020-12-07
36047026400,36005027402,129,2020-12-07
36047027600,36005027402,133,2020-12-07
36047043900,36005027402,178,2020-12-07
36047079200,36005027402,137,2020-12-07
36059302800,36005027402,109,2020-12-07
36059404500,36005027402,165,2020-12-07
36059411301,36005027402,149,2020-12-07
36061001600,36005027402,168,2020-12-07
36061002100,36005027402,284,2020-12-07
36061002900,36005027402,225,2020-12-07
36061003700,36005027402,318,2020-12-07
36061005600,36005027402,318,2020-12-07
36061005700,36005027402,129,2020-12-07
36061008700,36005027402,135,2020-12-07
36061010000,36005027402,101,2020-12-07
36061010200,36005027402,118,2020-12-07
36061010400,36005027402,151,2020-12-07
36061012200,36005027402,123,2020-12-07
36061013700,36005027402,139,2020-12-07
36061015400,36005027402,166,2020-12-07
36061017800,36005027402,296,2020-12-07
36061026100,36005027402,166,2020-12-07
36081010600,36005027402,249,2020-12-07
36081012301,36005027402,167,2020-12-07
36081033100,36005027402,128,2020-12-07
36081036700,36005027402,183,2020-12-07
36081076901,36005027402,121,2020-12-07
36081086900,36005027402,284,2020-12-07
36103169704,36005027402,122,2020-12-07
36119000900,36005027402,236,2020-12-07
36119001403,36005027402,207,2020-12-07
36119001700,36005027402,193,2020-12-07
36119002000,36005027402,419,2020-12-07
36119002600,36005027402,293,2020-12-07
36119003400,36005027402,120,2020-12-07
36119003500,36005027402,151,2020-12-07
36119004600,36005027402,124,2020-12-07
36119005001,36005027402,249,2020-12-07
36119005002,36005027402,483,2020-12-07
36119005100,36005027402,334,2020-12-07
36119005200,36005027402,224,2020-12-07
36119005300,36005027402,430,2020-12-07
36119005500,36005027402,391,2020-12-07
36119005701,36005027402,485,2020-12-07
36119005800,36005027402,256,2020-12-07
36119005902,36005027402,126,2020-12-07
36119006000,36005027402,324,2020-12-07
36119006300,36005027402,101,2020-12-07
36119006801,36005027402,244,2020-12-07
36119006802,36005027402,128,2020-12-07
36119006900,36005027402,135,2020-12-07
36119007000,36005027402,113,2020-12-07
36119007100,36005027402,215,2020-12-07
36119007402,36005027402,302,2020-12-07
36119008000,36005027402,121,2020-12-07
36119009300,36005027402,465,2020-12-07
36119009400,36005027402,118,2020-12-07
36119010801,36005027402,152,2020-12-07
34003015400,36005027402,227,2020-12-14
34025809301,36005027402,270,2020-12-14
36005004001,36005027402,169,2020-12-14
36005004800,36005027402,146,2020-12-14
36005005200,36005027402,108,2020-12-14
36005008900,36005027402,176,2020-12-14
36005009000,36005027402,1191,2020-12-14
36005009300,36005027402,192,2020-12-14
36005011800,36005027402,226,2020-12-14
36005012901,36005027402,138,2020-12-14
36005013100,36005027402,136,2020-12-14
36005013200,36005027402,203,2020-12-14
36005015800,36005027402,250,2020-12-14
36005016100,36005027402,160,2020-12-14
36005016200,36005027402,109,2020-12-14
36005016500,36005027402,161,2020-12-14
36005016600,36005027402,109,2020-12-14
36005018400,36005027402,119,2020-12-14
36005021900,36005027402,132,2020-12-14
36005022200,36005027402,333,2020-12-14
36005023600,36005027402,191,2020-12-14
36005023800,36005027402,181,2020-12-14
36005025200,36005027402,371,2020-12-14
36005025400,36005027402,147,2020-12-14
36005026400,36005027402,180,2020-12-14
36005026500,36005027402,330,2020-12-14
36005026601,36005027402,244,2020-12-14
36005026602,36005027402,1205,2020-12-14
36005027401,36005027402,217,2020-12-14
36005027402,36005027402,1655,2020-12-14
36005028800,36005027402,149,2020-12-14
36005029600,36005027402,118,2020-12-14
36005030000,36005027402,652,2020-12-14
36005033400,36005027402,163,2020-12-14
36005035600,36005027402,162,2020-12-14
36005039100,36005027402,228,2020-12-14
36005039700,36005027402,173,2020-12-14
36005042100,36005027402,228,2020-12-14
36005046201,36005027402,1542,2020-12-14
36005050400,36005027402,321,2020-12-14
36047043200,36005027402,180,2020-12-14
36047058000,36005027402,184,2020-12-14
36047060600,36005027402,120,2020-12-14
36047080800,36005027402,239,2020-12-14
36047081400,36005027402,209,2020-12-14
36059303400,36005027402,165,2020-12-14
36059407301,36005027402,408,2020-12-14
36059409000,36005027402,120,2020-12-14
36061005502,36005027402,129,2020-12-14
36061005700,36005027402,152,2020-12-14
36061006800,36005027402,145,2020-12-14
36061008100,36005027402,120,2020-12-14
36061009200,36005027402,101,2020-12-14
36061009800,36005027402,145,2020-12-14
36061010900,36005027402,126,2020-12-14
36061011100,36005027402,245,2020-12-14
36061014300,36005027402,146,2020-12-14
36061015400,36005027402,159,2020-12-14
36061021200,36005027402,135,2020-12-14
36061027300,36005027402,177,2020-12-14
36061030900,36005027402,123,2020-12-14
36079011900,36005027402,120,2020-12-14
36081056700,36005027402,165,2020-12-14
36081071600,36005027402,110,2020-12-14
36087013100,36005027402,176,2020-12-14
36103110502,36005027402,104,2020-12-14
36103147003,36005027402,157,2020-12-14
36119000802,36005027402,107,2020-12-14
36119001600,36005027402,120,2020-12-14
36119002000,36005027402,169,2020-12-14
36119002105,36005027402,224,2020-12-14
36119002600,36005027402,501,2020-12-14
36119005002,36005027402,829,2020-12-14
36119005300,36005027402,243,2020-12-14
36119005500,36005027402,1279,2020-12-14
36119005701,36005027402,235,2020-12-14
36119006802,36005027402,145,2020-12-14
36119007100,36005027402,456,2020-12-14
36119007200,36005027402,105,2020-12-14
36119008403,36005027402,122,2020-12-14
36119008500,36005027402,119,2020-12-14
36119009400,36005027402,306,2020-12-14
36119009702,36005027402,154,2020-12-14
34003054600,36005027402,124,2020-12-21
34025808800,36005027402,125,2020-12-21
34025811301,36005027402,118,2020-12-21
34027041705,36005027402,120,2020-12-21
34031125100,36005027402,130,2020-12-21
36005004200,36005027402,162,2020-12-21
36005004800,36005027402,314,2020-12-21
36005006200,36005027402,177,2020-12-21
36005008700,36005027402,136,2020-12-21
36005009000,36005027402,613,2020-12-21
36005009200,36005027402,168,2020-12-21
36005009600,36005027402,405,2020-12-21
36005011800,36005027402,211,2020-12-21
36005012300,36005027402,155,2020-12-21
36005012500,36005027402,115,2020-12-21
36005013800,36005027402,158,2020-12-21
36005015200,36005027402,397,2020-12-21
36005015800,36005027402,161,2020-12-21
36005016400,36005027402,233,2020-12-21
36005016600,36005027402,205,2020-12-21
36005018301,36005027402,152,2020-12-21
36005018400,36005027402,286,2020-12-21
36005020000,36005027402,699,2020-12-21
36005022200,36005027402,247,2020-12-21
36005022401,36005027402,185,2020-12-21
36005022902,36005027402,159,2020-12-21
36005023200,36005027402,135,2020-12-21
36005023600,36005027402,209,2020-12-21
36005024800,36005027402,131,2020-12-21
36005025200,36005027402,131,2020-12-21
36005026400,36005027402,774,2020-12-21
36005026601,36005027402,158,2020-12-21
36005026602,36005027402,846,2020-12-21
36005027402,36005027402,1627,2020-12-21
36005028400,36005027402,471,2020-12-21
36005028600,36005027402,184,2020-12-21
36005029600,36005027402,244,2020-12-21
36005030000,36005027402,1014,2020-12-21
36005031000,36005027402,126,2020-12-21
36005033000,36005027402,240,2020-12-21
36005033201,36005027402,161,2020-12-21
36005036502,36005027402,247,2020-12-21
36005038900,36005027402,115,2020-12-21
36005042100,36005027402,346,2020-12-21
36005046201,36005027402,1020,2020-12-21
36005050400,36005027402,302,2020-12-21
36005051600,36005027402,193,2020-12-21
36047003900,36005027402,109,2020-12-21
36047016300,36005027402,114,2020-12-21
36047038500,36005027402,144,2020-12-21
36047081600,36005027402,157,2020-12-21
36059303600,36005027402,356,2020-12-21
36059407301,36005027402,323,2020-12-21
36059407801,36005027402,177,2020-12-21
36059408000,36005027402,105,2020-12-21
36061001002,36005027402,213,2020-12-21
36061003700,36005027402,262,2020-12-21
36061009400,36005027402,110,2020-12-21
36061013700,36005027402,571,2020-12-21
36061014402,36005027402,152,2020-12-21
36061025500,36005027402,138,2020-12-21
36081057700,36005027402,167,2020-12-21
36081104700,36005027402,130,2020-12-21
36081117100,36005027402,135,2020-12-21
36087013100,36005027402,404,2020-12-21
36119000401,36005027402,138,2020-12-21
36119000900,36005027402,121,2020-12-21
36119001600,36005027402,195,2020-12-21
36119002105,36005027402,139,2020-12-21
36119002600,36005027402,141,2020-12-21
36119003500,36005027402,216,2020-12-21
36119004400,36005027402,162,2020-12-21
36119005002,36005027402,105,2020-12-21
36119005100,36005027402,128,2020-12-21
36119005300,36005027402,536,2020-12-21
36119005500,36005027402,222,2020-12-21
36119005701,36005027402,404,2020-12-21
36119005901,36005027402,123,2020-12-21
36119006000,36005027402,250,2020-12-21
36119006100,36005027402,161,2020-12-21
36119007000,36005027402,122,2020-12-21
36119007100,36005027402,348,2020-12-21
36119007700,36005027402,105,2020-12-21
36119008700,36005027402,182,2020-12-21
36119009400,36005027402,119,2020-12-21
36119009800,36005027402,187,2020-12-21
36119010701,36005027402,180,2020-12-21
34003044201,36005027402,119,2020-12-28
34023007905,36005027402,112,2020-12-28
34023007912,36005027402,104,2020-12-28
34025808500,36005027402,88,2020-12-28
34025809301,36005027402,117,2020-12-28
34029713500,36005027402,111,2020-12-28
36005000400,36005027402,157,2020-12-28
36005001600,36005027402,158,2020-12-28
36005004400,36005027402,135,2020-12-28
36005004800,36005027402,139,2020-12-28
36005006200,36005027402,192,2020-12-28
36005008500,36005027402,126,2020-12-28
36005009000,36005027402,911,2020-12-28
36005009200,36005027402,137,2020-12-28
36005009300,36005027402,316,2020-12-28
36005013100,36005027402,102,2020-12-28
36005013800,36005027402,130,2020-12-28
36005014400,36005027402,182,2020-12-28
36005015200,36005027402,109,2020-12-28
36005015800,36005027402,170,2020-12-28
36005016100,36005027402,160,2020-12-28
36005016200,36005027402,223,2020-12-28
36005016400,36005027402,112,2020-12-28
36005016500,36005027402,159,2020-12-28
36005016600,36005027402,122,2020-12-28
36005016900,36005027402,152,2020-12-28
36005018400,36005027402,128,2020-12-28
36005020000,36005027402,255,2020-12-28
36005020601,36005027402,114,2020-12-28
36005022703,36005027402,372,2020-12-28
36005024800,36005027402,502,2020-12-28
36005025400,36005027402,379,2020-12-28
36005026400,36005027402,151,2020-12-28
36005026601,36005027402,312,2020-12-28
36005026602,36005027402,1581,2020-12-28
36005027300,36005027402,153,2020-12-28
36005027401,36005027402,248,2020-12-28
36005027402,36005027402,424,2020-12-28
36005028400,36005027402,494,2020-12-28
36005028600,36005027402,222,2020-12-28
36005029600,36005027402,114,2020-12-28
36005030000,36005027402,790,2020-12-28
36005033400,36005027402,125,2020-12-28
36005038900,36005027402,116,2020-12-28
36005039300,36005027402,123,2020-12-28
36005039902,36005027402,115,2020-12-28
36005042100,36005027402,281,2020-12-28
36005046201,36005027402,1028,2020-12-28
36005050400,36005027402,312,2020-12-28
36047012000,36005027402,134,2020-12-28
36047015400,36005027402,321,2020-12-28
36047058200,36005027402,136,2020-12-28
36059407801,36005027402,277,2020-12-28
36061001600,36005027402,121,2020-12-28
36061002900,36005027402,236,2020-12-28
36061003200,36005027402,154,2020-12-28
36061003300,36005027402,124,2020-12-28
36061003700,36005027402,282,2020-12-28
36061008200,36005027402,129,2020-12-28
36061011300,36005027402,104,2020-12-28
36061011402,36005027402,102,2020-12-28
36061013700,36005027402,481,2020-12-28
36061028700,36005027402,164,2020-12-28
36079010800,36005027402,233,2020-12-28
36079011700,36005027402,146,2020-12-28
36079011900,36005027402,111,2020-12-28
36081007700,36005027402,120,2020-12-28
36081038302,36005027402,189,2020-12-28
36081062900,36005027402,231,2020-12-28
36081085300,36005027402,147,2020-12-28
36081086900,36005027402,102,2020-12-28
36081090700,36005027402,343,2020-12-28
36081091800,36005027402,153,2020-12-28
36081092900,36005027402,212,2020-12-28
36103169704,36005027402,105,2020-12-28
36119000900,36005027402,206,2020-12-28
36119001503,36005027402,102,2020-12-28
36119002101,36005027402,240,2020-12-28
36119002105,36005027402,127,2020-12-28
36119002600,36005027402,123,2020-12-28
36119005002,36005027402,480,2020-12-28
36119005100,36005027402,385,2020-12-28
36119005300,36005027402,414,2020-12-28
36119005500,36005027402,228,2020-12-28
36119005701,36005027402,112,2020-12-28
36119005800,36005027402,219,2020-12-28
36119005901,36005027402,109,2020-12-28
36119005902,36005027402,125,2020-12-28
36119006000,36005027402,502,2020-12-28
36119006802,36005027402,413,2020-12-28
36119008000,36005027402,117,2020-12-28
36119009300,36005027402,264,2020-12-28
36119009400,36005027402,812,2020-12-28
36119010701,36005027402,256,2020-12-28
36119013000,36005027402,118,2020-12-28
36119014400,36005027402,151,2020-12-28
36119014605,36005027402,129,2020-12-28
34003012001,36005027402,191,2021-01-04
34003015200,36005027402,167,2021-01-04
34031175802,36005027402,152,2021-01-04
36005004200,36005027402,241,2021-01-04
36005006500,36005027402,154,2021-01-04
36005007400,36005027402,246,2021-01-04
36005007800,36005027402,468,2021-01-04
36005008700,36005027402,131,2021-01-04
36005008900,36005027402,150,2021-01-04
36005009000,36005027402,877,2021-01-04
36005009200,36005027402,128,2021-01-04
36005009300,36005027402,159,2021-01-04
36005011000,36005027402,367,2021-01-04
36005011800,36005027402,242,2021-01-04
36005012300,36005027402,141,2021-01-04
36005013200,36005027402,144,2021-01-04
36005013800,36005027402,508,2021-01-04
36005015200,36005027402,274,2021-01-04
36005015700,36005027402,182,2021-01-04
36005015800,36005027402,155,2021-01-04
36005016200,36005027402,372,2021-01-04
36005016400,36005027402,370,2021-01-04
36005016900,36005027402,226,2021-01-04
36005018400,36005027402,510,2021-01-04
36005018500,36005027402,158,2021-01-04
36005019700,36005027402,120,2021-01-04
36005020000,36005027402,495,2021-01-04
36005020400,36005027402,118,2021-01-04
36005022200,36005027402,235,2021-01-04
36005022403,36005027402,154,2021-01-04
36005022404,36005027402,120,2021-01-04
36005022703,36005027402,369,2021-01-04
36005024800,36005027402,137,2021-01-04
36005025600,36005027402,105,2021-01-04
36005026400,36005027402,129,2021-01-04
36005026601,36005027402,558,2021-01-04
36005026602,36005027402,2230,2021-01-04
36005027401,36005027402,443,2021-01-04
36005027402,36005027402,1783,2021-01-04
36005028400,36005027402,640,2021-01-04
36005028600,36005027402,138,2021-01-04
36005029500,36005027402,162,2021-01-04
36005030000,36005027402,965,2021-01-04
36005031000,36005027402,125,2021-01-04
36005033400,36005027402,313,2021-01-04
36005039700,36005027402,160,2021-01-04
36005042100,36005027402,222,2021-01-04
36005046201,36005027402,921,2021-01-04
36005050400,36005027402,710,2021-01-04
36005051600,36005027402,311,2021-01-04
36047001500,36005027402,152,2021-01-04
36047058000,36005027402,127,2021-01-04
36047061004,36005027402,157,2021-01-04
36047117400,36005027402,111,2021-01-04
36059303700,36005027402,171,2021-01-04
36059410500,36005027402,134,2021-01-04
36059412301,36005027402,329,2021-01-04
36061008100,36005027402,108,2021-01-04
36061008700,36005027402,101,2021-01-04
36061009400,36005027402,119,2021-01-04
36061013300,36005027402,162,2021-01-04
36061013700,36005027402,295,2021-01-04
36061013900,36005027402,294,2021-01-04
36061018900,36005027402,143,2021-01-04
36061022200,36005027402,105,2021-01-04
36061024700,36005027402,141,2021-01-04
36081080900,36005027402,201,2021-01-04
36081086900,36005027402,113,2021-01-04
36081090700,36005027402,188,2021-01-04
36087011102,36005027402,300,2021-01-04
36087013100,36005027402,200,2021-01-04
36119000401,36005027402,127,2021-01-04
36119001504,36005027402,145,2021-01-04
36119001600,36005027402,213,2021-01-04
36119002000,36005027402,164,2021-01-04
36119002101,36005027402,108,2021-01-04
36119002105,36005027402,250,2021-01-04
36119002202,36005027402,177,2021-01-04
36119002404,36005027402,110,2021-01-04
36119002405,36005027402,140,2021-01-04
36119002600,36005027402,154,2021-01-04
36119004400,36005027402,198,2021-01-04
36119004600,36005027402,175,2021-01-04
36119005002,36005027402,545,2021-01-04
36119005300,36005027402,122,2021-01-04
36119005500,36005027402,208,2021-01-04
36119005701,36005027402,227,2021-01-04
36119005901,36005027402,290,2021-01-04
36119006000,36005027402,239,2021-01-04
36119006100,36005027402,122,2021-01-04
36119006300,36005027402,112,2021-01-04
36119006802,36005027402,121,2021-01-04
36119006900,36005027402,253,2021-01-04
36119007100,36005027402,456,2021-01-04
36119007700,36005027402,167,2021-01-04
36119007800,36005027402,115,2021-01-04
36119008000,36005027402,123,2021-01-04
36119008301,36005027402,128,2021-01-04
36119008602,36005027402,122,2021-01-04
36119008800,36005027402,108,2021-01-04
36119009300,36005027402,242,2021-01-04
36119010803,36005027402,129,2021-01-04
36119010902,36005027402,100,2021-01-04
36119012802,36005027402,134,2021-01-04
36119013000,36005027402,146,2021-01-04
36119014806,36005027402,136,2021-01-04
36119981000,36005027402,257,2021-01-04
34003027000,36005027402,97,2021-01-11
34003029100,36005027402,124,2021-01-11
34003047400,36005027402,101,2021-01-11
34003061100,36005027402,124,2021-01-11
36005000400,36005027402,125,2021-01-11
36005001600,36005027402,174,2021-01-11
36005002702,36005027402,155,2021-01-11
36005006300,36005027402,155,2021-01-11
36005007600,36005027402,109,2021-01-11
36005007800,36005027402,154,2021-01-11
36005009000,36005027402,1291,2021-01-11
36005009200,36005027402,234,2021-01-11
36005011000,36005027402,158,2021-01-11
36005011800,36005027402,233,2021-01-11
36005012300,36005027402,135,2021-01-11
36005013800,36005027402,178,2021-01-11
36005015200,36005027402,272,2021-01-11
36005015800,36005027402,280,2021-01-11
36005016200,36005027402,336,2021-01-11
36005016400,36005027402,139,2021-01-11
36005016500,36005027402,183,2021-01-11
36005016600,36005027402,148,2021-01-11
36005017901,36005027402,160,2021-01-11
36005018400,36005027402,560,2021-01-11
36005019400,36005027402,111,2021-01-11
36005020000,36005027402,360,2021-01-11
36005020400,36005027402,136,2021-01-11
36005021100,36005027402,135,2021-01-11
36005022200,36005027402,375,2021-01-11
36005022500,36005027402,150,2021-01-11
36005023600,36005027402,197,2021-01-11
36005023800,36005027402,130,2021-01-11
36005024400,36005027402,206,2021-01-11
36005024800,36005027402,365,2021-01-11
36005025200,36005027402,295,2021-01-11
36005026400,36005027402,492,2021-01-11
36005026601,36005027402,317,2021-01-11
36005026602,36005027402,1538,2021-01-11
36005027401,36005027402,754,2021-01-11
36005027402,36005027402,1666,2021-01-11
36005028400,36005027402,643,2021-01-11
36005029600,36005027402,115,2021-01-11
36005030000,36005027402,975,2021-01-11
36005031000,36005027402,493,2021-01-11
36005039800,36005027402,168,2021-01-11
36005046201,36005027402,176,2021-01-11
36005050400,36005027402,465,2021-01-11
36005051600,36005027402,187,2021-01-11
36047011900,36005027402,173,2021-01-11
36047037900,36005027402,120,2021-01-11
36047059200,36005027402,119,2021-01-11
36047061004,36005027402,108,2021-01-11
36059303800,36005027402,116,2021-01-11
36059407301,36005027402,120,2021-01-11
36061005600,36005027402,171,2021-01-11
36061007900,36005027402,111,2021-01-11
36061009800,36005027402,530,2021-01-11
36061010200,36005027402,247,2021-01-11
36061011600,36005027402,150,2021-01-11
36061011900,36005027402,259,2021-01-11
36061012900,36005027402,225,2021-01-11
36061013700,36005027402,398,2021-01-11
36061013900,36005027402,454,2021-01-11
36061015001,36005027402,122,2021-01-11
36061017200,36005027402,130,2021-01-11
36061017800,36005027402,141,2021-01-11
36061031704,36005027402,123,2021-01-11
36081023000,36005027402,146,2021-01-11
36081027200,36005027402,194,2021-01-11
36081033100,36005027402,169,2021-01-11
36081036800,36005027402,186,2021-01-11
36081056700,36005027402,106,2021-01-11
36081085300,36005027402,108,2021-01-11
36081086900,36005027402,166,2021-01-11
36081091900,36005027402,194,2021-01-11
36081118500,36005027402,114,2021-01-11
36087010804,36005027402,112,2021-01-11
36103158712,36005027402,112,2021-01-11
36119002000,36005027402,553,2021-01-11
36119002404,36005027402,112,2021-01-11
36119002600,36005027402,844,2021-01-11
36119004600,36005027402,175,2021-01-11
36119005300,36005027402,125,2021-01-11
36119005500,36005027402,870,2021-01-11
36119005701,36005027402,265,2021-01-11
36119006000,36005027402,337,2021-01-11
36119006100,36005027402,110,2021-01-11
36119006600,36005027402,312,2021-01-11
36119006802,36005027402,147,2021-01-11
36119007100,36005027402,475,2021-01-11
36119007200,36005027402,512,2021-01-11
36119007401,36005027402,154,2021-01-11
36119007800,36005027402,323,2021-01-11
36119008301,36005027402,149,2021-01-11
36119008602,36005027402,144,2021-01-11
36119009400,36005027402,134,2021-01-11
34003012001,36005027402,493,2021-01-18
34031124402,36005027402,106,2021-01-18
36005004001,36005027402,173,2021-01-18
36005006000,36005027402,151,2021-01-18
36005009000,36005027402,991,2021-01-18
36005009200,36005027402,114,2021-01-18
36005009600,36005027402,268,2021-01-18
36005011800,36005027402,336,2021-01-18
36005013800,36005027402,121,2021-01-18
36005015200,36005027402,259,2021-01-18
36005016200,36005027402,470,2021-01-18
36005016600,36005027402,131,2021-01-18
36005018400,36005027402,602,2021-01-18
36005019400,36005027402,292,2021-01-18
36005020000,36005027402,263,2021-01-18
36005020601,36005027402,178,2021-01-18
36005021900,36005027402,239,2021-01-18
36005022703,36005027402,182,2021-01-18
36005022800,36005027402,162,2021-01-18
36005024800,36005027402,627,2021-01-18
36005026602,36005027402,1159,2021-01-18
36005027300,36005027402,156,2021-01-18
36005027402,36005027402,1069,2021-01-18
36005028300,36005027402,114,2021-01-18
36005028400,36005027402,424,2021-01-18
36005028800,36005027402,124,2021-01-18
36005030000,36005027402,487,2021-01-18
36005030900,36005027402,128,2021-01-18
36005031000,36005027402,161,2021-01-18
36005039300,36005027402,124,2021-01-18
36005046201,36005027402,906,2021-01-18
36005046202,36005027402,134,2021-01-18
36005050400,36005027402,356,2021-01-18
36047019700,36005027402,173,2021-01-18
36047060000,36005027402,387,2021-01-18
36047080800,36005027402,254,2021-01-18
36047081600,36005027402,122,2021-01-18
36059409300,36005027402,133,2021-01-18
36061001502,36005027402,113,2021-01-18
36061007900,36005027402,168,2021-01-18
36061011900,36005027402,279,2021-01-18
36061013700,36005027402,136,2021-01-18
36061015400,36005027402,169,2021-01-18
36061019600,36005027402,136,2021-01-18
36061024200,36005027402,147,2021-01-18
36081019900,36005027402,158,2021-01-18
36081056800,36005027402,183,2021-01-18
36081057700,36005027402,112,2021-01-18
36081071600,36005027402,188,2021-01-18
36081086400,36005027402,239,2021-01-18
36081087100,36005027402,124,2021-01-18
36081099100,36005027402,240,2021-01-18
36081115700,36005027402,106,2021-01-18
36081118700,36005027402,156,2021-01-18
36081146700,36005027402,139,2021-01-18
36085012806,36005027402,195,2021-01-18
36087011102,36005027402,550,2021-01-18
36087013100,36005027402,206,2021-01-18
36119002000,36005027402,586,2021-01-18
36119002106,36005027402,139,2021-01-18
36119004600,36005027402,244,2021-01-18
36119005002,36005027402,408,2021-01-18
36119005100,36005027402,285,2021-01-18
36119005200,36005027402,120,2021-01-18
36119005300,36005027402,114,2021-01-18
36119005500,36005027402,403,2021-01-18
36119005701,36005027402,614,2021-01-18
36119005901,36005027402,135,2021-01-18
36119006000,36005027402,429,2021-01-18
36119006100,36005027402,132,2021-01-18
36119006802,36005027402,156,2021-01-18
36119006900,36005027402,256,2021-01-18
36119007000,36005027402,125,2021-01-18
36119007100,36005027402,438,2021-01-18
36119007200,36005027402,612,2021-01-18
36119008000,36005027402,122,2021-01-18
36119008301,36005027402,164,2021-01-18
36119008602,36005027402,553,2021-01-18
36119009300,36005027402,196,2021-01-18
36119009400,36005027402,565,2021-01-18
36119009703,36005027402,244,2021-01-18
36119010500,36005027402,459,2021-01-18
36119010701,36005027402,121,2021-01-18
36119013202,36005027402,106,2021-01-18
36119014500,36005027402,290,2021-01-18
36005003900,36005027402,115,2021-01-25
36005004200,36005027402,627,2021-01-25
36005009000,36005027402,1527,2021-01-25
36005009200,36005027402,171,2021-01-25
36005015700,36005027402,175,2021-01-25
36005015800,36005027402,126,2021-01-25
36005016200,36005027402,309,2021-01-25
36005018301,36005027402,175,2021-01-25
36005018400,36005027402,703,2021-01-25
36005018500,36005027402,170,2021-01-25
36005019400,36005027402,120,2021-01-25
36005020000,36005027402,905,2021-01-25
36005020601,36005027402,187,2021-01-25
36005021900,36005027402,158,2021-01-25
36005022200,36005027402,212,2021-01-25
36005022401,36005027402,152,2021-01-25
36005022403,36005027402,156,2021-01-25
36005023600,36005027402,202,2021-01-25
36005023800,36005027402,114,2021-01-25
36005025000,36005027402,159,2021-01-25
36005025200,36005027402,185,2021-01-25
36005025400,36005027402,120,2021-01-25
36005026400,36005027402,191,2021-01-25
36005026601,36005027402,227,2021-01-25
36005026602,36005027402,1797,2021-01-25
36005027401,36005027402,204,2021-01-25
36005027402,36005027402,1987,2021-01-25
36005027600,36005027402,181,2021-01-25
36005028400,36005027402,455,2021-01-25
36005030000,36005027402,1036,2021-01-25
36005042100,36005027402,233,2021-01-25
36005046201,36005027402,1528,2021-01-25
36005046202,36005027402,131,2021-01-25
36005050400,36005027402,311,2021-01-25
36005051600,36005027402,198,2021-01-25
36047044300,36005027402,211,2021-01-25
36047080800,36005027402,261,2021-01-25
36059407301,36005027402,832,2021-01-25
36059407801,36005027402,263,2021-01-25
36059412400,36005027402,119,2021-01-25
36059415401,36005027402,132,2021-01-25
36061002900,36005027402,237,2021-01-25
36061005400,36005027402,123,2021-01-25
36061005600,36005027402,466,2021-01-25
36061006400,36005027402,186,2021-01-25
36061010100,36005027402,127,2021-01-25
36061011402,36005027402,126,2021-01-25
36061013900,36005027402,216,2021-01-25
36061014200,36005027402,106,2021-01-25
36061015200,36005027402,142,2021-01-25
36061016600,36005027402,106,2021-01-25
36061018000,36005027402,114,2021-01-25
36061022800,36005027402,144,2021-01-25
36079011000,36005027402,119,2021-01-25
36081015801,36005027402,141,2021-01-25
36081029700,36005027402,170,2021-01-25
36081063700,36005027402,256,2021-01-25
36081079702,36005027402,157,2021-01-25
36081112300,36005027402,119,2021-01-25
36081136700,36005027402,138,2021-01-25
36081146700,36005027402,366,2021-01-25
36087012800,36005027402,209,2021-01-25
36087013100,36005027402,210,2021-01-25
36103111100,36005027402,116,2021-01-25
36103111900,36005027402,176,2021-01-25
36119000900,36005027402,127,2021-01-25
36119001600,36005027402,381,2021-01-25
36119002105,36005027402,300,2021-01-25
36119002403,36005027402,159,2021-01-25
36119004600,36005027402,117,2021-01-25
36119005002,36005027402,439,2021-01-25
36119005100,36005027402,125,2021-01-25
36119005300,36005027402,599,2021-01-25
36119005500,36005027402,557,2021-01-25
36119005701,36005027402,243,2021-01-25
36119005800,36005027402,115,2021-01-25
36119006802,36005027402,498,2021-01-25
36119006900,36005027402,274,2021-01-25
36119007100,36005027402,328,2021-01-25
36119007402,36005027402,124,2021-01-25
36119007800,36005027402,381,2021-01-25
36119008000,36005027402,128,2021-01-25
36119008602,36005027402,421,2021-01-25
36119008800,36005027402,182,2021-01-25
36119009300,36005027402,228,2021-01-25
36119009400,36005027402,304,2021-01-25
36119010100,36005027402,137,2021-01-25
36119010701,36005027402,106,2021-01-25
36119011400,36005027402,142,2021-01-25
36119011500,36005027402,117,2021-01-25
36119012102,36005027402,129,2021-01-25
36119013000,36005027402,126,2021-01-25
36119014809,36005027402,293,2021-01-25
34003042500,36005027402,368,2021-02-01
34023007804,36005027402,108,2021-02-01
34037371600,36005027402,108,2021-02-01
36005000400,36005027402,205,2021-02-01
36005004001,36005027402,123,2021-02-01
36005004400,36005027402,137,2021-02-01
36005005600,36005027402,151,2021-02-01
36005006500,36005027402,117,2021-02-01
36005007500,36005027402,203,2021-02-01
36005007800,36005027402,129,2021-02-01
36005009000,36005027402,685,2021-02-01
36005011000,36005027402,175,2021-02-01
36005011800,36005027402,374,2021-02-01
36005012901,36005027402,171,2021-02-01
36005013200,36005027402,177,2021-02-01
36005013800,36005027402,132,2021-02-01
36005015200,36005027402,121,2021-02-01
36005016200,36005027402,307,2021-02-01
36005016400,36005027402,226,2021-02-01
36005018400,36005027402,547,2021-02-01
36005019400,36005027402,284,2021-02-01
36005020000,36005027402,391,2021-02-01
36005021100,36005027402,168,2021-02-01
36005021200,36005027402,137,2021-02-01
36005021900,36005027402,111,2021-02-01
36005024800,36005027402,156,2021-02-01
36005026400,36005027402,727,2021-02-01
36005026601,36005027402,169,2021-02-01
36005026602,36005027402,1197,2021-02-01
36005027401,36005027402,725,2021-02-01
36005027402,36005027402,2094,2021-02-01
36005028400,36005027402,839,2021-02-01
36005028800,36005027402,135,2021-02-01
36005030000,36005027402,1441,2021-02-01
36005033000,36005027402,177,2021-02-01
36005035100,36005027402,142,2021-02-01
36005037504,36005027402,438,2021-02-01
36005042100,36005027402,238,2021-02-01
36005046201,36005027402,932,2021-02-01
36005050400,36005027402,480,2021-02-01
36047001300,36005027402,337,2021-02-01
36047010100,36005027402,193,2021-02-01
36047011400,36005027402,123,2021-02-01
36047029200,36005027402,128,2021-02-01
36047031400,36005027402,148,2021-02-01
36047035602,36005027402,202,2021-02-01
36059304002,36005027402,127,2021-02-01
36061002202,36005027402,222,2021-02-01
36061005600,36005027402,157,2021-02-01
36061005800,36005027402,118,2021-02-01
36061006400,36005027402,111,2021-02-01
36061010800,36005027402,117,2021-02-01
36061012200,36005027402,111,2021-02-01
36061015200,36005027402,121,2021-02-01
36081028700,36005027402,161,2021-02-01
36081080900,36005027402,203,2021-02-01
36081084900,36005027402,132,2021-02-01
36081090700,36005027402,263,2021-02-01
36081099100,36005027402,228,2021-02-01
36081117100,36005027402,145,2021-02-01
36085022800,36005027402,182,2021-02-01
36087013100,36005027402,388,2021-02-01
36119000900,36005027402,128,2021-02-01
36119002000,36005027402,771,2021-02-01
36119002105,36005027402,148,2021-02-01
36119002600,36005027402,689,2021-02-01
36119003700,36005027402,135,2021-02-01
36119004600,36005027402,252,2021-02-01
36119005100,36005027402,117,2021-02-01
36119005300,36005027402,142,2021-02-01
36119005400,36005027402,149,2021-02-01
36119005500,36005027402,111,2021-02-01
36119005701,36005027402,121,2021-02-01
36119006000,36005027402,160,2021-02-01
36119006100,36005027402,119,2021-02-01
36119006802,36005027402,354,2021-02-01
36119006900,36005027402,140,2021-02-01
36119007100,36005027402,213,2021-02-01
36119007200,36005027402,388,2021-02-01
36119008602,36005027402,282,2021-02-01
36119009400,36005027402,256,2021-02-01
36119009800,36005027402,179,2021-02-01
36119010400,36005027402,111,2021-02-01
36119010701,36005027402,121,2021-02-01
36119010803,36005027402,138,2021-02-01
36119011200,36005027402,147,2021-02-01
36119012000,36005027402,180,2021-02-01
36119013000,36005027402,132,2021-02-01
36119013600,36005027402,181,2021-02-01
36119014804,36005027402,119,2021-02-01
34017001800,36005027402,110,2021-02-08
34017007000,36005027402,142,2021-02-08
34025809301,36005027402,151,2021-02-08
34031246300,36005027402,95,2021-02-08
36005001600,36005027402,137,2021-02-08
36005007000,36005027402,138,2021-02-08
36005007200,36005027402,133,2021-02-08
36005009000,36005027402,1508,2021-02-08
36005009200,36005027402,268,2021-02-08
36005009600,36005027402,136,2021-02-08
36005011502,36005027402,143,2021-02-08
36005011800,36005027402,107,2021-02-08
36005012300,36005027402,125,2021-02-08
36005013000,36005027402,259,2021-02-08
36005013200,36005027402,214,2021-02-08
36005015200,36005027402,334,2021-02-08
36005015800,36005027402,214,2021-02-08
36005016200,36005027402,850,2021-02-08
36005016400,36005027402,369,2021-02-08
36005016600,36005027402,137,2021-02-08
36005018400,36005027402,339,2021-02-08
36005020000,36005027402,310,2021-02-08
36005021001,36005027402,164,2021-02-08
36005022000,36005027402,155,2021-02-08
36005022200,36005027402,147,2021-02-08
36005022500,36005027402,143,2021-02-08
36005025000,36005027402,117,2021-02-08
36005026400,36005027402,284,2021-02-08
36005026601,36005027402,478,2021-02-08
36005026602,36005027402,1532,2021-02-08
36005027401,36005027402,259,2021-02-08
36005027402,36005027402,1533,2021-02-08
36005027600,36005027402,182,2021-02-08
36005028400,36005027402,465,2021-02-08
36005028500,36005027402,124,2021-02-08
36005028600,36005027402,337,2021-02-08
36005030000,36005027402,535,2021-02-08
36005032800,36005027402,200,2021-02-08
36005033000,36005027402,245,2021-02-08
36005033400,36005027402,167,2021-02-08
36005035600,36005027402,107,2021-02-08
36005039700,36005027402,306,2021-02-08
36005046201,36005027402,1107,2021-02-08
36005050400,36005027402,162,2021-02-08
36047002100,36005027402,146,2021-02-08
36047004300,36005027402,216,2021-02-08
36047061004,36005027402,159,2021-02-08
36047081600,36005027402,176,2021-02-08
36059300600,36005027402,119,2021-02-08
36059520002,36005027402,107,2021-02-08
36059521802,36005027402,117,2021-02-08
36061004300,36005027402,107,2021-02-08
36061004700,36005027402,125,2021-02-08
36061005600,36005027402,148,2021-02-08
36061006700,36005027402,125,2021-02-08
36061006800,36005027402,150,2021-02-08
36061011300,36005027402,144,2021-02-08
36061011401,36005027402,139,2021-02-08
36061012200,36005027402,153,2021-02-08
36061013700,36005027402,571,2021-02-08
36061014802,36005027402,160,2021-02-08
36061018200,36005027402,126,2021-02-08
36061019600,36005027402,154,2021-02-08
36081005700,36005027402,163,2021-02-08
36081022001,36005027402,150,2021-02-08
36081033100,36005027402,167,2021-02-08
36081086400,36005027402,235,2021-02-08
36081086900,36005027402,274,2021-02-08
36081091900,36005027402,162,2021-02-08
36081094500,36005027402,122,2021-02-08
36081136700,36005027402,138,2021-02-08
36103158712,36005027402,139,2021-02-08
36119000900,36005027402,127,2021-02-08
36119002000,36005027402,109,2021-02-08
36119002105,36005027402,116,2021-02-08
36119002600,36005027402,158,2021-02-08
36119004600,36005027402,258,2021-02-08
36119005002,36005027402,165,2021-02-08
36119005100,36005027402,383,2021-02-08
36119005300,36005027402,304,2021-02-08
36119005500,36005027402,429,2021-02-08
36119005701,36005027402,233,2021-02-08
36119005702,36005027402,142,2021-02-08
36119006000,36005027402,296,2021-02-08
36119006100,36005027402,155,2021-02-08
36119006802,36005027402,145,2021-02-08
36119006900,36005027402,355,2021-02-08
36119007100,36005027402,344,2021-02-08
36119008000,36005027402,126,2021-02-08
36119009400,36005027402,190,2021-02-08
36119010701,36005027402,114,2021-02-08
36119012303,36005027402,138,2021-02-08
36119014806,36005027402,152,2021-02-08
34003012001,36005027402,207,2021-02-15
34003042500,36005027402,101,2021-02-15
34003046100,36005027402,91,2021-02-15
34025809301,36005027402,91,2021-02-15
34031124401,36005027402,127,2021-02-15
36005006000,36005027402,145,2021-02-15
36005006300,36005027402,133,2021-02-15
36005007000,36005027402,189,2021-02-15
36005007800,36005027402,121,2021-02-15
36005009000,36005027402,1118,2021-02-15
36005009200,36005027402,236,2021-02-15
36005011800,36005027402,231,2021-02-15
36005013000,36005027402,269,2021-02-15
36005013800,36005027402,222,2021-02-15
36005015200,36005027402,257,2021-02-15
36005016200,36005027402,322,2021-02-15
36005016400,36005027402,144,2021-02-15
36005016600,36005027402,353,2021-02-15
36005018400,36005027402,416,2021-02-15
36005018900,36005027402,217,2021-02-15
36005020000,36005027402,504,2021-02-15
36005020200,36005027402,132,2021-02-15
36005021900,36005027402,177,2021-02-15
36005022401,36005027402,141,2021-02-15
36005023600,36005027402,207,2021-02-15
36005026400,36005027402,695,2021-02-15
36005026601,36005027402,466,2021-02-15
36005026602,36005027402,1032,2021-02-15
36005027401,36005027402,167,2021-02-15
36005027402,36005027402,526,2021-02-15
36005027600,36005027402,178,2021-02-15
36005028400,36005027402,776,2021-02-15
36005028600,36005027402,173,2021-02-15
36005029600,36005027402,131,2021-02-15
36005030000,36005027402,1699,2021-02-15
36005030701,36005027402,159,2021-02-15
36005031000,36005027402,294,2021-02-15
36005036000,36005027402,158,2021-02-15
36005038100,36005027402,129,2021-02-15
36005039700,36005027402,147,2021-02-15
36005042100,36005027402,240,2021-02-15
36005046000,36005027402,244,2021-02-15
36005046201,36005027402,879,2021-02-15
36005050400,36005027402,637,2021-02-15
36005051600,36005027402,265,2021-02-15
36047009400,36005027402,123,2021-02-15
36047030400,36005027402,132,2021-02-15
36047080400,36005027402,200,2021-02-15
36059407301,36005027402,368,2021-02-15
36059407801,36005027402,195,2021-02-15
36059519802,36005027402,229,2021-02-15
36061004900,36005027402,122,2021-02-15
36061005600,36005027402,108,2021-02-15
36061006400,36005027402,285,2021-02-15
36061010800,36005027402,217,2021-02-15
36061011402,36005027402,122,2021-02-15
36061013700,36005027402,350,2021-02-15
36061016400,36005027402,131,2021-02-15
36061029700,36005027402,206,2021-02-15
36081056700,36005027402,118,2021-02-15
36081071600,36005027402,144,2021-02-15
36081086900,36005027402,134,2021-02-15
36081101700,36005027402,136,2021-02-15
36081104700,36005027402,151,2021-02-15
36081121500,36005027402,143,2021-02-15
36085029102,36005027402,323,2021-02-15
36087011102,36005027402,188,2021-02-15
36087013100,36005027402,185,2021-02-15
36119002000,36005027402,597,2021-02-15
36119002105,36005027402,125,2021-02-15
36119002600,36005027402,539,2021-02-15
36119004600,36005027402,242,2021-02-15
36119005500,36005027402,112,2021-02-15
36119005701,36005027402,251,2021-02-15
36119005901,36005027402,225,2021-02-15
36119005902,36005027402,410,2021-02-15
36119006000,36005027402,260,2021-02-15
36119006500,36005027402,215,2021-02-15
36119006600,36005027402,137,2021-02-15
36119006802,36005027402,184,2021-02-15
36119007000,36005027402,197,2021-02-15
36119007100,36005027402,300,2021-02-15
36119007900,36005027402,118,2021-02-15
36119008000,36005027402,260,2021-02-15
36119008301,36005027402,281,2021-02-15
36119008602,36005027402,544,2021-02-15
36119009300,36005027402,205,2021-02-15
36119009400,36005027402,557,2021-02-15
36119011400,36005027402,301,2021-02-15
36119012200,36005027402,122,2021-02-15
36119013000,36005027402,118,2021-02-15
36119013102,36005027402,142,2021-02-15
34017007000,36005027402,205,2021-02-22
34025808800,36005027402,103,2021-02-22
34025809301,36005027402,136,2021-02-22
36005002800,36005027402,172,2021-02-22
36005004200,36005027402,139,2021-02-22
36005004800,36005027402,144,2021-02-22
36005007200,36005027402,144,2021-02-22
36005007500,36005027402,190,2021-02-22
36005007800,36005027402,130,2021-02-22
36005009000,36005027402,959,2021-02-22
36005009200,36005027402,259,2021-02-22
36005013800,36005027402,145,2021-02-22
36005014400,36005027402,238,2021-02-22
36005015200,36005027402,247,2021-02-22
36005015800,36005027402,162,2021-02-22
36005016200,36005027402,583,2021-02-22
36005016400,36005027402,137,2021-02-22
36005018400,36005027402,701,2021-02-22
36005019400,36005027402,290,2021-02-22
36005020000,36005027402,1025,2021-02-22
36005021100,36005027402,193,2021-02-22
36005021601,36005027402,170,2021-02-22
36005022401,36005027402,177,2021-02-22
36005024800,36005027402,137,2021-02-22
36005025600,36005027402,172,2021-02-22
36005026400,36005027402,537,2021-02-22
36005026601,36005027402,174,2021-02-22
36005026602,36005027402,1662,2021-02-22
36005027401,36005027402,303,2021-02-22
36005027402,36005027402,1984,2021-02-22
36005027600,36005027402,401,2021-02-22
36005028400,36005027402,791,2021-02-22
36005029600,36005027402,283,2021-02-22
36005030000,36005027402,1085,2021-02-22
36005033000,36005027402,190,2021-02-22
36005039100,36005027402,344,2021-02-22
36005041900,36005027402,154,2021-02-22
36005046201,36005027402,716,2021-02-22
36005050400,36005027402,535,2021-02-22
36005051600,36005027402,176,2021-02-22
36047003700,36005027402,125,2021-02-22
36047010400,36005027402,156,2021-02-22
36047032600,36005027402,148,2021-02-22
36047056100,36005027402,172,2021-02-22
36047057500,36005027402,158,2021-02-22
36047060800,36005027402,164,2021-02-22
36047080400,36005027402,159,2021-02-22
36047119200,36005027402,197,2021-02-22
36059303700,36005027402,154,2021-02-22
36059303800,36005027402,281,2021-02-22
36061005600,36005027402,210,2021-02-22
36061006600,36005027402,181,2021-02-22
36061008603,36005027402,206,2021-02-22
36061012200,36005027402,208,2021-02-22
36061012900,36005027402,353,2021-02-22
36061013700,36005027402,469,2021-02-22
36061013900,36005027402,200,2021-02-22
36061016600,36005027402,157,2021-02-22
36061021000,36005027402,236,2021-02-22
36061022400,36005027402,137,2021-02-22
36061022800,36005027402,273,2021-02-22
36061028700,36005027402,154,2021-02-22
36061030900,36005027402,148,2021-02-22
36081021200,36005027402,185,2021-02-22
36081027100,36005027402,147,2021-02-22
36081028900,36005027402,133,2021-02-22
36081036700,36005027402,167,2021-02-22
36081038302,36005027402,185,2021-02-22
36081054900,36005027402,158,2021-02-22
36081071600,36005027402,342,2021-02-22
36081086900,36005027402,155,2021-02-22
36081087100,36005027402,133,2021-02-22
36081091900,36005027402,157,2021-02-22
36081136700,36005027402,143,2021-02-22
36081147100,36005027402,236,2021-02-22
36087013100,36005027402,522,2021-02-22
36119001401,36005027402,166,2021-02-22
36119002000,36005027402,127,2021-02-22
36119002105,36005027402,165,2021-02-22
36119002404,36005027402,137,2021-02-22
36119002600,36005027402,182,2021-02-22
36119003700,36005027402,160,2021-02-22
36119004600,36005027402,147,2021-02-22
36119005002,36005027402,131,2021-02-22
36119005100,36005027402,337,2021-02-22
36119005300,36005027402,200,2021-02-22
36119005500,36005027402,248,2021-02-22
36119006000,36005027402,921,2021-02-22
36119006802,36005027402,298,2021-02-22
36119006900,36005027402,154,2021-02-22
36119007000,36005027402,136,2021-02-22
36119007100,36005027402,229,2021-02-22
36119007200,36005027402,367,2021-02-22
36119007800,36005027402,329,2021-02-22
36119008602,36005027402,281,2021-02-22
36119009400,36005027402,337,2021-02-22
36119010702,36005027402,139,2021-02-22
36119010801,36005027402,134,2021-02-22
36119010803,36005027402,258,2021-02-22
36119012101,36005027402,212,2021-02-22
36119013600,36005027402,236,2021-02-22
36119985000,36005027402,351,2021-02-22
36005001600,36005027402,177,2021-03-01
36005001900,36005027402,150,2021-03-01
36005006800,36005027402,177,2021-03-01
36005007200,36005027402,157,2021-03-01
36005007500,36005027402,217,2021-03-01
36005007800,36005027402,286,2021-03-01
36005008900,36005027402,156,2021-03-01
36005009000,36005027402,874,2021-03-01
36005009200,36005027402,411,2021-03-01
36005009300,36005027402,333,2021-03-01
36005011000,36005027402,202,2021-03-01
36005013000,36005027402,171,2021-03-01
36005013800,36005027402,137,2021-03-01
36005014400,36005027402,199,2021-03-01
36005015200,36005027402,173,2021-03-01
36005015800,36005027402,152,2021-03-01
36005015900,36005027402,144,2021-03-01
36005016400,36005027402,498,2021-03-01
36005016600,36005027402,225,2021-03-01
36005018400,36005027402,1335,2021-03-01
36005019700,36005027402,307,2021-03-01
36005020000,36005027402,268,2021-03-01
36005021602,36005027402,169,2021-03-01
36005021900,36005027402,159,2021-03-01
36005022200,36005027402,166,2021-03-01
36005022403,36005027402,179,2021-03-01
36005023600,36005027402,250,2021-03-01
36005024800,36005027402,139,2021-03-01
36005025600,36005027402,198,2021-03-01
36005026400,36005027402,320,2021-03-01
36005026601,36005027402,833,2021-03-01
36005026602,36005027402,1576,2021-03-01
36005027401,36005027402,223,2021-03-01
36005027402,36005027402,643,2021-03-01
36005027600,36005027402,425,2021-03-01
36005028400,36005027402,1208,2021-03-01
36005029600,36005027402,142,2021-03-01
36005030000,36005027402,671,2021-03-01
36005037800,36005027402,155,2021-03-01
36005039000,36005027402,184,2021-03-01
36005039100,36005027402,160,2021-03-01
36005039700,36005027402,149,2021-03-01
36005046201,36005027402,1619,2021-03-01
36005046202,36005027402,151,2021-03-01
36005050400,36005027402,553,2021-03-01
36047001300,36005027402,390,2021-03-01
36047045300,36005027402,215,2021-03-01
36047081600,36005027402,195,2021-03-01
36047117400,36005027402,380,2021-03-01
36047119200,36005027402,178,2021-03-01
36059303700,36005027402,413,2021-03-01
36059303800,36005027402,130,2021-03-01
36059304002,36005027402,143,2021-03-01
36059410900,36005027402,160,2021-03-01
36061001600,36005027402,141,2021-03-01
36061005600,36005027402,514,2021-03-01
36061007000,36005027402,186,2021-03-01
36061007400,36005027402,344,2021-03-01
36061009100,36005027402,133,2021-03-01
36061011203,36005027402,135,2021-03-01
36061012100,36005027402,138,2021-03-01
36061013100,36005027402,122,2021-03-01
36061013700,36005027402,178,2021-03-01
36061015700,36005027402,151,2021-03-01
36061017100,36005027402,122,2021-03-01
36061021800,36005027402,166,2021-03-01
36061022900,36005027402,252,2021-03-01
36061024200,36005027402,255,2021-03-01
36081006100,36005027402,156,2021-03-01
36081017900,36005027402,152,2021-03-01
36081020800,36005027402,191,2021-03-01
36081023500,36005027402,156,2021-03-01
36081057700,36005027402,245,2021-03-01
36081075701,36005027402,245,2021-03-01
36081092900,36005027402,395,2021-03-01
36087011102,36005027402,355,2021-03-01
36087013100,36005027402,243,2021-03-01
36119000802,36005027402,158,2021-03-01
36119001000,36005027402,245,2021-03-01
36119002104,36005027402,153,2021-03-01
36119002600,36005027402,301,2021-03-01
36119004600,36005027402,132,2021-03-01
36119005002,36005027402,503,2021-03-01
36119005100,36005027402,361,2021-03-01
36119005200,36005027402,318,2021-03-01
36119005300,36005027402,611,2021-03-01
36119005500,36005027402,751,2021-03-01
36119005701,36005027402,282,2021-03-01
36119005702,36005027402,177,2021-03-01
36119005800,36005027402,245,2021-03-01
36119005902,36005027402,122,2021-03-01
36119006000,36005027402,372,2021-03-01
36119006900,36005027402,269,2021-03-01
36119007100,36005027402,1024,2021-03-01
36119007200,36005027402,471,2021-03-01
36119007700,36005027402,122,2021-03-01
36119007800,36005027402,301,2021-03-01
36119008000,36005027402,147,2021-03-01
36119008602,36005027402,145,2021-03-01
36119008800,36005027402,143,2021-03-01
36119009702,36005027402,127,2021-03-01
36119009703,36005027402,190,2021-03-01
36119010100,36005027402,493,2021-03-01
36119010801,36005027402,135,2021-03-01
36119011000,36005027402,138,2021-03-01
36119011101,36005027402,142,2021-03-01
36119012900,36005027402,128,2021-03-01
36119013600,36005027402,181,2021-03-01
36119014704,36005027402,330,2021-03-01
36119014806,36005027402,170,2021-03-01
36119981000,36005027402,180,2021-03-01
34003042500,36005027402,99,2021-03-08
34025809301,36005027402,140,2021-03-08
36005000400,36005027402,158,2021-03-08
36005001900,36005027402,196,2021-03-08
36005004400,36005027402,119,2021-03-08
36005006000,36005027402,160,2021-03-08
36005007800,36005027402,176,2021-03-08
36005009000,36005027402,1128,2021-03-08
36005009300,36005027402,162,2021-03-08
36005009600,36005027402,130,2021-03-08
36005011800,36005027402,431,2021-03-08
36005012102,36005027402,159,2021-03-08
36005013800,36005027402,147,2021-03-08
36005015200,36005027402,619,2021-03-08
36005015800,36005027402,272,2021-03-08
36005015900,36005027402,120,2021-03-08
36005016100,36005027402,261,2021-03-08
36005016200,36005027402,140,2021-03-08
36005016600,36005027402,222,2021-03-08
36005018400,36005027402,798,2021-03-08
36005019400,36005027402,152,2021-03-08
36005020000,36005027402,541,2021-03-08
36005020601,36005027402,152,2021-03-08
36005022101,36005027402,144,2021-03-08
36005022500,36005027402,169,2021-03-08
36005023702,36005027402,206,2021-03-08
36005023900,36005027402,195,2021-03-08
36005024600,36005027402,158,2021-03-08
36005024800,36005027402,129,2021-03-08
36005025000,36005027402,120,2021-03-08
36005025200,36005027402,309,2021-03-08
36005025400,36005027402,388,2021-03-08
36005025600,36005027402,172,2021-03-08
36005026400,36005027402,144,2021-03-08
36005026601,36005027402,382,2021-03-08
36005026602,36005027402,1089,2021-03-08
36005027300,36005027402,154,2021-03-08
36005027402,36005027402,1912,2021-03-08
36005027600,36005027402,184,2021-03-08
36005028400,36005027402,540,2021-03-08
36005028600,36005027402,181,2021-03-08
36005029600,36005027402,971,2021-03-08
36005030000,36005027402,1114,2021-03-08
36005033400,36005027402,166,2021-03-08
36005034200,36005027402,113,2021-03-08
36005034400,36005027402,236,2021-03-08
36005044400,36005027402,217,2021-03-08
36005046000,36005027402,248,2021-03-08
36005046201,36005027402,1255,2021-03-08
36005048400,36005027402,113,2021-03-08
36005050400,36005027402,730,2021-03-08
36005051600,36005027402,129,2021-03-08
36047001300,36005027402,455,2021-03-08
36047059401,36005027402,179,2021-03-08
36047119200,36005027402,194,2021-03-08
36059301800,36005027402,113,2021-03-08
36059407301,36005027402,251,2021-03-08
36059517101,36005027402,160,2021-03-08
36061004100,36005027402,125,2021-03-08
36061009800,36005027402,141,2021-03-08
36061010200,36005027402,198,2021-03-08
36061010800,36005027402,147,2021-03-08
36061011203,36005027402,158,2021-03-08
36061013700,36005027402,409,2021-03-08
36061013900,36005027402,160,2021-03-08
36081001400,36005027402,147,2021-03-08
36081012601,36005027402,124,2021-03-08
36081020800,36005027402,207,2021-03-08
36081070700,36005027402,149,2021-03-08
36081071600,36005027402,132,2021-03-08
36081074300,36005027402,163,2021-03-08
36081090700,36005027402,203,2021-03-08
36081091900,36005027402,175,2021-03-08
36081092900,36005027402,196,2021-03-08
36103158107,36005027402,128,2021-03-08
36119000801,36005027402,179,2021-03-08
36119002600,36005027402,150,2021-03-08
36119004600,36005027402,131,2021-03-08
36119005001,36005027402,131,2021-03-08
36119005002,36005027402,322,2021-03-08
36119005100,36005027402,133,2021-03-08
36119005300,36005027402,602,2021-03-08
36119005500,36005027402,571,2021-03-08
36119005701,36005027402,363,2021-03-08
36119005800,36005027402,311,2021-03-08
36119005902,36005027402,222,2021-03-08
36119006000,36005027402,352,2021-03-08
36119006100,36005027402,152,2021-03-08
36119006300,36005027402,154,2021-03-08
36119006500,36005027402,143,2021-03-08
36119006801,36005027402,254,2021-03-08
36119006802,36005027402,141,2021-03-08
36119006900,36005027402,267,2021-03-08
36119007000,36005027402,118,2021-03-08
36119007100,36005027402,246,2021-03-08
36119007200,36005027402,124,2021-03-08
36119008000,36005027402,176,2021-03-08
36119008401,36005027402,188,2021-03-08
36119008500,36005027402,145,2021-03-08
36119008602,36005027402,342,2021-03-08
36119009300,36005027402,233,2021-03-08
36119009400,36005027402,159,2021-03-08
36119010801,36005027402,135,2021-03-08
36119013000,36005027402,136,2021-03-08
36119014809,36005027402,164,2021-03-08
34023007202,36005027402,159,2021-03-15
34023008700,36005027402,97,2021-03-15
36005004400,36005027402,131,2021-03-15
36005005200,36005027402,325,2021-03-15
36005006300,36005027402,155,2021-03-15
36005009000,36005027402,1185,2021-03-15
36005009200,36005027402,124,2021-03-15
36005009600,36005027402,267,2021-03-15
36005011000,36005027402,311,2021-03-15
36005011800,36005027402,320,2021-03-15
36005013200,36005027402,127,2021-03-15
36005013800,36005027402,262,2021-03-15
36005014400,36005027402,261,2021-03-15
36005015200,36005027402,143,2021-03-15
36005015800,36005027402,285,2021-03-15
36005016200,36005027402,430,2021-03-15
36005016400,36005027402,282,2021-03-15
36005018400,36005027402,867,2021-03-15
36005020000,36005027402,144,2021-03-15
36005020200,36005027402,156,2021-03-15
36005022403,36005027402,165,2021-03-15
36005023702,36005027402,127,2021-03-15
36005023800,36005027402,134,2021-03-15
36005025000,36005027402,125,2021-03-15
36005026400,36005027402,757,2021-03-15
36005026602,36005027402,1600,2021-03-15
36005027300,36005027402,148,2021-03-15
36005027401,36005027402,156,2021-03-15
36005027402,36005027402,1312,2021-03-15
36005027600,36005027402,181,2021-03-15
36005028400,36005027402,501,2021-03-15
36005028600,36005027402,170,2021-03-15
36005029500,36005027402,568,2021-03-15
36005029600,36005027402,643,2021-03-15
36005030000,36005027402,714,2021-03-15
36005031000,36005027402,125,2021-03-15
36005032600,36005027402,163,2021-03-15
36005036300,36005027402,142,2021-03-15
36005038100,36005027402,144,2021-03-15
36005044400,36005027402,202,2021-03-15
36005046000,36005027402,222,2021-03-15
36005046201,36005027402,1043,2021-03-15
36005046202,36005027402,338,2021-03-15
36005050400,36005027402,642,2021-03-15
36005051600,36005027402,117,2021-03-15
36047000200,36005027402,148,2021-03-15
36047001300,36005027402,138,2021-03-15
36047005300,36005027402,136,2021-03-15
36047030800,36005027402,222,2021-03-15
36047036502,36005027402,124,2021-03-15
36047049900,36005027402,137,2021-03-15
36047119200,36005027402,388,2021-03-15
36061000202,36005027402,126,2021-03-15
36061003900,36005027402,127,2021-03-15
36061005400,36005027402,111,2021-03-15
36061005600,36005027402,407,2021-03-15
36061009800,36005027402,138,2021-03-15
36061010800,36005027402,293,2021-03-15
36061011203,36005027402,190,2021-03-15
36061021303,36005027402,174,2021-03-15
36061027700,36005027402,150,2021-03-15
36081027500,36005027402,125,2021-03-15
36081080900,36005027402,217,2021-03-15
36081086900,36005027402,197,2021-03-15
36081087100,36005027402,136,2021-03-15
36081091900,36005027402,145,2021-03-15
36081092900,36005027402,290,2021-03-15
36081118500,36005027402,136,2021-03-15
36081133900,36005027402,118,2021-03-15
36087011102,36005027402,194,2021-03-15
36087012300,36005027402,301,2021-03-15
36103146706,36005027402,133,2021-03-15
36119001401,36005027402,111,2021-03-15
36119002000,36005027402,542,2021-03-15
36119002101,36005027402,132,2021-03-15
36119002105,36005027402,150,2021-03-15
36119002403,36005027402,123,2021-03-15
36119002600,36005027402,181,2021-03-15
36119004600,36005027402,523,2021-03-15
36119005002,36005027402,124,2021-03-15
36119005300,36005027402,151,2021-03-15
36119005400,36005027402,379,2021-03-15
36119005500,36005027402,367,2021-03-15
36119005701,36005027402,372,2021-03-15
36119006000,36005027402,147,2021-03-15
36119006500,36005027402,126,2021-03-15
36119006802,36005027402,254,2021-03-15
36119006900,36005027402,316,2021-03-15
36119007100,36005027402,375,2021-03-15
36119007200,36005027402,637,2021-03-15
36119007402,36005027402,123,2021-03-15
36119008000,36005027402,527,2021-03-15
36119008602,36005027402,127,2021-03-15
36119009300,36005027402,245,2021-03-15
36119009400,36005027402,297,2021-03-15
36119012802,36005027402,180,2021-03-15
36119013000,36005027402,306,2021-03-15
34013980200,36005027402,130,2021-03-22
34023002901,36005027402,93,2021-03-22
36005002702,36005027402,124,2021-03-22
36005003300,36005027402,188,2021-03-22
36005006200,36005027402,132,2021-03-22
36005006300,36005027402,133,2021-03-22
36005006500,36005027402,158,2021-03-22
36005007800,36005027402,132,2021-03-22
36005009000,36005027402,1179,2021-03-22
36005011502,36005027402,156,2021-03-22
36005011800,36005027402,258,2021-03-22
36005013200,36005027402,118,2021-03-22
36005013800,36005027402,140,2021-03-22
36005015200,36005027402,217,2021-03-22
36005015800,36005027402,287,2021-03-22
36005016000,36005027402,387,2021-03-22
36005016200,36005027402,392,2021-03-22
36005016400,36005027402,292,2021-03-22
36005018400,36005027402,517,2021-03-22
36005019400,36005027402,223,2021-03-22
36005020000,36005027402,559,2021-03-22
36005020601,36005027402,120,2021-03-22
36005021602,36005027402,135,2021-03-22
36005022200,36005027402,115,2021-03-22
36005023200,36005027402,113,2021-03-22
36005025000,36005027402,153,2021-03-22
36005025600,36005027402,122,2021-03-22
36005026400,36005027402,391,2021-03-22
36005026601,36005027402,345,2021-03-22
36005026602,36005027402,1224,2021-03-22
36005027401,36005027402,146,2021-03-22
36005027402,36005027402,1057,2021-03-22
36005027600,36005027402,169,2021-03-22
36005028400,36005027402,318,2021-03-22
36005029500,36005027402,154,2021-03-22
36005029600,36005027402,349,2021-03-22
36005030000,36005027402,1381,2021-03-22
36005031000,36005027402,147,2021-03-22
36005039100,36005027402,108,2021-03-22
36005039700,36005027402,241,2021-03-22
36005046201,36005027402,1012,2021-03-22
36005050400,36005027402,556,2021-03-22
36047001300,36005027402,339,2021-03-22
36047005300,36005027402,558,2021-03-22
36047013500,36005027402,152,2021-03-22
36047031400,36005027402,147,2021-03-22
36047050100,36005027402,108,2021-03-22
36059302800,36005027402,133,2021-03-22
36061002201,36005027402,164,2021-03-22
36061002900,36005027402,240,2021-03-22
36061003200,36005027402,108,2021-03-22
36061003700,36005027402,348,2021-03-22
36061005400,36005027402,128,2021-03-22
36061005600,36005027402,137,2021-03-22
36061005800,36005027402,124,2021-03-22
36061008100,36005027402,168,2021-03-22
36061010602,36005027402,168,2021-03-22
36061013700,36005027402,236,2021-03-22
36061015802,36005027402,130,2021-03-22
36061016200,36005027402,141,2021-03-22
36061017900,36005027402,123,2021-03-22
36061025100,36005027402,140,2021-03-22
36061029700,36005027402,240,2021-03-22
36081004001,36005027402,190,2021-03-22
36081021200,36005027402,174,2021-03-22
36081056700,36005027402,145,2021-03-22
36081071600,36005027402,194,2021-03-22
36081087100,36005027402,149,2021-03-22
36081089200,36005027402,130,2021-03-22
36081101700,36005027402,153,2021-03-22
36081104700,36005027402,154,2021-03-22
36081117100,36005027402,111,2021-03-22
36081122702,36005027402,193,2021-03-22
36087013100,36005027402,507,2021-03-22
36103122300,36005027402,143,2021-03-22
36103158107,36005027402,154,2021-03-22
36103158712,36005027402,123,2021-03-22
36119001000,36005027402,199,2021-03-22
36119001102,36005027402,211,2021-03-22
36119001401,36005027402,149,2021-03-22
36119001403,36005027402,118,2021-03-22
36119002105,36005027402,116,2021-03-22
36119002600,36005027402,434,2021-03-22
36119004600,36005027402,383,2021-03-22
36119005002,36005027402,448,2021-03-22
36119005100,36005027402,141,2021-03-22
36119005300,36005027402,184,2021-03-22
36119005500,36005027402,253,2021-03-22
36119005701,36005027402,420,2021-03-22
36119005800,36005027402,136,2021-03-22
36119005901,36005027402,158,2021-03-22
36119006000,36005027402,361,2021-03-22
36119006801,36005027402,316,2021-03-22
36119006802,36005027402,193,2021-03-22
36119007100,36005027402,789,2021-03-22
36119007200,36005027402,741,2021-03-22
36119007300,36005027402,120,2021-03-22
36119008000,36005027402,140,2021-03-22
36119008500,36005027402,131,2021-03-22
36119008602,36005027402,461,2021-03-22
36119009400,36005027402,293,2021-03-22
36119009703,36005027402,149,2021-03-22
36119009800,36005027402,196,2021-03-22
36119014805,36005027402,170,2021-03-22
36119014806,36005027402,150,2021-03-22
34013015500,36005027402,136,2021-03-29
36005001900,36005027402,176,2021-03-29
36005004001,36005027402,126,2021-03-29
36005007000,36005027402,160,2021-03-29
36005009000,36005027402,1296,2021-03-29
36005009200,36005027402,261,2021-03-29
36005009600,36005027402,217,2021-03-29
36005011800,36005027402,191,2021-03-29
36005013800,36005027402,158,2021-03-29
36005014400,36005027402,157,2021-03-29
36005015800,36005027402,504,2021-03-29
36005016200,36005027402,652,2021-03-29
36005016400,36005027402,335,2021-03-29
36005018400,36005027402,275,2021-03-29
36005019400,36005027402,165,2021-03-29
36005020000,36005027402,981,2021-03-29
36005021900,36005027402,225,2021-03-29
36005022101,36005027402,208,2021-03-29
36005022200,36005027402,185,2021-03-29
36005022403,36005027402,192,2021-03-29
36005023600,36005027402,196,2021-03-29
36005024000,36005027402,158,2021-03-29
36005025200,36005027402,128,2021-03-29
36005025400,36005027402,140,2021-03-29
36005026400,36005027402,764,2021-03-29
36005026500,36005027402,187,2021-03-29
36005026601,36005027402,472,2021-03-29
36005026602,36005027402,988,2021-03-29
36005027402,36005027402,1105,2021-03-29
36005027600,36005027402,184,2021-03-29
36005028400,36005027402,1243,2021-03-29
36005029500,36005027402,147,2021-03-29
36005029600,36005027402,133,2021-03-29
36005030000,36005027402,678,2021-03-29
36005033000,36005027402,122,2021-03-29
36005033400,36005027402,134,2021-03-29
36005035600,36005027402,143,2021-03-29
36005038900,36005027402,121,2021-03-29
36005046201,36005027402,647,2021-03-29
36005046202,36005027402,167,2021-03-29
36005050400,36005027402,699,2021-03-29
36005051600,36005027402,315,2021-03-29
36047005300,36005027402,306,2021-03-29
36047036100,36005027402,131,2021-03-29
36047038600,36005027402,177,2021-03-29
36047062200,36005027402,136,2021-03-29
36047080400,36005027402,146,2021-03-29
36059407301,36005027402,242,2021-03-29
36059408000,36005027402,208,2021-03-29
36059408200,36005027402,292,2021-03-29
36061000700,36005027402,122,2021-03-29
36061005600,36005027402,242,2021-03-29
36061005700,36005027402,123,2021-03-29
36061006800,36005027402,117,2021-03-29
36061009200,36005027402,118,2021-03-29
36061009400,36005027402,150,2021-03-29
36061009900,36005027402,157,2021-03-29
36061012900,36005027402,120,2021-03-29
36061013700,36005027402,509,2021-03-29
36061013900,36005027402,117,2021-03-29
36061021100,36005027402,261,2021-03-29
36061025700,36005027402,163,2021-03-29
36079011900,36005027402,180,2021-03-29
36081007100,36005027402,122,2021-03-29
36081011700,36005027402,158,2021-03-29
36081025700,36005027402,355,2021-03-29
36081030903,36005027402,156,2021-03-29
36081033100,36005027402,176,2021-03-29
36081056700,36005027402,260,2021-03-29
36081101700,36005027402,222,2021-03-29
36087013100,36005027402,592,2021-03-29
36103146300,36005027402,155,2021-03-29
36119000900,36005027402,285,2021-03-29
36119002600,36005027402,150,2021-03-29
36119004600,36005027402,774,2021-03-29
36119005300,36005027402,190,2021-03-29
36119005500,36005027402,159,2021-03-29
36119005701,36005027402,128,2021-03-29
36119005902,36005027402,147,2021-03-29
36119006000,36005027402,797,2021-03-29
36119006900,36005027402,123,2021-03-29
36119007100,36005027402,515,2021-03-29
36119007200,36005027402,171,2021-03-29
36119007500,36005027402,131,2021-03-29
36119008000,36005027402,131,2021-03-29
36119008602,36005027402,583,2021-03-29
36119009300,36005027402,161,2021-03-29
36119009400,36005027402,359,2021-03-29
36119010701,36005027402,112,2021-03-29
36119010903,36005027402,409,2021-03-29
36119013600,36005027402,135,2021-03-29
34013015500,36005027402,138,2021-04-05
34017000902,36005027402,117,2021-04-05
34017003000,36005027402,107,2021-04-05
34025808500,36005027402,99,2021-04-05
34025809301,36005027402,134,2021-04-05
36005000400,36005027402,351,2021-04-05
36005001900,36005027402,161,2021-04-05
36005005002,36005027402,135,2021-04-05
36005006300,36005027402,184,2021-04-05
36005007800,36005027402,155,2021-04-05
36005009000,36005027402,1658,2021-04-05
36005009300,36005027402,161,2021-04-05
36005011800,36005027402,366,2021-04-05
36005013000,36005027402,120,2021-04-05
36005013200,36005027402,167,2021-04-05
36005013800,36005027402,124,2021-04-05
36005015200,36005027402,263,2021-04-05
36005015800,36005027402,300,2021-04-05
36005016000,36005027402,239,2021-04-05
36005016200,36005027402,392,2021-04-05
36005018400,36005027402,941,2021-04-05
36005019400,36005027402,142,2021-04-05
36005020000,36005027402,472,2021-04-05
36005022200,36005027402,159,2021-04-05
36005024800,36005027402,178,2021-04-05
36005025200,36005027402,141,2021-04-05
36005026400,36005027402,302,2021-04-05
36005026601,36005027402,682,2021-04-05
36005026602,36005027402,1736,2021-04-05
36005027401,36005027402,254,2021-04-05
36005027402,36005027402,827,2021-04-05
36005028400,36005027402,1006,2021-04-05
36005028800,36005027402,335,2021-04-05
36005029600,36005027402,129,2021-04-05
36005030000,36005027402,956,2021-04-05
36005033400,36005027402,156,2021-04-05
36005034000,36005027402,124,2021-04-05
36005035600,36005027402,281,2021-04-05
36005039100,36005027402,130,2021-04-05
36005046201,36005027402,1639,2021-04-05
36005050400,36005027402,852,2021-04-05
36005051600,36005027402,286,2021-04-05
36047011900,36005027402,161,2021-04-05
36047014200,36005027402,176,2021-04-05
36047035200,36005027402,138,2021-04-05
36047051100,36005027402,122,2021-04-05
36047060600,36005027402,139,2021-04-05
36047060800,36005027402,118,2021-04-05
36047119200,36005027402,220,2021-04-05
36059300900,36005027402,176,2021-04-05
36059404500,36005027402,148,2021-04-05
36059406202,36005027402,145,2021-04-05
36059407301,36005027402,271,2021-04-05
36059415700,36005027402,168,2021-04-05
36061001502,36005027402,353,2021-04-05
36061005000,36005027402,124,2021-04-05
36061005200,36005027402,262,2021-04-05
36061005600,36005027402,197,2021-04-05
36061005800,36005027402,121,2021-04-05
36061006300,36005027402,265,2021-04-05
36061007500,36005027402,199,2021-04-05
36061011401,36005027402,167,2021-04-05
36061012700,36005027402,161,2021-04-05
36061012900,36005027402,127,2021-04-05
36061013600,36005027402,165,2021-04-05
36061013700,36005027402,407,2021-04-05
36061014601,36005027402,136,2021-04-05
36061015001,36005027402,124,2021-04-05
36061021500,36005027402,589,2021-04-05
36061021800,36005027402,173,2021-04-05
36061022301,36005027402,180,2021-04-05
36061027500,36005027402,131,2021-04-05
36081033100,36005027402,186,2021-04-05
36081086100,36005027402,107,2021-04-05
36081090700,36005027402,282,2021-04-05
36081099701,36005027402,154,2021-04-05
36119001502,36005027402,122,2021-04-05
36119002000,36005027402,305,2021-04-05
36119003900,36005027402,140,2021-04-05
36119004100,36005027402,188,2021-04-05
36119004500,36005027402,143,2021-04-05
36119005002,36005027402,479,2021-04-05
36119005100,36005027402,124,2021-04-05
36119005300,36005027402,287,2021-04-05
36119005500,36005027402,502,2021-04-05
36119005701,36005027402,416,2021-04-05
36119005702,36005027402,117,2021-04-05
36119006000,36005027402,295,2021-04-05
36119006300,36005027402,196,2021-04-05
36119006600,36005027402,130,2021-04-05
36119006802,36005027402,136,2021-04-05
36119006900,36005027402,259,2021-04-05
36119007100,36005027402,294,2021-04-05
36119007200,36005027402,640,2021-04-05
36119007300,36005027402,145,2021-04-05
36119008602,36005027402,154,2021-04-05
36119009300,36005027402,374,2021-04-05
36119009400,36005027402,179,2021-04-05
36119009703,36005027402,149,2021-04-05
36119009800,36005027402,167,2021-04-05
36119010903,36005027402,147,2021-04-05
36119012303,36005027402,138,2021-04-05
36119013600,36005027402,233,2021-04-05
36119014805,36005027402,121,2021-04-05
34003019103,36005027402,98,2021-04-12
34013980200,36005027402,148,2021-04-12
34017003000,36005027402,122,2021-04-12
34023007905,36005027402,92,2021-04-12
34027045603,36005027402,110,2021-04-12
36005002800,36005027402,193,2021-04-12
36005004400,36005027402,153,2021-04-12
36005006300,36005027402,452,2021-04-12
36005007000,36005027402,170,2021-04-12
36005007400,36005027402,197,2021-04-12
36005009000,36005027402,2102,2021-04-12
36005009200,36005027402,365,2021-04-12
36005011800,36005027402,325,2021-04-12
36005013800,36005027402,558,2021-04-12
36005015200,36005027402,272,2021-04-12
36005015800,36005027402,300,2021-04-12
36005018400,36005027402,268,2021-04-12
36005019400,36005027402,359,2021-04-12
36005020200,36005027402,232,2021-04-12
36005022200,36005027402,290,2021-04-12
36005022701,36005027402,172,2021-04-12
36005023600,36005027402,201,2021-04-12
36005025200,36005027402,112,2021-04-12
36005025400,36005027402,191,2021-04-12
36005026400,36005027402,710,2021-04-12
36005026601,36005027402,239,2021-04-12
36005026602,36005027402,1728,2021-04-12
36005027300,36005027402,144,2021-04-12
36005027401,36005027402,556,2021-04-12
36005027402,36005027402,1073,2021-04-12
36005028400,36005027402,484,2021-04-12
36005028800,36005027402,153,2021-04-12
36005029500,36005027402,140,2021-04-12
36005030000,36005027402,705,2021-04-12
36005030200,36005027402,176,2021-04-12
36005030701,36005027402,225,2021-04-12
36005032600,36005027402,116,2021-04-12
36005032800,36005027402,325,2021-04-12
36005035900,36005027402,142,2021-04-12
36005039000,36005027402,170,2021-04-12
36005039100,36005027402,300,2021-04-12
36005039700,36005027402,422,2021-04-12
36005040502,36005027402,296,2021-04-12
36005043100,36005027402,131,2021-04-12
36005044400,36005027402,202,2021-04-12
36005046201,36005027402,910,2021-04-12
36005046202,36005027402,121,2021-04-12
36005050400,36005027402,514,2021-04-12
36047001300,36005027402,135,2021-04-12
36047005300,36005027402,280,2021-04-12
36047038500,36005027402,270,2021-04-12
36047048500,36005027402,108,2021-04-12
36047055300,36005027402,114,2021-04-12
36059301101,36005027402,201,2021-04-12
36059303202,36005027402,153,2021-04-12
36059303800,36005027402,133,2021-04-12
36059522000,36005027402,181,2021-04-12
36061002201,36005027402,176,2021-04-12
36061003300,36005027402,163,2021-04-12
36061004100,36005027402,149,2021-04-12
36061005600,36005027402,135,2021-04-12
36061008800,36005027402,114,2021-04-12
36061011203,36005027402,128,2021-04-12
36061011800,36005027402,285,2021-04-12
36061013500,36005027402,108,2021-04-12
36061013900,36005027402,159,2021-04-12
36061014300,36005027402,172,2021-04-12
36061017100,36005027402,266,2021-04-12
36061018100,36005027402,164,2021-04-12
36061021303,36005027402,129,2021-04-12
36061021500,36005027402,162,2021-04-12
36061029900,36005027402,136,2021-04-12
36079011000,36005027402,173,2021-04-12
36079011200,36005027402,187,2021-04-12
36081004001,36005027402,108,2021-04-12
36081018300,36005027402,127,2021-04-12
36081027100,36005027402,194,2021-04-12
36081056700,36005027402,167,2021-04-12
36081070700,36005027402,176,2021-04-12
36081086900,36005027402,154,2021-04-12
36081091900,36005027402,192,2021-04-12
36081101700,36005027402,123,2021-04-12
36081114100,36005027402,232,2021-04-12
36081133900,36005027402,125,2021-04-12
36087013100,36005027402,211,2021-04-12
36103158712,36005027402,123,2021-04-12
36119000900,36005027402,134,2021-04-12
36119001102,36005027402,169,2021-04-12
36119001401,36005027402,156,2021-04-12
36119002000,36005027402,507,2021-04-12
36119002101,36005027402,129,2021-04-12
36119002105,36005027402,253,2021-04-12
36119002404,36005027402,250,2021-04-12
36119002600,36005027402,142,2021-04-12
36119004600,36005027402,112,2021-04-12
36119005100,36005027402,329,2021-04-12
36119005300,36005027402,143,2021-04-12
36119005400,36005027402,186,2021-04-12
36119005500,36005027402,481,2021-04-12
36119005701,36005027402,124,2021-04-12
36119005702,36005027402,110,2021-04-12
36119005902,36005027402,147,2021-04-12
36119006000,36005027402,280,2021-04-12
36119006600,36005027402,542,2021-04-12
36119006801,36005027402,455,2021-04-12
36119007000,36005027402,122,2021-04-12
36119007100,36005027402,207,2021-04-12
36119007200,36005027402,485,2021-04-12
36119008000,36005027402,132,2021-04-12
36119008500,36005027402,134,2021-04-12
36119009100,36005027402,165,2021-04-12
36119009400,36005027402,134,2021-04-12
36119009703,36005027402,342,2021-04-12
36119010701,36005027402,280,2021-04-12
36119010801,36005027402,268,2021-04-12
36119010803,36005027402,153,2021-04-12
36119011000,36005027402,124,2021-04-12
36119012802,36005027402,207,2021-04-12
36119013000,36005027402,287,2021-04-12
34003023402,36005027402,171,2021-04-19
34013011300,36005027402,120,2021-04-19
34017003000,36005027402,129,2021-04-19
34017007600,36005027402,163,2021-04-19
34017015700,36005027402,102,2021-04-19
34027041200,36005027402,133,2021-04-19
36005001900,36005027402,167,2021-04-19
36005002702,36005027402,123,2021-04-19
36005004400,36005027402,139,2021-04-19
36005006500,36005027402,140,2021-04-19
36005008900,36005027402,144,2021-04-19
36005009000,36005027402,1022,2021-04-19
36005009200,36005027402,112,2021-04-19
36005009300,36005027402,117,2021-04-19
36005009600,36005027402,186,2021-04-19
36005011000,36005027402,176,2021-04-19
36005011800,36005027402,746,2021-04-19
36005012500,36005027402,190,2021-04-19
36005013000,36005027402,163,2021-04-19
36005013200,36005027402,137,2021-04-19
36005013800,36005027402,129,2021-04-19
36005014400,36005027402,159,2021-04-19
36005015800,36005027402,392,2021-04-19
36005016000,36005027402,311,2021-04-19
36005016400,36005027402,127,2021-04-19
36005016600,36005027402,299,2021-04-19
36005018400,36005027402,655,2021-04-19
36005019400,36005027402,146,2021-04-19
36005020000,36005027402,375,2021-04-19
36005021900,36005027402,169,2021-04-19
36005022200,36005027402,295,2021-04-19
36005023600,36005027402,202,2021-04-19
36005023800,36005027402,172,2021-04-19
36005024800,36005027402,122,2021-04-19
36005025200,36005027402,138,2021-04-19
36005025400,36005027402,312,2021-04-19
36005026400,36005027402,989,2021-04-19
36005026601,36005027402,1076,2021-04-19
36005026602,36005027402,2441,2021-04-19
36005027401,36005027402,710,2021-04-19
36005027402,36005027402,1078,2021-04-19
36005028400,36005027402,445,2021-04-19
36005028600,36005027402,155,2021-04-19
36005029600,36005027402,256,2021-04-19
36005030000,36005027402,818,2021-04-19
36005033400,36005027402,494,2021-04-19
36005035100,36005027402,130,2021-04-19
36005035600,36005027402,168,2021-04-19
36005038700,36005027402,170,2021-04-19
36005039700,36005027402,500,2021-04-19
36005046000,36005027402,209,2021-04-19
36005046201,36005027402,709,2021-04-19
36005050400,36005027402,365,2021-04-19
36005051600,36005027402,305,2021-04-19
36047005300,36005027402,179,2021-04-19
36047016200,36005027402,158,2021-04-19
36047018400,36005027402,221,2021-04-19
36047030000,36005027402,124,2021-04-19
36047053700,36005027402,158,2021-04-19
36047080800,36005027402,264,2021-04-19
36047119200,36005027402,185,2021-04-19
36059405400,36005027402,132,2021-04-19
36061000900,36005027402,142,2021-04-19
36061003700,36005027402,310,2021-04-19
36061010200,36005027402,109,2021-04-19
36061010602,36005027402,139,2021-04-19
36061011203,36005027402,149,2021-04-19
36061011900,36005027402,130,2021-04-19
36061012100,36005027402,134,2021-04-19
36061013900,36005027402,168,2021-04-19
36061014300,36005027402,172,2021-04-19
36061014601,36005027402,408,2021-04-19
36061014602,36005027402,126,2021-04-19
36061014802,36005027402,207,2021-04-19
36061015100,36005027402,165,2021-04-19
36061015200,36005027402,185,2021-04-19
36061016002,36005027402,167,2021-04-19
36061019800,36005027402,114,2021-04-19
36079011000,36005027402,165,2021-04-19
36081012601,36005027402,128,2021-04-19
36081057700,36005027402,142,2021-04-19
36081062700,36005027402,337,2021-04-19
36081068700,36005027402,200,2021-04-19
36081071600,36005027402,135,2021-04-19
36081086100,36005027402,174,2021-04-19
36085015400,36005027402,178,2021-04-19
36085017700,36005027402,228,2021-04-19
36119000203,36005027402,172,2021-04-19
36119002101,36005027402,246,2021-04-19
36119002403,36005027402,141,2021-04-19
36119002404,36005027402,286,2021-04-19
36119002600,36005027402,127,2021-04-19
36119003500,36005027402,193,2021-04-19
36119004600,36005027402,476,2021-04-19
36119005002,36005027402,160,2021-04-19
36119005300,36005027402,264,2021-04-19
36119005500,36005027402,791,2021-04-19
36119005901,36005027402,161,2021-04-19
36119005902,36005027402,529,2021-04-19
36119006000,36005027402,618,2021-04-19
36119006802,36005027402,118,2021-04-19
36119006900,36005027402,142,2021-04-19
36119007000,36005027402,111,2021-04-19
36119007100,36005027402,202,2021-04-19
36119007200,36005027402,768,2021-04-19
36119008602,36005027402,500,2021-04-19
36119009400,36005027402,363,2021-04-19
36119010801,36005027402,270,2021-04-19
36119010803,36005027402,266,2021-04-19
36119012900,36005027402,123,2021-04-19
36119013000,36005027402,233,2021-04-19
34003042302,36005027402,129,2021-04-26
34025808701,36005027402,120,2021-04-26
34037371300,36005027402,118,2021-04-26
34037371800,36005027402,121,2021-04-26
36005001900,36005027402,135,2021-04-26
36005002800,36005027402,193,2021-04-26
36005006000,36005027402,219,2021-04-26
36005006300,36005027402,191,2021-04-26
36005009000,36005027402,1178,2021-04-26
36005009600,36005027402,131,2021-04-26
36005011800,36005027402,468,2021-04-26
36005013000,36005027402,156,2021-04-26
36005013200,36005027402,197,2021-04-26
36005013800,36005027402,120,2021-04-26
36005014400,36005027402,179,2021-04-26
36005015200,36005027402,320,2021-04-26
36005015800,36005027402,268,2021-04-26
36005016200,36005027402,295,2021-04-26
36005016400,36005027402,127,2021-04-26
36005016600,36005027402,759,2021-04-26
36005018400,36005027402,1637,2021-04-26
36005018900,36005027402,119,2021-04-26
36005020000,36005027402,140,2021-04-26
36005020200,36005027402,176,2021-04-26
36005021100,36005027402,152,2021-04-26
36005021700,36005027402,173,2021-04-26
36005022200,36005027402,164,2021-04-26
36005023200,36005027402,150,2021-04-26
36005023600,36005027402,188,2021-04-26
36005024600,36005027402,148,2021-04-26
36005025000,36005027402,125,2021-04-26
36005025400,36005027402,319,2021-04-26
36005025600,36005027402,117,2021-04-26
36005026400,36005027402,588,2021-04-26
36005026601,36005027402,277,2021-04-26
36005026602,36005027402,1831,2021-04-26
36005027401,36005027402,368,2021-04-26
36005027402,36005027402,1336,2021-04-26
36005027600,36005027402,177,2021-04-26
36005028400,36005027402,471,2021-04-26
36005028800,36005027402,277,2021-04-26
36005029600,36005027402,162,2021-04-26
36005030000,36005027402,1072,2021-04-26
36005030200,36005027402,192,2021-04-26
36005031000,36005027402,142,2021-04-26
36005034400,36005027402,148,2021-04-26
36005035600,36005027402,158,2021-04-26
36005036000,36005027402,137,2021-04-26
36005036100,36005027402,165,2021-04-26
36005037100,36005027402,156,2021-04-26
36005038600,36005027402,120,2021-04-26
36005039000,36005027402,175,2021-04-26
36005040100,36005027402,153,2021-04-26
36005044400,36005027402,213,2021-04-26
36005046000,36005027402,506,2021-04-26
36005046201,36005027402,721,2021-04-26
36005046202,36005027402,155,2021-04-26
36005050400,36005027402,575,2021-04-26
36047001100,36005027402,167,2021-04-26
36047005900,36005027402,139,2021-04-26
36047042600,36005027402,261,2021-04-26
36047044100,36005027402,120,2021-04-26
36047060000,36005027402,126,2021-04-26
36047060800,36005027402,189,2021-04-26
36047080800,36005027402,271,2021-04-26
36059407801,36005027402,241,2021-04-26
36061000900,36005027402,201,2021-04-26
36061002201,36005027402,174,2021-04-26
36061006200,36005027402,181,2021-04-26
36061006800,36005027402,152,2021-04-26
36061009500,36005027402,159,2021-04-26
36061010200,36005027402,166,2021-04-26
36061011600,36005027402,155,2021-04-26
36061012100,36005027402,112,2021-04-26
36061013600,36005027402,126,2021-04-26
36061013900,36005027402,391,2021-04-26
36061014300,36005027402,139,2021-04-26
36061018200,36005027402,125,2021-04-26
36061019400,36005027402,181,2021-04-26
36061022301,36005027402,108,2021-04-26
36061026100,36005027402,152,2021-04-26
36061028500,36005027402,161,2021-04-26
36081004300,36005027402,233,2021-04-26
36081007100,36005027402,147,2021-04-26
36081010600,36005027402,176,2021-04-26
36081012601,36005027402,118,2021-04-26
36081015801,36005027402,140,2021-04-26
36081057700,36005027402,217,2021-04-26
36081062700,36005027402,154,2021-04-26
36081071600,36005027402,447,2021-04-26
36081077500,36005027402,112,2021-04-26
36081086900,36005027402,138,2021-04-26
36081087100,36005027402,122,2021-04-26
36081091900,36005027402,137,2021-04-26
36081092900,36005027402,196,2021-04-26
36081094500,36005027402,152,2021-04-26
36081103900,36005027402,150,2021-04-26
36081104700,36005027402,142,2021-04-26
36087012800,36005027402,340,2021-04-26
36087013100,36005027402,233,2021-04-26
36119001401,36005027402,158,2021-04-26
36119002000,36005027402,502,2021-04-26
36119002101,36005027402,119,2021-04-26
36119002402,36005027402,317,2021-04-26
36119002600,36005027402,124,2021-04-26
36119003800,36005027402,108,2021-04-26
36119004600,36005027402,121,2021-04-26
36119005002,36005027402,127,2021-04-26
36119005200,36005027402,169,2021-04-26
36119005300,36005027402,146,2021-04-26
36119005500,36005027402,677,2021-04-26
36119005701,36005027402,241,2021-04-26
36119005902,36005027402,133,2021-04-26
36119006000,36005027402,354,2021-04-26
36119006100,36005027402,118,2021-04-26
36119006500,36005027402,138,2021-04-26
36119006801,36005027402,137,2021-04-26
36119006802,36005027402,189,2021-04-26
36119007000,36005027402,139,2021-04-26
36119007100,36005027402,253,2021-04-26
36119007200,36005027402,241,2021-04-26
36119007402,36005027402,401,2021-04-26
36119008000,36005027402,129,2021-04-26
36119008401,36005027402,154,2021-04-26
36119008404,36005027402,262,2021-04-26
36119008602,36005027402,291,2021-04-26
36119008700,36005027402,119,2021-04-26
36119009400,36005027402,731,2021-04-26
36119010903,36005027402,112,2021-04-26
36119013000,36005027402,145,2021-04-26
36119014701,36005027402,348,2021-04-26
34003012001,36005027402,172,2021-05-03
34003053200,36005027402,161,2021-05-03
34017003000,36005027402,122,2021-05-03
36005003300,36005027402,174,2021-05-03
36005004001,36005027402,138,2021-05-03
36005004100,36005027402,158,2021-05-03
36005006300,36005027402,114,2021-05-03
36005006800,36005027402,271,2021-05-03
36005007000,36005027402,318,2021-05-03
36005007500,36005027402,182,2021-05-03
36005009000,36005027402,1953,2021-05-03
36005009200,36005027402,217,2021-05-03
36005009300,36005027402,178,2021-05-03
36005009600,36005027402,163,2021-05-03
36005011800,36005027402,599,2021-05-03
36005011900,36005027402,176,2021-05-03
36005012300,36005027402,169,2021-05-03
36005013200,36005027402,302,2021-05-03
36005014400,36005027402,196,2021-05-03
36005015200,36005027402,725,2021-05-03
36005015800,36005027402,160,2021-05-03
36005016000,36005027402,109,2021-05-03
36005016100,36005027402,159,2021-05-03
36005016200,36005027402,599,2021-05-03
36005016400,36005027402,386,2021-05-03
36005016600,36005027402,144,2021-05-03
36005018400,36005027402,709,2021-05-03
36005019400,36005027402,371,2021-05-03
36005020000,36005027402,244,2021-05-03
36005022200,36005027402,192,2021-05-03
36005023800,36005027402,370,2021-05-03
36005024400,36005027402,274,2021-05-03
36005024600,36005027402,149,2021-05-03
36005024800,36005027402,111,2021-05-03
36005025200,36005027402,124,2021-05-03
36005025400,36005027402,687,2021-05-03
36005026400,36005027402,167,2021-05-03
36005026602,36005027402,2481,2021-05-03
36005027401,36005027402,166,2021-05-03
36005027402,36005027402,1384,2021-05-03
36005027600,36005027402,352,2021-05-03
36005028400,36005027402,1118,2021-05-03
36005028600,36005027402,324,2021-05-03
36005028800,36005027402,377,2021-05-03
36005029500,36005027402,106,2021-05-03
36005029600,36005027402,339,2021-05-03
36005030000,36005027402,293,2021-05-03
36005031600,36005027402,138,2021-05-03
36005033202,36005027402,167,2021-05-03
36005035800,36005027402,130,2021-05-03
36005039000,36005027402,157,2021-05-03
36005039700,36005027402,270,2021-05-03
36005044400,36005027402,208,2021-05-03
36005046000,36005027402,165,2021-05-03
36005046201,36005027402,1729,2021-05-03
36005046202,36005027402,555,2021-05-03
36005048400,36005027402,115,2021-05-03
36005050400,36005027402,361,2021-05-03
36047004300,36005027402,199,2021-05-03
36047005300,36005027402,220,2021-05-03
36047017700,36005027402,140,2021-05-03
36047020000,36005027402,118,2021-05-03
36047021100,36005027402,151,2021-05-03
36047029200,36005027402,161,2021-05-03
36047032600,36005027402,141,2021-05-03
36047080800,36005027402,260,2021-05-03
36047081600,36005027402,231,2021-05-03
36047117400,36005027402,142,2021-05-03
36047119800,36005027402,131,2021-05-03
36061001300,36005027402,123,2021-05-03
36061003100,36005027402,106,2021-05-03
36061004300,36005027402,116,2021-05-03
36061006800,36005027402,109,2021-05-03
36061008603,36005027402,203,2021-05-03
36061009500,36005027402,113,2021-05-03
36061011600,36005027402,163,2021-05-03
36061013600,36005027402,151,2021-05-03
36061016700,36005027402,133,2021-05-03
36061016800,36005027402,184,2021-05-03
36061017200,36005027402,135,2021-05-03
36061017402,36005027402,177,2021-05-03
36061019500,36005027402,146,2021-05-03
36061022301,36005027402,147,2021-05-03
36081004300,36005027402,185,2021-05-03
36081008500,36005027402,131,2021-05-03
36081057700,36005027402,427,2021-05-03
36081077300,36005027402,153,2021-05-03
36081086100,36005027402,178,2021-05-03
36081086900,36005027402,123,2021-05-03
36081091900,36005027402,133,2021-05-03
36081094500,36005027402,123,2021-05-03
36081101700,36005027402,375,2021-05-03
36103190401,36005027402,223,2021-05-03
36119000300,36005027402,148,2021-05-03
36119002101,36005027402,495,2021-05-03
36119002105,36005027402,278,2021-05-03
36119002600,36005027402,127,2021-05-03
36119004600,36005027402,247,2021-05-03
36119005002,36005027402,568,2021-05-03
36119005100,36005027402,118,2021-05-03
36119005300,36005027402,332,2021-05-03
36119005500,36005027402,391,2021-05-03
36119005701,36005027402,402,2021-05-03
36119005901,36005027402,134,2021-05-03
36119006000,36005027402,865,2021-05-03
36119006801,36005027402,325,2021-05-03
36119006802,36005027402,110,2021-05-03
36119006900,36005027402,129,2021-05-03
36119007100,36005027402,329,2021-05-03
36119007200,36005027402,269,2021-05-03
36119007600,36005027402,149,2021-05-03
36119008301,36005027402,163,2021-05-03
36119008602,36005027402,236,2021-05-03
36119009100,36005027402,146,2021-05-03
36119009703,36005027402,113,2021-05-03
36119011200,36005027402,129,2021-05-03
36119012200,36005027402,106,2021-05-03
36119013000,36005027402,133,2021-05-03
36119014806,36005027402,144,2021-05-03
36119981000,36005027402,251,2021-05-03
34003019102,36005027402,90,2021-05-10
34003058100,36005027402,117,2021-05-10
34025810200,36005027402,247,2021-05-10
36005002800,36005027402,135,2021-05-10
36005004800,36005027402,148,2021-05-10
36005009000,36005027402,856,2021-05-10
36005009200,36005027402,231,2021-05-10
36005009600,36005027402,348,2021-05-10
36005011800,36005027402,752,2021-05-10
36005013000,36005027402,285,2021-05-10
36005013200,36005027402,359,2021-05-10
36005015200,36005027402,492,2021-05-10
36005015800,36005027402,129,2021-05-10
36005016100,36005027402,133,2021-05-10
36005016200,36005027402,473,2021-05-10
36005016400,36005027402,113,2021-05-10
36005016600,36005027402,1155,2021-05-10
36005017300,36005027402,152,2021-05-10
36005018400,36005027402,1043,2021-05-10
36005020000,36005027402,608,2021-05-10
36005021602,36005027402,110,2021-05-10
36005022200,36005027402,482,2021-05-10
36005023200,36005027402,197,2021-05-10
36005023800,36005027402,134,2021-05-10
36005024600,36005027402,173,2021-05-10
36005025600,36005027402,114,2021-05-10
36005026400,36005027402,388,2021-05-10
36005026601,36005027402,185,2021-05-10
36005026602,36005027402,1935,2021-05-10
36005027401,36005027402,565,2021-05-10
36005027402,36005027402,2672,2021-05-10
36005028400,36005027402,658,2021-05-10
36005028600,36005027402,471,2021-05-10
36005028800,36005027402,133,2021-05-10
36005029500,36005027402,387,2021-05-10
36005029600,36005027402,260,2021-05-10
36005029700,36005027402,173,2021-05-10
36005030000,36005027402,1095,2021-05-10
36005033400,36005027402,308,2021-05-10
36005035600,36005027402,170,2021-05-10
36005039700,36005027402,370,2021-05-10
36005041900,36005027402,138,2021-05-10
36005046000,36005027402,197,2021-05-10
36005046201,36005027402,1155,2021-05-10
36005046202,36005027402,148,2021-05-10
36005050400,36005027402,985,2021-05-10
36005051600,36005027402,123,2021-05-10
36047005300,36005027402,313,2021-05-10
36047081600,36005027402,230,2021-05-10
36059301600,36005027402,126,2021-05-10
36059522000,36005027402,129,2021-05-10
36061000700,36005027402,510,2021-05-10
36061005600,36005027402,272,2021-05-10
36061006800,36005027402,147,2021-05-10
36061008601,36005027402,165,2021-05-10
36061010400,36005027402,118,2021-05-10
36061010602,36005027402,170,2021-05-10
36061011600,36005027402,156,2021-05-10
36061011800,36005027402,107,2021-05-10
36061012700,36005027402,107,2021-05-10
36061013600,36005027402,156,2021-05-10
36061013900,36005027402,179,2021-05-10
36061014300,36005027402,161,2021-05-10
36061017500,36005027402,191,2021-05-10
36061017800,36005027402,112,2021-05-10
36081000100,36005027402,116,2021-05-10
36081004001,36005027402,119,2021-05-10
36081007700,36005027402,107,2021-05-10
36081008500,36005027402,158,2021-05-10
36081012601,36005027402,114,2021-05-10
36081012602,36005027402,165,2021-05-10
36081015500,36005027402,178,2021-05-10
36081021200,36005027402,207,2021-05-10
36081024000,36005027402,195,2021-05-10
36081028700,36005027402,171,2021-05-10
36081038302,36005027402,154,2021-05-10
36081042700,36005027402,136,2021-05-10
36081056500,36005027402,204,2021-05-10
36081057700,36005027402,107,2021-05-10
36081065501,36005027402,255,2021-05-10
36081087100,36005027402,144,2021-05-10
36081092900,36005027402,243,2021-05-10
36081114100,36005027402,178,2021-05-10
36087011301,36005027402,119,2021-05-10
36087013401,36005027402,136,2021-05-10
36119000900,36005027402,129,2021-05-10
36119001401,36005027402,150,2021-05-10
36119001504,36005027402,210,2021-05-10
36119001600,36005027402,178,2021-05-10
36119002000,36005027402,170,2021-05-10
36119002101,36005027402,127,2021-05-10
36119002104,36005027402,992,2021-05-10
36119005002,36005027402,346,2021-05-10
36119005100,36005027402,313,2021-05-10
36119005300,36005027402,262,2021-05-10
36119005500,36005027402,277,2021-05-10
36119005701,36005027402,442,2021-05-10
36119005901,36005027402,210,2021-05-10
36119005902,36005027402,384,2021-05-10
36119006000,36005027402,739,2021-05-10
36119006600,36005027402,147,2021-05-10
36119006900,36005027402,137,2021-05-10
36119007100,36005027402,363,2021-05-10
36119007200,36005027402,639,2021-05-10
36119007402,36005027402,168,2021-05-10
36119007900,36005027402,134,2021-05-10
36119008602,36005027402,486,2021-05-10
36119010701,36005027402,127,2021-05-10
36119010803,36005027402,121,2021-05-10
34003017500,36005027402,114,2021-05-17
34003036100,36005027402,151,2021-05-17
34003042500,36005027402,112,2021-05-17
34003058200,36005027402,118,2021-05-17
34025809301,36005027402,107,2021-05-17
34025810200,36005027402,112,2021-05-17
36005000400,36005027402,233,2021-05-17
36005001900,36005027402,345,2021-05-17
36005004100,36005027402,165,2021-05-17
36005006000,36005027402,134,2021-05-17
36005009000,36005027402,1959,2021-05-17
36005009200,36005027402,135,2021-05-17
36005009600,36005027402,497,2021-05-17
36005011800,36005027402,828,2021-05-17
36005013000,36005027402,325,2021-05-17
36005013200,36005027402,338,2021-05-17
36005013800,36005027402,122,2021-05-17
36005015200,36005027402,607,2021-05-17
36005015800,36005027402,249,2021-05-17
36005016200,36005027402,341,2021-05-17
36005016400,36005027402,378,2021-05-17
36005018400,36005027402,1234,2021-05-17
36005019400,36005027402,305,2021-05-17
36005020000,36005027402,725,2021-05-17
36005020900,36005027402,132,2021-05-17
36005022000,36005027402,132,2021-05-17
36005023200,36005027402,121,2021-05-17
36005023600,36005027402,242,2021-05-17
36005023800,36005027402,109,2021-05-17
36005026400,36005027402,1195,2021-05-17
36005026601,36005027402,330,2021-05-17
36005026602,36005027402,3263,2021-05-17
36005027300,36005027402,162,2021-05-17
36005027401,36005027402,157,2021-05-17
36005027402,36005027402,3445,2021-05-17
36005027600,36005027402,672,2021-05-17
36005028400,36005027402,827,2021-05-17
36005028800,36005027402,439,2021-05-17
36005029600,36005027402,506,2021-05-17
36005030000,36005027402,1496,2021-05-17
36005031000,36005027402,149,2021-05-17
36005032600,36005027402,156,2021-05-17
36005033000,36005027402,117,2021-05-17
36005035900,36005027402,177,2021-05-17
36005038600,36005027402,146,2021-05-17
36005039000,36005027402,625,2021-05-17
36005039100,36005027402,132,2021-05-17
36005040900,36005027402,144,2021-05-17
36005042300,36005027402,315,2021-05-17
36005042500,36005027402,247,2021-05-17
36005042600,36005027402,132,2021-05-17
36005046000,36005027402,456,2021-05-17
36005046201,36005027402,2360,2021-05-17
36005050400,36005027402,945,2021-05-17
36005051600,36005027402,115,2021-05-17
36047002100,36005027402,131,2021-05-17
36047081600,36005027402,255,2021-05-17
36059407301,36005027402,155,2021-05-17
36061001300,36005027402,126,2021-05-17
36061002100,36005027402,146,2021-05-17
36061003700,36005027402,309,2021-05-17
36061008300,36005027402,129,2021-05-17
36061009900,36005027402,127,2021-05-17
36061010100,36005027402,165,2021-05-17
36061010601,36005027402,144,2021-05-17
36061011203,36005027402,202,2021-05-17
36061011900,36005027402,126,2021-05-17
36061014802,36005027402,412,2021-05-17
36061015400,36005027402,185,2021-05-17
36061015500,36005027402,180,2021-05-17
36061017100,36005027402,170,2021-05-17
36061017200,36005027402,152,2021-05-17
36061019400,36005027402,185,2021-05-17
36079011400,36005027402,127,2021-05-17
36081007900,36005027402,139,2021-05-17
36081015500,36005027402,132,2021-05-17
36081071600,36005027402,191,2021-05-17
36081085300,36005027402,244,2021-05-17
36081086100,36005027402,109,2021-05-17
36081099704,36005027402,167,2021-05-17
36081145101,36005027402,168,2021-05-17
36081146700,36005027402,134,2021-05-17
36087013100,36005027402,212,2021-05-17
36103158007,36005027402,731,2021-05-17
36103158712,36005027402,124,2021-05-17
36103159505,36005027402,191,2021-05-17
36103159506,36005027402,137,2021-05-17
36119000900,36005027402,125,2021-05-17
36119001000,36005027402,207,2021-05-17
36119001600,36005027402,264,2021-05-17
36119002000,36005027402,176,2021-05-17
36119002101,36005027402,392,2021-05-17
36119002105,36005027402,125,2021-05-17
36119002404,36005027402,128,2021-05-17
36119002405,36005027402,142,2021-05-17
36119002600,36005027402,554,2021-05-17
36119003400,36005027402,153,2021-05-17
36119004600,36005027402,140,2021-05-17
36119005002,36005027402,556,2021-05-17
36119005100,36005027402,172,2021-05-17
36119005300,36005027402,162,2021-05-17
36119005500,36005027402,378,2021-05-17
36119005701,36005027402,126,2021-05-17
36119005702,36005027402,114,2021-05-17
36119005800,36005027402,142,2021-05-17
36119005901,36005027402,254,2021-05-17
36119005902,36005027402,586,2021-05-17
36119006000,36005027402,741,2021-05-17
36119006900,36005027402,133,2021-05-17
36119007000,36005027402,125,2021-05-17
36119007100,36005027402,190,2021-05-17
36119007200,36005027402,903,2021-05-17
36119007600,36005027402,479,2021-05-17
36119007800,36005027402,121,2021-05-17
36119009000,36005027402,122,2021-05-17
36119009300,36005027402,212,2021-05-17
36119009400,36005027402,124,2021-05-17
36119009800,36005027402,228,2021-05-17
36119010300,36005027402,158,2021-05-17
36119014809,36005027402,123,2021-05-17
34003017500,36005027402,155,2021-05-24
34003019104,36005027402,98,2021-05-24
34003036100,36005027402,227,2021-05-24
34025808600,36005027402,94,2021-05-24
34025809301,36005027402,102,2021-05-24
36005000400,36005027402,181,2021-05-24
36005001900,36005027402,272,2021-05-24
36005002702,36005027402,126,2021-05-24
36005004200,36005027402,151,2021-05-24
36005006200,36005027402,120,2021-05-24
36005006500,36005027402,182,2021-05-24
36005007000,36005027402,168,2021-05-24
36005007800,36005027402,120,2021-05-24
36005008500,36005027402,103,2021-05-24
36005009000,36005027402,1524,2021-05-24
36005009200,36005027402,234,2021-05-24
36005009600,36005027402,161,2021-05-24
36005011800,36005027402,222,2021-05-24
36005013000,36005027402,240,2021-05-24
36005013100,36005027402,233,2021-05-24
36005013200,36005027402,354,2021-05-24
36005013800,36005027402,129,2021-05-24
36005015200,36005027402,772,2021-05-24
36005015800,36005027402,318,2021-05-24
36005016000,36005027402,113,2021-05-24
36005016100,36005027402,266,2021-05-24
36005016200,36005027402,109,2021-05-24
36005016400,36005027402,412,2021-05-24
36005016500,36005027402,134,2021-05-24
36005016600,36005027402,482,2021-05-24
36005018400,36005027402,816,2021-05-24
36005020000,36005027402,118,2021-05-24
36005021001,36005027402,157,2021-05-24
36005022404,36005027402,124,2021-05-24
36005023800,36005027402,300,2021-05-24
36005025000,36005027402,193,2021-05-24
36005025200,36005027402,115,2021-05-24
36005026400,36005027402,438,2021-05-24
36005026601,36005027402,340,2021-05-24
36005026602,36005027402,2949,2021-05-24
36005027401,36005027402,296,2021-05-24
36005027402,36005027402,3442,2021-05-24
36005027600,36005027402,165,2021-05-24
36005028400,36005027402,1202,2021-05-24
36005028600,36005027402,169,2021-05-24
36005029600,36005027402,123,2021-05-24
36005030000,36005027402,357,2021-05-24
36005031000,36005027402,122,2021-05-24
36005034000,36005027402,121,2021-05-24
36005036000,36005027402,133,2021-05-24
36005036901,36005027402,134,2021-05-24
36005038900,36005027402,143,2021-05-24
36005042500,36005027402,150,2021-05-24
36005046201,36005027402,2298,2021-05-24
36005046202,36005027402,252,2021-05-24
36005050400,36005027402,349,2021-05-24
36005051600,36005027402,542,2021-05-24
36047001100,36005027402,254,2021-05-24
36047017700,36005027402,111,2021-05-24
36047051100,36005027402,110,2021-05-24
36047057900,36005027402,483,2021-05-24
36047081600,36005027402,257,2021-05-24
36047112600,36005027402,155,2021-05-24
36047119200,36005027402,223,2021-05-24
36059303000,36005027402,158,2021-05-24
36059407301,36005027402,195,2021-05-24
36059407801,36005027402,109,2021-05-24
36059412301,36005027402,129,2021-05-24
36061005000,36005027402,174,2021-05-24
36061009800,36005027402,161,2021-05-24
36061011203,36005027402,186,2021-05-24
36061013100,36005027402,128,2021-05-24
36061013500,36005027402,152,2021-05-24
36061013600,36005027402,150,2021-05-24
36061014900,36005027402,153,2021-05-24
36061015300,36005027402,129,2021-05-24
36061016400,36005027402,137,2021-05-24
36061017200,36005027402,129,2021-05-24
36061019400,36005027402,240,2021-05-24
36079010200,36005027402,134,2021-05-24
36081000100,36005027402,112,2021-05-24
36081006100,36005027402,261,2021-05-24
36081011700,36005027402,347,2021-05-24
36081015700,36005027402,172,2021-05-24
36081017100,36005027402,245,2021-05-24
36081030902,36005027402,136,2021-05-24
36081044601,36005027402,129,2021-05-24
36081056700,36005027402,120,2021-05-24
36081057700,36005027402,143,2021-05-24
36081059500,36005027402,129,2021-05-24
36081085300,36005027402,103,2021-05-24
36081086900,36005027402,122,2021-05-24
36081088901,36005027402,198,2021-05-24
36081091900,36005027402,160,2021-05-24
36081114100,36005027402,103,2021-05-24
36081146700,36005027402,129,2021-05-24
36087011700,36005027402,105,2021-05-24
36087013100,36005027402,269,2021-05-24
36103158712,36005027402,118,2021-05-24
36119000900,36005027402,118,2021-05-24
36119001000,36005027402,181,2021-05-24
36119001700,36005027402,193,2021-05-24
36119002000,36005027402,527,2021-05-24
36119002103,36005027402,158,2021-05-24
36119002105,36005027402,205,2021-05-24
36119002404,36005027402,126,2021-05-24
36119002600,36005027402,114,2021-05-24
36119004600,36005027402,217,2021-05-24
36119005002,36005027402,270,2021-05-24
36119005300,36005027402,321,2021-05-24
36119005500,36005027402,1110,2021-05-24
36119005701,36005027402,356,2021-05-24
36119005901,36005027402,131,2021-05-24
36119006000,36005027402,864,2021-05-24
36119006802,36005027402,364,2021-05-24
36119006900,36005027402,142,2021-05-24
36119007100,36005027402,103,2021-05-24
36119007800,36005027402,107,2021-05-24
36119008301,36005027402,268,2021-05-24
36119008602,36005027402,644,2021-05-24
36119009300,36005027402,103,2021-05-24
36119009400,36005027402,664,2021-05-24
36119009702,36005027402,124,2021-05-24
36119010803,36005027402,469,2021-05-24
36119011902,36005027402,110,2021-05-24
34003042500,36005027402,151,2021-05-31
34003044202,36005027402,96,2021-05-31
34013980200,36005027402,115,2021-05-31
34029713100,36005027402,116,2021-05-31
36005002800,36005027402,159,2021-05-31
36005004400,36005027402,110,2021-05-31
36005006200,36005027402,129,2021-05-31
36005006700,36005027402,161,2021-05-31
36005007800,36005027402,291,2021-05-31
36005008900,36005027402,142,2021-05-31
36005009000,36005027402,1314,2021-05-31
36005009200,36005027402,371,2021-05-31
36005009600,36005027402,198,2021-05-31
36005011000,36005027402,170,2021-05-31
36005011800,36005027402,457,2021-05-31
36005013200,36005027402,917,2021-05-31
36005013800,36005027402,165,2021-05-31
36005014400,36005027402,173,2021-05-31
36005014500,36005027402,129,2021-05-31
36005015200,36005027402,490,2021-05-31
36005015800,36005027402,392,2021-05-31
36005016000,36005027402,294,2021-05-31
36005016200,36005027402,361,2021-05-31
36005016400,36005027402,228,2021-05-31
36005016600,36005027402,197,2021-05-31
36005018400,36005027402,552,2021-05-31
36005020000,36005027402,285,2021-05-31
36005020601,36005027402,105,2021-05-31
36005021700,36005027402,118,2021-05-31
36005022200,36005027402,147,2021-05-31
36005024600,36005027402,159,2021-05-31
36005025000,36005027402,103,2021-05-31
36005025400,36005027402,463,2021-05-31
36005025600,36005027402,103,2021-05-31
36005026400,36005027402,463,2021-05-31
36005026601,36005027402,377,2021-05-31
36005026602,36005027402,1418,2021-05-31
36005027300,36005027402,136,2021-05-31
36005027401,36005027402,140,2021-05-31
36005027402,36005027402,3210,2021-05-31
36005028400,36005027402,838,2021-05-31
36005028600,36005027402,155,2021-05-31
36005028800,36005027402,245,2021-05-31
36005029600,36005027402,120,2021-05-31
36005030000,36005027402,667,2021-05-31
36005031000,36005027402,367,2021-05-31
36005033400,36005027402,165,2021-05-31
36005034200,36005027402,110,2021-05-31
36005039000,36005027402,419,2021-05-31
36005039100,36005027402,108,2021-05-31
36005039400,36005027402,176,2021-05-31
36005045102,36005027402,103,2021-05-31
36005046201,36005027402,1955,2021-05-31
36005046202,36005027402,140,2021-05-31
36005050400,36005027402,712,2021-05-31
36047005300,36005027402,133,2021-05-31
36047006400,36005027402,199,2021-05-31
36047051100,36005027402,128,2021-05-31
36047080800,36005027402,204,2021-05-31
36047099800,36005027402,369,2021-05-31
36047102800,36005027402,110,2021-05-31
36059407801,36005027402,229,2021-05-31
36061000700,36005027402,198,2021-05-31
36061000900,36005027402,155,2021-05-31
36061001300,36005027402,110,2021-05-31
36061004100,36005027402,103,2021-05-31
36061006100,36005027402,130,2021-05-31
36061010000,36005027402,128,2021-05-31
36061010100,36005027402,219,2021-05-31
36061011000,36005027402,133,2021-05-31
36061011100,36005027402,167,2021-05-31
36061011800,36005027402,146,2021-05-31
36061013600,36005027402,125,2021-05-31
36061014802,36005027402,235,2021-05-31
36061016800,36005027402,149,2021-05-31
36061017402,36005027402,149,2021-05-31
36061019400,36005027402,151,2021-05-31
36081015900,36005027402,135,2021-05-31
36081053100,36005027402,220,2021-05-31
36081056700,36005027402,387,2021-05-31
36081071600,36005027402,123,2021-05-31
36081084900,36005027402,129,2021-05-31
36081085300,36005027402,231,2021-05-31
36081086900,36005027402,133,2021-05-31
36081087100,36005027402,154,2021-05-31
36081092900,36005027402,195,2021-05-31
36081099703,36005027402,124,2021-05-31
36081099704,36005027402,160,2021-05-31
36081122300,36005027402,128,2021-05-31
36085004000,36005027402,112,2021-05-31
36085005000,36005027402,149,2021-05-31
36103123201,36005027402,224,2021-05-31
36103123402,36005027402,165,2021-05-31
36103158403,36005027402,175,2021-05-31
36103158608,36005027402,135,2021-05-31
36103158708,36005027402,180,2021-05-31
36103159406,36005027402,113,2021-05-31
36103159410,36005027402,113,2021-05-31
36103169701,36005027402,562,2021-05-31
36103169704,36005027402,306,2021-05-31
36103169800,36005027402,121,2021-05-31
36103170002,36005027402,103,2021-05-31
36119000900,36005027402,241,2021-05-31
36119002000,36005027402,587,2021-05-31
36119002101,36005027402,178,2021-05-31
36119002105,36005027402,119,2021-05-31
36119002404,36005027402,239,2021-05-31
36119002405,36005027402,103,2021-05-31
36119004600,36005027402,117,2021-05-31
36119005002,36005027402,315,2021-05-31
36119005100,36005027402,329,2021-05-31
36119005200,36005027402,224,2021-05-31
36119005300,36005027402,306,2021-05-31
36119005500,36005027402,349,2021-05-31
36119005901,36005027402,138,2021-05-31
36119006000,36005027402,1257,2021-05-31
36119006600,36005027402,126,2021-05-31
36119006802,36005027402,162,2021-05-31
36119006900,36005027402,380,2021-05-31
36119007100,36005027402,437,2021-05-31
36119007200,36005027402,290,2021-05-31
36119008000,36005027402,124,2021-05-31
36119008301,36005027402,155,2021-05-31
36119008401,36005027402,188,2021-05-31
36119008602,36005027402,103,2021-05-31
36119009400,36005027402,548,2021-05-31
36119010702,36005027402,127,2021-05-31
36119010801,36005027402,402,2021-05-31
36119010803,36005027402,124,2021-05-31
36119010804,36005027402,103,2021-05-31
36119010902,36005027402,185,2021-05-31
36119013202,36005027402,160,2021-05-31
36119014805,36005027402,158,2021-05-31
34017015100,36005027402,145,2021-06-07
34025809301,36005027402,232,2021-06-07
34027045901,36005027402,115,2021-06-07
34031124402,36005027402,130,2021-06-07
36005000400,36005027402,236,2021-06-07
36005002800,36005027402,178,2021-06-07
36005004001,36005027402,124,2021-06-07
36005004400,36005027402,122,2021-06-07
36005006200,36005027402,155,2021-06-07
36005009000,36005027402,1547,2021-06-07
36005009200,36005027402,242,2021-06-07
36005009300,36005027402,205,2021-06-07
36005009600,36005027402,159,2021-06-07
36005011800,36005027402,651,2021-06-07
36005013200,36005027402,440,2021-06-07
36005013800,36005027402,133,2021-06-07
36005015200,36005027402,666,2021-06-07
36005015800,36005027402,411,2021-06-07
36005016000,36005027402,144,2021-06-07
36005016200,36005027402,117,2021-06-07
36005016300,36005027402,147,2021-06-07
36005016400,36005027402,379,2021-06-07
36005016500,36005027402,146,2021-06-07
36005016600,36005027402,137,2021-06-07
36005017100,36005027402,165,2021-06-07
36005018301,36005027402,469,2021-06-07
36005018400,36005027402,826,2021-06-07
36005020000,36005027402,391,2021-06-07
36005020601,36005027402,108,2021-06-07
36005022200,36005027402,138,2021-06-07
36005023800,36005027402,365,2021-06-07
36005024400,36005027402,153,2021-06-07
36005024600,36005027402,166,2021-06-07
36005025400,36005027402,112,2021-06-07
36005026400,36005027402,1171,2021-06-07
36005026601,36005027402,271,2021-06-07
36005026602,36005027402,1967,2021-06-07
36005027401,36005027402,152,2021-06-07
36005027402,36005027402,2285,2021-06-07
36005027600,36005027402,169,2021-06-07
36005028400,36005027402,1256,2021-06-07
36005028800,36005027402,115,2021-06-07
36005030000,36005027402,739,2021-06-07
36005033000,36005027402,111,2021-06-07
36005033400,36005027402,145,2021-06-07
36005039000,36005027402,299,2021-06-07
36005039700,36005027402,137,2021-06-07
36005046201,36005027402,1280,2021-06-07
36005050400,36005027402,708,2021-06-07
36005051600,36005027402,167,2021-06-07
36047005300,36005027402,119,2021-06-07
36047024300,36005027402,162,2021-06-07
36047057500,36005027402,123,2021-06-07
36047059100,36005027402,108,2021-06-07
36047060000,36005027402,228,2021-06-07
36047060800,36005027402,148,2021-06-07
36047117400,36005027402,126,2021-06-07
36047152200,36005027402,143,2021-06-07
36059303700,36005027402,194,2021-06-07
36059411700,36005027402,148,2021-06-07
36061000900,36005027402,483,2021-06-07
36061001300,36005027402,149,2021-06-07
36061004500,36005027402,148,2021-06-07
36061005600,36005027402,116,2021-06-07
36061006500,36005027402,108,2021-06-07
36061007000,36005027402,142,2021-06-07
36061007400,36005027402,162,2021-06-07
36061008300,36005027402,149,2021-06-07
36061009600,36005027402,133,2021-06-07
36061016500,36005027402,138,2021-06-07
36061025100,36005027402,216,2021-06-07
36061025500,36005027402,131,2021-06-07
36061031703,36005027402,198,2021-06-07
36061031704,36005027402,242,2021-06-07
36081000100,36005027402,116,2021-06-07
36081004500,36005027402,108,2021-06-07
36081007700,36005027402,137,2021-06-07
36081007900,36005027402,143,2021-06-07
36081011500,36005027402,126,2021-06-07
36081011700,36005027402,203,2021-06-07
36081038302,36005027402,558,2021-06-07
36081057700,36005027402,161,2021-06-07
36081085300,36005027402,120,2021-06-07
36081087100,36005027402,115,2021-06-07
36081090700,36005027402,277,2021-06-07
36081134100,36005027402,135,2021-06-07
36103112103,36005027402,119,2021-06-07
36103145803,36005027402,173,2021-06-07
36103169704,36005027402,123,2021-06-07
36103190401,36005027402,352,2021-06-07
36119001000,36005027402,135,2021-06-07
36119001302,36005027402,249,2021-06-07
36119001502,36005027402,108,2021-06-07
36119001700,36005027402,200,2021-06-07
36119002000,36005027402,122,2021-06-07
36119002105,36005027402,188,2021-06-07
36119002106,36005027402,135,2021-06-07
36119002404,36005027402,132,2021-06-07
36119002600,36005027402,173,2021-06-07
36119004600,36005027402,129,2021-06-07
36119004800,36005027402,140,2021-06-07
36119005002,36005027402,277,2021-06-07
36119005100,36005027402,369,2021-06-07
36119005300,36005027402,298,2021-06-07
36119005500,36005027402,681,2021-06-07
36119005701,36005027402,115,2021-06-07
36119005902,36005027402,335,2021-06-07
36119006000,36005027402,302,2021-06-07
36119006500,36005027402,117,2021-06-07
36119006900,36005027402,322,2021-06-07
36119007300,36005027402,131,2021-06-07
36119007600,36005027402,191,2021-06-07
36119008301,36005027402,169,2021-06-07
36119008602,36005027402,233,2021-06-07
36119008800,36005027402,119,2021-06-07
36119009300,36005027402,136,2021-06-07
36119009400,36005027402,151,2021-06-07
36119010400,36005027402,123,2021-06-07
36119010803,36005027402,116,2021-06-07
36119014701,36005027402,205,2021-06-07
36119014703,36005027402,143,2021-06-07
34003011400,36005027402,110,2021-06-14
34003041301,36005027402,116,2021-06-14
34025808701,36005027402,119,2021-06-14
36005004200,36005027402,146,2021-06-14
36005004400,36005027402,171,2021-06-14
36005006000,36005027402,257,2021-06-14
36005008700,36005027402,304,2021-06-14
36005009000,36005027402,1284,2021-06-14
36005009200,36005027402,415,2021-06-14
36005009300,36005027402,176,2021-06-14
36005011000,36005027402,121,2021-06-14
36005011800,36005027402,537,2021-06-14
36005012300,36005027402,169,2021-06-14
36005013200,36005027402,189,2021-06-14
36005014400,36005027402,133,2021-06-14
36005015200,36005027402,766,2021-06-14
36005016000,36005027402,350,2021-06-14
36005016200,36005027402,133,2021-06-14
36005016400,36005027402,137,2021-06-14
36005016600,36005027402,317,2021-06-14
36005018400,36005027402,420,2021-06-14
36005019400,36005027402,410,2021-06-14
36005020501,36005027402,223,2021-06-14
36005021602,36005027402,282,2021-06-14
36005023200,36005027402,130,2021-06-14
36005023600,36005027402,225,2021-06-14
36005024000,36005027402,195,2021-06-14
36005024400,36005027402,311,2021-06-14
36005025200,36005027402,133,2021-06-14
36005025400,36005027402,148,2021-06-14
36005026400,36005027402,313,2021-06-14
36005026601,36005027402,628,2021-06-14
36005026602,36005027402,2832,2021-06-14
36005027300,36005027402,164,2021-06-14
36005027401,36005027402,148,2021-06-14
36005027402,36005027402,1636,2021-06-14
36005027600,36005027402,385,2021-06-14
36005028400,36005027402,378,2021-06-14
36005028800,36005027402,132,2021-06-14
36005030000,36005027402,711,2021-06-14
36005031000,36005027402,131,2021-06-14
36005031200,36005027402,154,2021-06-14
36005032600,36005027402,116,2021-06-14
36005035900,36005027402,168,2021-06-14
36005036100,36005027402,137,2021-06-14
36005037300,36005027402,255,2021-06-14
36005038700,36005027402,208,2021-06-14
36005040100,36005027402,116,2021-06-14
36005040304,36005027402,110,2021-06-14
36005040702,36005027402,161,2021-06-14
36005046000,36005027402,216,2021-06-14
36005046201,36005027402,1561,2021-06-14
36005046202,36005027402,136,2021-06-14
36005050400,36005027402,148,2021-06-14
36005051600,36005027402,251,2021-06-14
36047006500,36005027402,132,2021-06-14
36047024100,36005027402,147,2021-06-14
36047055000,36005027402,146,2021-06-14
36047056100,36005027402,164,2021-06-14
36047076400,36005027402,149,2021-06-14
36059302700,36005027402,151,2021-06-14
36059405400,36005027402,127,2021-06-14
36059407301,36005027402,141,2021-06-14
36059412700,36005027402,166,2021-06-14
36059416000,36005027402,135,2021-06-14
36059518300,36005027402,166,2021-06-14
36061000700,36005027402,146,2021-06-14
36061001600,36005027402,124,2021-06-14
36061004000,36005027402,110,2021-06-14
36061004300,36005027402,132,2021-06-14
36061005200,36005027402,124,2021-06-14
36061007900,36005027402,122,2021-06-14
36061010200,36005027402,110,2021-06-14
36061010800,36005027402,133,2021-06-14
36061011800,36005027402,135,2021-06-14
36061012400,36005027402,110,2021-06-14
36061012900,36005027402,149,2021-06-14
36061014300,36005027402,159,2021-06-14
36061015300,36005027402,110,2021-06-14
36061016300,36005027402,126,2021-06-14
36061016700,36005027402,130,2021-06-14
36061017000,36005027402,129,2021-06-14
36061018900,36005027402,207,2021-06-14
36061019400,36005027402,148,2021-06-14
36061030900,36005027402,137,2021-06-14
36061031704,36005027402,149,2021-06-14
36081004300,36005027402,191,2021-06-14
36081006300,36005027402,110,2021-06-14
36081007100,36005027402,122,2021-06-14
36081011700,36005027402,174,2021-06-14
36081013700,36005027402,145,2021-06-14
36081015700,36005027402,332,2021-06-14
36081030600,36005027402,156,2021-06-14
36081036700,36005027402,153,2021-06-14
36081036800,36005027402,234,2021-06-14
36081038302,36005027402,672,2021-06-14
36081063900,36005027402,128,2021-06-14
36081071600,36005027402,189,2021-06-14
36081085300,36005027402,149,2021-06-14
36081087100,36005027402,144,2021-06-14
36087013100,36005027402,534,2021-06-14
36087013402,36005027402,250,2021-06-14
36103147503,36005027402,147,2021-06-14
36119002000,36005027402,256,2021-06-14
36119002105,36005027402,272,2021-06-14
36119002204,36005027402,156,2021-06-14
36119002600,36005027402,125,2021-06-14
36119004600,36005027402,110,2021-06-14
36119005002,36005027402,171,2021-06-14
36119005300,36005027402,439,2021-06-14
36119005400,36005027402,135,2021-06-14
36119005500,36005027402,420,2021-06-14
36119005701,36005027402,207,2021-06-14
36119005902,36005027402,110,2021-06-14
36119006000,36005027402,362,2021-06-14
36119006200,36005027402,194,2021-06-14
36119006600,36005027402,318,2021-06-14
36119006802,36005027402,275,2021-06-14
36119006900,36005027402,135,2021-06-14
36119007600,36005027402,137,2021-06-14
36119007800,36005027402,124,2021-06-14
36119008100,36005027402,122,2021-06-14
36119008404,36005027402,122,2021-06-14
36119008500,36005027402,135,2021-06-14
36119008602,36005027402,404,2021-06-14
36119009400,36005027402,325,2021-06-14
36119010803,36005027402,275,2021-06-14
36119014400,36005027402,140,2021-06-14
34003015500,36005027402,105,2021-06-21
34025803300,36005027402,166,2021-06-21
34025809301,36005027402,107,2021-06-21
36005001900,36005027402,126,2021-06-21
36005004400,36005027402,146,2021-06-21
36005006000,36005027402,213,2021-06-21
36005006700,36005027402,149,2021-06-21
36005007800,36005027402,146,2021-06-21
36005008900,36005027402,124,2021-06-21
36005009000,36005027402,1577,2021-06-21
36005009300,36005027402,209,2021-06-21
36005011800,36005027402,738,2021-06-21
36005012300,36005027402,154,2021-06-21
36005013800,36005027402,173,2021-06-21
36005014400,36005027402,147,2021-06-21
36005015200,36005027402,514,2021-06-21
36005015800,36005027402,122,2021-06-21
36005016000,36005027402,444,2021-06-21
36005016200,36005027402,708,2021-06-21
36005016400,36005027402,243,2021-06-21
36005016600,36005027402,499,2021-06-21
36005018400,36005027402,757,2021-06-21
36005020000,36005027402,467,2021-06-21
36005020501,36005027402,200,2021-06-21
36005021002,36005027402,130,2021-06-21
36005021602,36005027402,110,2021-06-21
36005026400,36005027402,326,2021-06-21
36005026601,36005027402,264,2021-06-21
36005026602,36005027402,2879,2021-06-21
36005027401,36005027402,277,2021-06-21
36005027402,36005027402,2511,2021-06-21
36005027600,36005027402,370,2021-06-21
36005028400,36005027402,1127,2021-06-21
36005028500,36005027402,138,2021-06-21
36005028600,36005027402,275,2021-06-21
36005029500,36005027402,159,2021-06-21
36005030000,36005027402,668,2021-06-21
36005031000,36005027402,124,2021-06-21
36005036902,36005027402,175,2021-06-21
36005038302,36005027402,110,2021-06-21
36005039000,36005027402,122,2021-06-21
36005043100,36005027402,195,2021-06-21
36005046201,36005027402,324,2021-06-21
36005050400,36005027402,556,2021-06-21
36047017700,36005027402,238,2021-06-21
36047021300,36005027402,194,2021-06-21
36047035200,36005027402,364,2021-06-21
36047057500,36005027402,173,2021-06-21
36047057900,36005027402,135,2021-06-21
36047119200,36005027402,203,2021-06-21
36059301800,36005027402,110,2021-06-21
36059303700,36005027402,211,2021-06-21
36059303800,36005027402,118,2021-06-21
36061000900,36005027402,140,2021-06-21
36061003200,36005027402,130,2021-06-21
36061003400,36005027402,110,2021-06-21
36061007300,36005027402,142,2021-06-21
36061007600,36005027402,186,2021-06-21
36061008700,36005027402,246,2021-06-21
36061012900,36005027402,179,2021-06-21
36061015801,36005027402,134,2021-06-21
36061022400,36005027402,165,2021-06-21
36061031703,36005027402,132,2021-06-21
36081006300,36005027402,155,2021-06-21
36081029400,36005027402,194,2021-06-21
36081033100,36005027402,187,2021-06-21
36081038302,36005027402,523,2021-06-21
36081042400,36005027402,136,2021-06-21
36081057700,36005027402,331,2021-06-21
36081068300,36005027402,112,2021-06-21
36081090700,36005027402,194,2021-06-21
36081092500,36005027402,148,2021-06-21
36087013100,36005027402,252,2021-06-21
36119001401,36005027402,163,2021-06-21
36119001504,36005027402,219,2021-06-21
36119002104,36005027402,128,2021-06-21
36119002202,36005027402,180,2021-06-21
36119002404,36005027402,234,2021-06-21
36119002405,36005027402,174,2021-06-21
36119002600,36005027402,127,2021-06-21
36119003400,36005027402,132,2021-06-21
36119005002,36005027402,304,2021-06-21
36119005100,36005027402,118,2021-06-21
36119005300,36005027402,471,2021-06-21
36119005500,36005027402,356,2021-06-21
36119005701,36005027402,519,2021-06-21
36119005902,36005027402,132,2021-06-21
36119006000,36005027402,895,2021-06-21
36119006600,36005027402,173,2021-06-21
36119006802,36005027402,299,2021-06-21
36119006900,36005027402,136,2021-06-21
36119007100,36005027402,132,2021-06-21
36119007200,36005027402,150,2021-06-21
36119007700,36005027402,174,2021-06-21
36119007800,36005027402,677,2021-06-21
36119008000,36005027402,130,2021-06-21
36119008602,36005027402,827,2021-06-21
36119009100,36005027402,163,2021-06-21
36119009300,36005027402,188,2021-06-21
36119009400,36005027402,174,2021-06-21
36119009800,36005027402,210,2021-06-21
36119010701,36005027402,138,2021-06-21
36119010801,36005027402,143,2021-06-21
36119011000,36005027402,134,2021-06-21
36119012802,36005027402,139,2021-06-21
36119012900,36005027402,199,2021-06-21
36119013000,36005027402,203,2021-06-21
36119014704,36005027402,125,2021-06-21
36119014804,36005027402,113,2021-06-21
36119014805,36005027402,155,2021-06-21
34003032202,36005027402,103,2021-06-28
34003046300,36005027402,207,2021-06-28
34025809301,36005027402,144,2021-06-28
34027041802,36005027402,97,2021-06-28
34029717300,36005027402,124,2021-06-28
34031175602,36005027402,207,2021-06-28
36005001900,36005027402,536,2021-06-28
36005005600,36005027402,143,2021-06-28
36005006300,36005027402,891,2021-06-28
36005007600,36005027402,129,2021-06-28
36005009000,36005027402,1614,2021-06-28
36005009300,36005027402,227,2021-06-28
36005011800,36005027402,356,2021-06-28
36005013100,36005027402,127,2021-06-28
36005013200,36005027402,167,2021-06-28
36005013800,36005027402,148,2021-06-28
36005015200,36005027402,541,2021-06-28
36005015800,36005027402,133,2021-06-28
36005016000,36005027402,196,2021-06-28
36005016100,36005027402,133,2021-06-28
36005016200,36005027402,143,2021-06-28
36005016600,36005027402,146,2021-06-28
36005018400,36005027402,275,2021-06-28
36005020000,36005027402,438,2021-06-28
36005020501,36005027402,214,2021-06-28
36005021100,36005027402,119,2021-06-28
36005022200,36005027402,535,2021-06-28
36005022902,36005027402,168,2021-06-28
36005023800,36005027402,168,2021-06-28
36005024600,36005027402,164,2021-06-28
36005025000,36005027402,114,2021-06-28
36005025400,36005027402,129,2021-06-28
36005025600,36005027402,174,2021-06-28
36005026400,36005027402,564,2021-06-28
36005026601,36005027402,782,2021-06-28
36005026602,36005027402,1888,2021-06-28
36005027300,36005027402,144,2021-06-28
36005027401,36005027402,281,2021-06-28
36005027402,36005027402,1168,2021-06-28
36005028400,36005027402,1056,2021-06-28
36005028800,36005027402,117,2021-06-28
36005030000,36005027402,520,2021-06-28
36005033400,36005027402,161,2021-06-28
36005036800,36005027402,143,2021-06-28
36005037100,36005027402,199,2021-06-28
36005040304,36005027402,168,2021-06-28
36005046000,36005027402,177,2021-06-28
36005046201,36005027402,1331,2021-06-28
36005046202,36005027402,372,2021-06-28
36005050400,36005027402,467,2021-06-28
36005051600,36005027402,152,2021-06-28
36047030700,36005027402,126,2021-06-28
36047034700,36005027402,193,2021-06-28
36059522000,36005027402,122,2021-06-28
36061000700,36005027402,361,2021-06-28
36061000900,36005027402,133,2021-06-28
36061003400,36005027402,114,2021-06-28
36061004700,36005027402,136,2021-06-28
36061006800,36005027402,258,2021-06-28
36061007800,36005027402,140,2021-06-28
36061009500,36005027402,246,2021-06-28
36061010400,36005027402,137,2021-06-28
36061015801,36005027402,283,2021-06-28
36061021000,36005027402,179,2021-06-28
36061023802,36005027402,174,2021-06-28
36081004001,36005027402,318,2021-06-28
36081007700,36005027402,109,2021-06-28
36081015700,36005027402,203,2021-06-28
36081038302,36005027402,147,2021-06-28
36081109300,36005027402,164,2021-06-28
36081146700,36005027402,140,2021-06-28
36085000300,36005027402,160,2021-06-28
36087010703,36005027402,219,2021-06-28
36087012700,36005027402,185,2021-06-28
36119000401,36005027402,144,2021-06-28
36119002000,36005027402,311,2021-06-28
36119002101,36005027402,125,2021-06-28
36119002104,36005027402,146,2021-06-28
36119002105,36005027402,653,2021-06-28
36119002600,36005027402,127,2021-06-28
36119004600,36005027402,274,2021-06-28
36119004800,36005027402,167,2021-06-28
36119005002,36005027402,348,2021-06-28
36119005100,36005027402,185,2021-06-28
36119005200,36005027402,139,2021-06-28
36119005500,36005027402,565,2021-06-28
36119005701,36005027402,583,2021-06-28
36119006000,36005027402,328,2021-06-28
36119006100,36005027402,163,2021-06-28
36119006600,36005027402,128,2021-06-28
36119006802,36005027402,351,2021-06-28
36119007600,36005027402,138,2021-06-28
36119007800,36005027402,153,2021-06-28
36119008000,36005027402,132,2021-06-28
36119008500,36005027402,131,2021-06-28
36119010903,36005027402,128,2021-06-28
36119013103,36005027402,129,2021-06-28
36119014809,36005027402,136,2021-06-28
34023006104,36005027402,110,2021-07-05
34025809301,36005027402,237,2021-07-05
34027040200,36005027402,179,2021-07-05
34037372700,36005027402,119,2021-07-05
36005001900,36005027402,240,2021-07-05
36005002800,36005027402,132,2021-07-05
36005004001,36005027402,123,2021-07-05
36005006300,36005027402,165,2021-07-05
36005009000,36005027402,1904,2021-07-05
36005009200,36005027402,256,2021-07-05
36005009600,36005027402,129,2021-07-05
36005011000,36005027402,376,2021-07-05
36005011800,36005027402,770,2021-07-05
36005012102,36005027402,200,2021-07-05
36005013000,36005027402,380,2021-07-05
36005013800,36005027402,247,2021-07-05
36005015200,36005027402,687,2021-07-05
36005015700,36005027402,170,2021-07-05
36005015800,36005027402,132,2021-07-05
36005016000,36005027402,149,2021-07-05
36005016100,36005027402,224,2021-07-05
36005016200,36005027402,267,2021-07-05
36005016400,36005027402,121,2021-07-05
36005016600,36005027402,107,2021-07-05
36005018400,36005027402,847,2021-07-05
36005020000,36005027402,657,2021-07-05
36005021601,36005027402,191,2021-07-05
36005022000,36005027402,123,2021-07-05
36005023200,36005027402,154,2021-07-05
36005024800,36005027402,107,2021-07-05
36005025000,36005027402,135,2021-07-05
36005025600,36005027402,123,2021-07-05
36005026602,36005027402,1806,2021-07-05
36005027401,36005027402,323,2021-07-05
36005027402,36005027402,1432,2021-07-05
36005027600,36005027402,211,2021-07-05
36005028400,36005027402,1033,2021-07-05
36005028600,36005027402,136,2021-07-05
36005028800,36005027402,120,2021-07-05
36005029600,36005027402,371,2021-07-05
36005030000,36005027402,1135,2021-07-05
36005031000,36005027402,138,2021-07-05
36005032400,36005027402,155,2021-07-05
36005037504,36005027402,220,2021-07-05
36005038302,36005027402,135,2021-07-05
36005046201,36005027402,655,2021-07-05
36005046202,36005027402,123,2021-07-05
36005050400,36005027402,566,2021-07-05
36047004300,36005027402,146,2021-07-05
36047011600,36005027402,153,2021-07-05
36047019100,36005027402,133,2021-07-05
36047021300,36005027402,152,2021-07-05
36047035200,36005027402,218,2021-07-05
36047058000,36005027402,288,2021-07-05
36047059800,36005027402,192,2021-07-05
36047120200,36005027402,163,2021-07-05
36047123700,36005027402,197,2021-07-05
36059301102,36005027402,111,2021-07-05
36059404800,36005027402,167,2021-07-05
36059416000,36005027402,124,2021-07-05
36061006800,36005027402,127,2021-07-05
36061007800,36005027402,155,2021-07-05
36061010602,36005027402,142,2021-07-05
36061011300,36005027402,111,2021-07-05
36061012400,36005027402,107,2021-07-05
36061013900,36005027402,158,2021-07-05
36061014300,36005027402,432,2021-07-05
36061015300,36005027402,154,2021-07-05
36061024200,36005027402,381,2021-07-05
36061028700,36005027402,150,2021-07-05
36061031703,36005027402,122,2021-07-05
36081004700,36005027402,114,2021-07-05
36081013400,36005027402,121,2021-07-05
36081038302,36005027402,643,2021-07-05
36081044400,36005027402,155,2021-07-05
36081047300,36005027402,113,2021-07-05
36081054200,36005027402,199,2021-07-05
36081055100,36005027402,176,2021-07-05
36081056700,36005027402,179,2021-07-05
36081057700,36005027402,147,2021-07-05
36081060300,36005027402,107,2021-07-05
36081070300,36005027402,107,2021-07-05
36081071600,36005027402,276,2021-07-05
36081086900,36005027402,141,2021-07-05
36081134700,36005027402,230,2021-07-05
36103110600,36005027402,211,2021-07-05
36119001403,36005027402,118,2021-07-05
36119001503,36005027402,136,2021-07-05
36119002000,36005027402,235,2021-07-05
36119002405,36005027402,107,2021-07-05
36119003400,36005027402,118,2021-07-05
36119004200,36005027402,164,2021-07-05
36119004600,36005027402,367,2021-07-05
36119005100,36005027402,305,2021-07-05
36119005300,36005027402,764,2021-07-05
36119005500,36005027402,316,2021-07-05
36119005701,36005027402,424,2021-07-05
36119006000,36005027402,314,2021-07-05
36119006802,36005027402,252,2021-07-05
36119006900,36005027402,366,2021-07-05
36119007100,36005027402,107,2021-07-05
36119007200,36005027402,264,2021-07-05
36119007600,36005027402,520,2021-07-05
36119007800,36005027402,107,2021-07-05
36119007900,36005027402,274,2021-07-05
36119008000,36005027402,258,2021-07-05
36119008301,36005027402,171,2021-07-05
36119009300,36005027402,107,2021-07-05
36119009702,36005027402,137,2021-07-05
36119010903,36005027402,124,2021-07-05
36119011000,36005027402,122,2021-07-05
36119012303,36005027402,261,2021-07-05
34003012001,36005027402,236,2021-07-12
34003019202,36005027402,144,2021-07-12
34013005700,36005027402,154,2021-07-12
34013980200,36005027402,239,2021-07-12
36005002702,36005027402,189,2021-07-12
36005002800,36005027402,175,2021-07-12
36005004400,36005027402,116,2021-07-12
36005005600,36005027402,190,2021-07-12
36005007000,36005027402,168,2021-07-12
36005007800,36005027402,126,2021-07-12
36005008500,36005027402,199,2021-07-12
36005008900,36005027402,136,2021-07-12
36005009000,36005027402,1647,2021-07-12
36005009200,36005027402,289,2021-07-12
36005009300,36005027402,179,2021-07-12
36005013100,36005027402,108,2021-07-12
36005013800,36005027402,129,2021-07-12
36005015200,36005027402,256,2021-07-12
36005015800,36005027402,410,2021-07-12
36005016000,36005027402,412,2021-07-12
36005016200,36005027402,299,2021-07-12
36005016400,36005027402,225,2021-07-12
36005017100,36005027402,169,2021-07-12
36005018400,36005027402,1169,2021-07-12
36005019400,36005027402,115,2021-07-12
36005020000,36005027402,399,2021-07-12
36005020200,36005027402,168,2021-07-12
36005021001,36005027402,145,2021-07-12
36005022200,36005027402,152,2021-07-12
36005023800,36005027402,301,2021-07-12
36005024000,36005027402,125,2021-07-12
36005024700,36005027402,165,2021-07-12
36005025400,36005027402,144,2021-07-12
36005026400,36005027402,293,2021-07-12
36005026601,36005027402,361,2021-07-12
36005026602,36005027402,2162,2021-07-12
36005027402,36005027402,1201,2021-07-12
36005027600,36005027402,170,2021-07-12
36005028400,36005027402,588,2021-07-12
36005028600,36005027402,171,2021-07-12
36005030000,36005027402,1042,2021-07-12
36005031000,36005027402,139,2021-07-12
36005033000,36005027402,230,2021-07-12
36005033400,36005027402,136,2021-07-12
36005034400,36005027402,134,2021-07-12
36005036100,36005027402,181,2021-07-12
36005037100,36005027402,186,2021-07-12
36005046201,36005027402,1126,2021-07-12
36005050400,36005027402,618,2021-07-12
36005051600,36005027402,288,2021-07-12
36047017700,36005027402,119,2021-07-12
36047021300,36005027402,169,2021-07-12
36047030900,36005027402,150,2021-07-12
36047033500,36005027402,169,2021-07-12
36047042900,36005027402,132,2021-07-12
36047044900,36005027402,146,2021-07-12
36059408300,36005027402,216,2021-07-12
36061000700,36005027402,108,2021-07-12
36061001502,36005027402,171,2021-07-12
36061003400,36005027402,135,2021-07-12
36061004700,36005027402,114,2021-07-12
36061005000,36005027402,124,2021-07-12
36061005600,36005027402,303,2021-07-12
36061010000,36005027402,108,2021-07-12
36061010100,36005027402,236,2021-07-12
36061010200,36005027402,185,2021-07-12
36061011203,36005027402,129,2021-07-12
36061011300,36005027402,289,2021-07-12
36061011900,36005027402,282,2021-07-12
36061013900,36005027402,182,2021-07-12
36061016100,36005027402,124,2021-07-12
36061030300,36005027402,189,2021-07-12
36079010800,36005027402,137,2021-07-12
36079011400,36005027402,140,2021-07-12
36079011800,36005027402,163,2021-07-12
36081011100,36005027402,211,2021-07-12
36081018402,36005027402,149,2021-07-12
36081020800,36005027402,167,2021-07-12
36081030904,36005027402,169,2021-07-12
36081036800,36005027402,142,2021-07-12
36081056700,36005027402,447,2021-07-12
36081063700,36005027402,142,2021-07-12
36081071600,36005027402,132,2021-07-12
36081087100,36005027402,483,2021-07-12
36081091900,36005027402,162,2021-07-12
36081092900,36005027402,108,2021-07-12
36081094500,36005027402,123,2021-07-12
36087011102,36005027402,143,2021-07-12
36087012101,36005027402,232,2021-07-12
36103159511,36005027402,119,2021-07-12
36119000401,36005027402,196,2021-07-12
36119000900,36005027402,131,2021-07-12
36119001700,36005027402,116,2021-07-12
36119002000,36005027402,312,2021-07-12
36119002105,36005027402,249,2021-07-12
36119002202,36005027402,175,2021-07-12
36119002600,36005027402,393,2021-07-12
36119003700,36005027402,167,2021-07-12
36119005002,36005027402,139,2021-07-12
36119005100,36005027402,227,2021-07-12
36119005300,36005027402,140,2021-07-12
36119005500,36005027402,108,2021-07-12
36119005701,36005027402,284,2021-07-12
36119006000,36005027402,1427,2021-07-12
36119006100,36005027402,125,2021-07-12
36119006300,36005027402,108,2021-07-12
36119006802,36005027402,425,2021-07-12
36119006900,36005027402,130,2021-07-12
36119007000,36005027402,116,2021-07-12
36119007600,36005027402,126,2021-07-12
36119008301,36005027402,133,2021-07-12
36119008500,36005027402,132,2021-07-12
36119008602,36005027402,265,2021-07-12
36119008902,36005027402,155,2021-07-12
36119009000,36005027402,132,2021-07-12
36119009300,36005027402,320,2021-07-12
36119011000,36005027402,127,2021-07-12
36119011500,36005027402,183,2021-07-12
36119014703,36005027402,133,2021-07-12
34003006300,36005027402,167,2021-07-19
34013980200,36005027402,116,2021-07-19
34025808300,36005027402,169,2021-07-19
34025808402,36005027402,98,2021-07-19
34025808701,36005027402,105,2021-07-19
34031223802,36005027402,147,2021-07-19
36005000400,36005027402,180,2021-07-19
36005001900,36005027402,162,2021-07-19
36005002800,36005027402,210,2021-07-19
36005003100,36005027402,134,2021-07-19
36005003500,36005027402,233,2021-07-19
36005006200,36005027402,151,2021-07-19
36005006300,36005027402,591,2021-07-19
36005007800,36005027402,150,2021-07-19
36005008600,36005027402,311,2021-07-19
36005009000,36005027402,1962,2021-07-19
36005009200,36005027402,285,2021-07-19
36005009600,36005027402,794,2021-07-19
36005011800,36005027402,148,2021-07-19
36005011900,36005027402,188,2021-07-19
36005013000,36005027402,235,2021-07-19
36005013100,36005027402,361,2021-07-19
36005013200,36005027402,120,2021-07-19
36005014400,36005027402,169,2021-07-19
36005015200,36005027402,518,2021-07-19
36005015500,36005027402,147,2021-07-19
36005015800,36005027402,164,2021-07-19
36005016000,36005027402,331,2021-07-19
36005016200,36005027402,293,2021-07-19
36005016400,36005027402,238,2021-07-19
36005016500,36005027402,127,2021-07-19
36005018400,36005027402,385,2021-07-19
36005019400,36005027402,159,2021-07-19
36005020000,36005027402,598,2021-07-19
36005020400,36005027402,143,2021-07-19
36005022000,36005027402,126,2021-07-19
36005022200,36005027402,175,2021-07-19
36005023200,36005027402,155,2021-07-19
36005023600,36005027402,179,2021-07-19
36005023800,36005027402,338,2021-07-19
36005024800,36005027402,213,2021-07-19
36005025400,36005027402,112,2021-07-19
36005026400,36005027402,344,2021-07-19
36005026601,36005027402,356,2021-07-19
36005026602,36005027402,2779,2021-07-19
36005027401,36005027402,932,2021-07-19
36005027402,36005027402,893,2021-07-19
36005027600,36005027402,348,2021-07-19
36005028400,36005027402,1022,2021-07-19
36005028800,36005027402,244,2021-07-19
36005029600,36005027402,324,2021-07-19
36005030000,36005027402,366,2021-07-19
36005031000,36005027402,145,2021-07-19
36005033000,36005027402,193,2021-07-19
36005036100,36005027402,352,2021-07-19
36005039700,36005027402,161,2021-07-19
36005042902,36005027402,109,2021-07-19
36005044901,36005027402,127,2021-07-19
36005046201,36005027402,1564,2021-07-19
36005050400,36005027402,512,2021-07-19
36005051600,36005027402,130,2021-07-19
36047021300,36005027402,185,2021-07-19
36047044900,36005027402,230,2021-07-19
36047057500,36005027402,153,2021-07-19
36059407301,36005027402,388,2021-07-19
36059407801,36005027402,218,2021-07-19
36061000700,36005027402,258,2021-07-19
36061001501,36005027402,151,2021-07-19
36061004300,36005027402,109,2021-07-19
36061005600,36005027402,141,2021-07-19
36061005700,36005027402,141,2021-07-19
36061006500,36005027402,126,2021-07-19
36061006800,36005027402,131,2021-07-19
36061007000,36005027402,121,2021-07-19
36061007600,36005027402,135,2021-07-19
36061010100,36005027402,155,2021-07-19
36061010400,36005027402,155,2021-07-19
36061011600,36005027402,354,2021-07-19
36061012700,36005027402,168,2021-07-19
36061012900,36005027402,114,2021-07-19
36061015200,36005027402,169,2021-07-19
36061031703,36005027402,149,2021-07-19
36081000100,36005027402,123,2021-07-19
36081004300,36005027402,225,2021-07-19
36081006900,36005027402,180,2021-07-19
36081015801,36005027402,234,2021-07-19
36081062900,36005027402,131,2021-07-19
36081063900,36005027402,139,2021-07-19
36081067900,36005027402,243,2021-07-19
36081070300,36005027402,164,2021-07-19
36081071600,36005027402,285,2021-07-19
36081090700,36005027402,218,2021-07-19
36081091900,36005027402,147,2021-07-19
36085017011,36005027402,131,2021-07-19
36087012600,36005027402,182,2021-07-19
36087013100,36005027402,268,2021-07-19
36103169704,36005027402,172,2021-07-19
36119000401,36005027402,176,2021-07-19
36119002000,36005027402,186,2021-07-19
36119002103,36005027402,188,2021-07-19
36119002405,36005027402,337,2021-07-19
36119002600,36005027402,158,2021-07-19
36119004600,36005027402,393,2021-07-19
36119005300,36005027402,223,2021-07-19
36119005500,36005027402,932,2021-07-19
36119005701,36005027402,780,2021-07-19
36119005902,36005027402,142,2021-07-19
36119006000,36005027402,709,2021-07-19
36119006100,36005027402,233,2021-07-19
36119006802,36005027402,693,2021-07-19
36119007200,36005027402,897,2021-07-19
36119007700,36005027402,136,2021-07-19
36119007800,36005027402,123,2021-07-19
36119007900,36005027402,143,2021-07-19
36119008301,36005027402,179,2021-07-19
36119008302,36005027402,246,2021-07-19
36119008902,36005027402,361,2021-07-19
36119009000,36005027402,145,2021-07-19
36119009400,36005027402,426,2021-07-19
36119010300,36005027402,130,2021-07-19
36119010500,36005027402,137,2021-07-19
36119010701,36005027402,213,2021-07-19
36119010903,36005027402,155,2021-07-19
36119011800,36005027402,195,2021-07-19
34003036100,36005027402,147,2021-07-26
34003059100,36005027402,120,2021-07-26
34013010000,36005027402,353,2021-07-26
34029739000,36005027402,271,2021-07-26
36005002500,36005027402,141,2021-07-26
36005003500,36005027402,166,2021-07-26
36005003900,36005027402,154,2021-07-26
36005004001,36005027402,123,2021-07-26
36005004400,36005027402,152,2021-07-26
36005007200,36005027402,143,2021-07-26
36005007800,36005027402,433,2021-07-26
36005009000,36005027402,2488,2021-07-26
36005009200,36005027402,391,2021-07-26
36005011800,36005027402,713,2021-07-26
36005013000,36005027402,130,2021-07-26
36005013200,36005027402,175,2021-07-26
36005014500,36005027402,135,2021-07-26
36005015200,36005027402,168,2021-07-26
36005015300,36005027402,129,2021-07-26
36005015500,36005027402,156,2021-07-26
36005015800,36005027402,135,2021-07-26
36005016000,36005027402,413,2021-07-26
36005016200,36005027402,318,2021-07-26
36005016400,36005027402,376,2021-07-26
36005016600,36005027402,148,2021-07-26
36005018400,36005027402,1666,2021-07-26
36005020000,36005027402,739,2021-07-26
36005022800,36005027402,132,2021-07-26
36005023301,36005027402,371,2021-07-26
36005024000,36005027402,172,2021-07-26
36005024600,36005027402,155,2021-07-26
36005026400,36005027402,1092,2021-07-26
36005026601,36005027402,706,2021-07-26
36005026602,36005027402,1869,2021-07-26
36005027401,36005027402,168,2021-07-26
36005027402,36005027402,2471,2021-07-26
36005027600,36005027402,188,2021-07-26
36005028400,36005027402,949,2021-07-26
36005028800,36005027402,165,2021-07-26
36005030000,36005027402,814,2021-07-26
36005031000,36005027402,221,2021-07-26
36005033400,36005027402,180,2021-07-26
36005036100,36005027402,354,2021-07-26
36005036300,36005027402,171,2021-07-26
36005039300,36005027402,199,2021-07-26
36005039700,36005027402,143,2021-07-26
36005040702,36005027402,175,2021-07-26
36005044901,36005027402,130,2021-07-26
36005046201,36005027402,1371,2021-07-26
36005046202,36005027402,131,2021-07-26
36005050400,36005027402,862,2021-07-26
36047019300,36005027402,354,2021-07-26
36047044900,36005027402,180,2021-07-26
36047056900,36005027402,164,2021-07-26
36047058200,36005027402,141,2021-07-26
36059302800,36005027402,118,2021-07-26
36059405400,36005027402,134,2021-07-26
36059416600,36005027402,166,2021-07-26
36061000500,36005027402,116,2021-07-26
36061000900,36005027402,119,2021-07-26
36061001002,36005027402,185,2021-07-26
36061003602,36005027402,144,2021-07-26
36061003700,36005027402,338,2021-07-26
36061005600,36005027402,164,2021-07-26
36061006200,36005027402,197,2021-07-26
36061006400,36005027402,135,2021-07-26
36061007000,36005027402,115,2021-07-26
36061007900,36005027402,126,2021-07-26
36061010200,36005027402,116,2021-07-26
36061010400,36005027402,132,2021-07-26
36061010800,36005027402,110,2021-07-26
36061013900,36005027402,166,2021-07-26
36079010500,36005027402,195,2021-07-26
36081007100,36005027402,236,2021-07-26
36081057700,36005027402,221,2021-07-26
36081071600,36005027402,246,2021-07-26
36081086900,36005027402,293,2021-07-26
36081092900,36005027402,281,2021-07-26
36081104700,36005027402,147,2021-07-26
36081112300,36005027402,135,2021-07-26
36085007000,36005027402,110,2021-07-26
36087011102,36005027402,351,2021-07-26
36103134702,36005027402,193,2021-07-26
36103135205,36005027402,253,2021-07-26
36103147004,36005027402,559,2021-07-26
36103159510,36005027402,855,2021-07-26
36103201004,36005027402,4090,2021-07-26
36119000701,36005027402,292,2021-07-26
36119000801,36005027402,131,2021-07-26
36119000900,36005027402,129,2021-07-26
36119001600,36005027402,254,2021-07-26
36119002000,36005027402,529,2021-07-26
36119002105,36005027402,289,2021-07-26
36119002106,36005027402,135,2021-07-26
36119002404,36005027402,122,2021-07-26
36119002600,36005027402,408,2021-07-26
36119004100,36005027402,163,2021-07-26
36119005002,36005027402,467,2021-07-26
36119005300,36005027402,280,2021-07-26
36119005400,36005027402,147,2021-07-26
36119005500,36005027402,690,2021-07-26
36119005701,36005027402,387,2021-07-26
36119005702,36005027402,247,2021-07-26
36119006000,36005027402,614,2021-07-26
36119006600,36005027402,119,2021-07-26
36119006802,36005027402,110,2021-07-26
36119007100,36005027402,125,2021-07-26
36119007200,36005027402,169,2021-07-26
36119007402,36005027402,299,2021-07-26
36119007700,36005027402,140,2021-07-26
36119007800,36005027402,295,2021-07-26
36119008000,36005027402,127,2021-07-26
36119009300,36005027402,110,2021-07-26
36119009400,36005027402,182,2021-07-26
36119010100,36005027402,123,2021-07-26
36119010701,36005027402,261,2021-07-26
36119010702,36005027402,110,2021-07-26
36119010803,36005027402,118,2021-07-26
36119011400,36005027402,241,2021-07-26
36119013600,36005027402,404,2021-07-26
36119981000,36005027402,240,2021-07-26
34025807003,36005027402,120,2021-08-02
36005002800,36005027402,125,2021-08-02
36005004200,36005027402,144,2021-08-02
36005005002,36005027402,128,2021-08-02
36005006300,36005027402,315,2021-08-02
36005007800,36005027402,128,2021-08-02
36005008500,36005027402,154,2021-08-02
36005008600,36005027402,256,2021-08-02
36005009000,36005027402,1945,2021-08-02
36005009300,36005027402,173,2021-08-02
36005009600,36005027402,693,2021-08-02
36005011000,36005027402,216,2021-08-02
36005011502,36005027402,251,2021-08-02
36005011800,36005027402,1317,2021-08-02
36005013000,36005027402,161,2021-08-02
36005013200,36005027402,489,2021-08-02
36005013800,36005027402,409,2021-08-02
36005015200,36005027402,1120,2021-08-02
36005015500,36005027402,207,2021-08-02
36005015800,36005027402,198,2021-08-02
36005016000,36005027402,435,2021-08-02
36005016200,36005027402,397,2021-08-02
36005016400,36005027402,242,2021-08-02
36005016600,36005027402,139,2021-08-02
36005018400,36005027402,1141,2021-08-02
36005018900,36005027402,130,2021-08-02
36005019400,36005027402,406,2021-08-02
36005019500,36005027402,160,2021-08-02
36005020000,36005027402,129,2021-08-02
36005020400,36005027402,160,2021-08-02
36005020501,36005027402,230,2021-08-02
36005021502,36005027402,195,2021-08-02
36005022000,36005027402,128,2021-08-02
36005022701,36005027402,185,2021-08-02
36005022703,36005027402,195,2021-08-02
36005023600,36005027402,235,2021-08-02
36005023800,36005027402,141,2021-08-02
36005024800,36005027402,127,2021-08-02
36005025400,36005027402,119,2021-08-02
36005025600,36005027402,147,2021-08-02
36005026400,36005027402,1009,2021-08-02
36005026601,36005027402,116,2021-08-02
36005026602,36005027402,2778,2021-08-02
36005027402,36005027402,1225,2021-08-02
36005028400,36005027402,950,2021-08-02
36005028600,36005027402,345,2021-08-02
36005028800,36005027402,292,2021-08-02
36005030000,36005027402,1008,2021-08-02
36005031000,36005027402,149,2021-08-02
36005039300,36005027402,156,2021-08-02
36005046000,36005027402,175,2021-08-02
36005046201,36005027402,1541,2021-08-02
36005050400,36005027402,831,2021-08-02
36047041800,36005027402,161,2021-08-02
36047044900,36005027402,371,2021-08-02
36047060000,36005027402,133,2021-08-02
36047102800,36005027402,477,2021-08-02
36047120200,36005027402,191,2021-08-02
36059301101,36005027402,167,2021-08-02
36059303700,36005027402,233,2021-08-02
36059405302,36005027402,122,2021-08-02
36059407301,36005027402,136,2021-08-02
36059412400,36005027402,146,2021-08-02
36061000700,36005027402,307,2021-08-02
36061002601,36005027402,199,2021-08-02
36061002800,36005027402,255,2021-08-02
36061005600,36005027402,150,2021-08-02
36061008200,36005027402,139,2021-08-02
36061009900,36005027402,119,2021-08-02
36061010100,36005027402,137,2021-08-02
36061010602,36005027402,162,2021-08-02
36061011203,36005027402,344,2021-08-02
36061011300,36005027402,152,2021-08-02
36061013900,36005027402,216,2021-08-02
36061017800,36005027402,161,2021-08-02
36061018200,36005027402,215,2021-08-02
36061018800,36005027402,157,2021-08-02
36061031900,36005027402,136,2021-08-02
36079011800,36005027402,171,2021-08-02
36081055700,36005027402,135,2021-08-02
36081057700,36005027402,228,2021-08-02
36081063700,36005027402,194,2021-08-02
36081068300,36005027402,143,2021-08-02
36081071600,36005027402,341,2021-08-02
36081092900,36005027402,265,2021-08-02
36087011102,36005027402,478,2021-08-02
36087011700,36005027402,115,2021-08-02
36087013100,36005027402,491,2021-08-02
36103122801,36005027402,221,2021-08-02
36103158712,36005027402,132,2021-08-02
36119000801,36005027402,121,2021-08-02
36119001600,36005027402,233,2021-08-02
36119002000,36005027402,576,2021-08-02
36119002105,36005027402,399,2021-08-02
36119002600,36005027402,602,2021-08-02
36119004600,36005027402,255,2021-08-02
36119005100,36005027402,152,2021-08-02
36119005200,36005027402,231,2021-08-02
36119005300,36005027402,155,2021-08-02
36119005500,36005027402,170,2021-08-02
36119005701,36005027402,434,2021-08-02
36119005902,36005027402,360,2021-08-02
36119006000,36005027402,803,2021-08-02
36119006802,36005027402,328,2021-08-02
36119006900,36005027402,408,2021-08-02
36119007200,36005027402,123,2021-08-02
36119007800,36005027402,302,2021-08-02
36119008301,36005027402,490,2021-08-02
36119010600,36005027402,259,2021-08-02
36119010701,36005027402,164,2021-08-02
36119010702,36005027402,176,2021-08-02
36119010801,36005027402,195,2021-08-02
36119010903,36005027402,172,2021-08-02
36119013600,36005027402,212,2021-08-02
34003019202,36005027402,103,2021-08-09
34003030100,36005027402,135,2021-08-09
34003045200,36005027402,96,2021-08-09
34013010500,36005027402,149,2021-08-09
34023000603,36005027402,156,2021-08-09
34023001701,36005027402,116,2021-08-09
34023002901,36005027402,101,2021-08-09
34025805100,36005027402,176,2021-08-09
34031124401,36005027402,95,2021-08-09
34031124602,36005027402,122,2021-08-09
36005004200,36005027402,164,2021-08-09
36005008300,36005027402,195,2021-08-09
36005009000,36005027402,1870,2021-08-09
36005009200,36005027402,141,2021-08-09
36005009300,36005027402,146,2021-08-09
36005009600,36005027402,274,2021-08-09
36005011800,36005027402,897,2021-08-09
36005013200,36005027402,988,2021-08-09
36005013800,36005027402,284,2021-08-09
36005014400,36005027402,225,2021-08-09
36005015200,36005027402,1017,2021-08-09
36005016000,36005027402,151,2021-08-09
36005016200,36005027402,278,2021-08-09
36005016600,36005027402,774,2021-08-09
36005016900,36005027402,153,2021-08-09
36005018400,36005027402,1537,2021-08-09
36005020000,36005027402,1098,2021-08-09
36005022200,36005027402,136,2021-08-09
36005023600,36005027402,214,2021-08-09
36005026400,36005027402,1215,2021-08-09
36005026601,36005027402,112,2021-08-09
36005026602,36005027402,3016,2021-08-09
36005027401,36005027402,740,2021-08-09
36005027402,36005027402,2704,2021-08-09
36005027600,36005027402,185,2021-08-09
36005028400,36005027402,1170,2021-08-09
36005028600,36005027402,140,2021-08-09
36005028800,36005027402,146,2021-08-09
36005029600,36005027402,135,2021-08-09
36005030000,36005027402,1118,2021-08-09
36005031000,36005027402,257,2021-08-09
36005034400,36005027402,141,2021-08-09
36005036000,36005027402,144,2021-08-09
36005036100,36005027402,483,2021-08-09
36005036300,36005027402,147,2021-08-09
36005038100,36005027402,204,2021-08-09
36005038700,36005027402,151,2021-08-09
36005038900,36005027402,145,2021-08-09
36005039700,36005027402,169,2021-08-09
36005046201,36005027402,1990,2021-08-09
36005050400,36005027402,605,2021-08-09
36005051600,36005027402,581,2021-08-09
36047044900,36005027402,204,2021-08-09
36047120200,36005027402,394,2021-08-09
36059303600,36005027402,162,2021-08-09
36059303700,36005027402,180,2021-08-09
36059410400,36005027402,171,2021-08-09
36059416900,36005027402,326,2021-08-09
36061000500,36005027402,132,2021-08-09
36061000700,36005027402,243,2021-08-09
36061000900,36005027402,312,2021-08-09
36061003200,36005027402,278,2021-08-09
36061003300,36005027402,137,2021-08-09
36061005700,36005027402,157,2021-08-09
36061006100,36005027402,135,2021-08-09
36061006800,36005027402,117,2021-08-09
36061007900,36005027402,117,2021-08-09
36061008100,36005027402,144,2021-08-09
36061008300,36005027402,306,2021-08-09
36061009400,36005027402,157,2021-08-09
36061009900,36005027402,117,2021-08-09
36061010100,36005027402,370,2021-08-09
36061010300,36005027402,137,2021-08-09
36061011300,36005027402,146,2021-08-09
36061013800,36005027402,187,2021-08-09
36061013900,36005027402,228,2021-08-09
36061014300,36005027402,290,2021-08-09
36061014601,36005027402,121,2021-08-09
36061017200,36005027402,154,2021-08-09
36081004300,36005027402,228,2021-08-09
36081007700,36005027402,118,2021-08-09
36081021200,36005027402,127,2021-08-09
36081025500,36005027402,142,2021-08-09
36081037500,36005027402,165,2021-08-09
36081038302,36005027402,119,2021-08-09
36081053100,36005027402,128,2021-08-09
36081056700,36005027402,156,2021-08-09
36081087100,36005027402,287,2021-08-09
36081090700,36005027402,162,2021-08-09
36081156700,36005027402,183,2021-08-09
36085005000,36005027402,138,2021-08-09
36085027702,36005027402,119,2021-08-09
36087013100,36005027402,264,2021-08-09
36103146901,36005027402,151,2021-08-09
36103158712,36005027402,262,2021-08-09
36119000900,36005027402,129,2021-08-09
36119001303,36005027402,155,2021-08-09
36119002000,36005027402,428,2021-08-09
36119002101,36005027402,131,2021-08-09
36119002105,36005027402,157,2021-08-09
36119002600,36005027402,249,2021-08-09
36119005002,36005027402,620,2021-08-09
36119005300,36005027402,367,2021-08-09
36119005500,36005027402,542,2021-08-09
36119005701,36005027402,534,2021-08-09
36119005902,36005027402,175,2021-08-09
36119006000,36005027402,560,2021-08-09
36119006600,36005027402,135,2021-08-09
36119006802,36005027402,287,2021-08-09
36119007100,36005027402,339,2021-08-09
36119007402,36005027402,112,2021-08-09
36119007600,36005027402,415,2021-08-09
36119007700,36005027402,235,2021-08-09
36119008301,36005027402,478,2021-08-09
36119008403,36005027402,199,2021-08-09
36119008602,36005027402,146,2021-08-09
36119008800,36005027402,149,2021-08-09
36119009400,36005027402,313,2021-08-09
36119009800,36005027402,131,2021-08-09
36119010801,36005027402,441,2021-08-09
36119013000,36005027402,133,2021-08-09
36119013103,36005027402,121,2021-08-09
36119014701,36005027402,123,2021-08-09
34023008202,36005027402,112,2021-08-16
34025805800,36005027402,200,2021-08-16
34025808600,36005027402,95,2021-08-16
34025809301,36005027402,224,2021-08-16
34039038400,36005027402,123,2021-08-16
36005001900,36005027402,129,2021-08-16
36005004001,36005027402,168,2021-08-16
36005004200,36005027402,147,2021-08-16
36005004400,36005027402,296,2021-08-16
36005006300,36005027402,965,2021-08-16
36005007800,36005027402,327,2021-08-16
36005008600,36005027402,199,2021-08-16
36005009000,36005027402,1783,2021-08-16
36005009200,36005027402,295,2021-08-16
36005009600,36005027402,382,2021-08-16
36005011700,36005027402,292,2021-08-16
36005011800,36005027402,211,2021-08-16
36005012300,36005027402,199,2021-08-16
36005015200,36005027402,403,2021-08-16
36005015800,36005027402,592,2021-08-16
36005016000,36005027402,320,2021-08-16
36005016200,36005027402,508,2021-08-16
36005016400,36005027402,112,2021-08-16
36005016600,36005027402,534,2021-08-16
36005018400,36005027402,1127,2021-08-16
36005019400,36005027402,150,2021-08-16
36005022200,36005027402,288,2021-08-16
36005022403,36005027402,159,2021-08-16
36005023800,36005027402,225,2021-08-16
36005024000,36005027402,142,2021-08-16
36005025000,36005027402,112,2021-08-16
36005025200,36005027402,158,2021-08-16
36005026400,36005027402,813,2021-08-16
36005026601,36005027402,311,2021-08-16
36005026602,36005027402,2122,2021-08-16
36005027401,36005027402,163,2021-08-16
36005027402,36005027402,1991,2021-08-16
36005027600,36005027402,169,2021-08-16
36005028400,36005027402,1181,2021-08-16
36005028600,36005027402,242,2021-08-16
36005030000,36005027402,724,2021-08-16
36005031000,36005027402,146,2021-08-16
36005033400,36005027402,269,2021-08-16
36005038900,36005027402,125,2021-08-16
36005039500,36005027402,132,2021-08-16
36005044400,36005027402,315,2021-08-16
36005046201,36005027402,1106,2021-08-16
36005046202,36005027402,147,2021-08-16
36005050400,36005027402,1006,2021-08-16
36005051600,36005027402,209,2021-08-16
36059407301,36005027402,259,2021-08-16
36059416000,36005027402,130,2021-08-16
36061000201,36005027402,129,2021-08-16
36061000900,36005027402,154,2021-08-16
36061001502,36005027402,181,2021-08-16
36061003700,36005027402,234,2021-08-16
36061005600,36005027402,123,2021-08-16
36061006800,36005027402,115,2021-08-16
36061008300,36005027402,148,2021-08-16
36061009100,36005027402,162,2021-08-16
36061009700,36005027402,112,2021-08-16
36061010100,36005027402,135,2021-08-16
36061012900,36005027402,249,2021-08-16
36061014200,36005027402,131,2021-08-16
36061014300,36005027402,433,2021-08-16
36061014500,36005027402,124,2021-08-16
36061014802,36005027402,135,2021-08-16
36061017200,36005027402,153,2021-08-16
36061020800,36005027402,216,2021-08-16
36081004300,36005027402,209,2021-08-16
36081004500,36005027402,118,2021-08-16
36081006100,36005027402,140,2021-08-16
36081007700,36005027402,125,2021-08-16
36081032000,36005027402,303,2021-08-16
36081071600,36005027402,457,2021-08-16
36081086900,36005027402,239,2021-08-16
36085005000,36005027402,140,2021-08-16
36087011700,36005027402,117,2021-08-16
36087013100,36005027402,288,2021-08-16
36103124402,36005027402,125,2021-08-16
36103145803,36005027402,211,2021-08-16
36103158304,36005027402,307,2021-08-16
36103159412,36005027402,123,2021-08-16
36103169704,36005027402,290,2021-08-16
36103190707,36005027402,206,2021-08-16
36119000900,36005027402,130,2021-08-16
36119002000,36005027402,118,2021-08-16
36119002105,36005027402,128,2021-08-16
36119002402,36005027402,138,2021-08-16
36119002600,36005027402,318,2021-08-16
36119004600,36005027402,168,2021-08-16
36119005002,36005027402,450,2021-08-16
36119005100,36005027402,173,2021-08-16
36119005300,36005027402,164,2021-08-16
36119005500,36005027402,269,2021-08-16
36119005701,36005027402,505,2021-08-16
36119006000,36005027402,648,2021-08-16
36119006200,36005027402,137,2021-08-16
36119006802,36005027402,376,2021-08-16
36119006900,36005027402,137,2021-08-16
36119007000,36005027402,172,2021-08-16
36119008602,36005027402,147,2021-08-16
36119009300,36005027402,130,2021-08-16
36119009400,36005027402,477,2021-08-16
36119012102,36005027402,218,2021-08-16
36119012301,36005027402,112,2021-08-16
36119014100,36005027402,134,2021-08-16
34003012001,36005027402,479,2021-08-23
34003013001,36005027402,135,2021-08-23
34003046200,36005027402,222,2021-08-23
34029717300,36005027402,125,2021-08-23
34031264102,36005027402,158,2021-08-23
34039039800,36005027402,285,2021-08-23
36005004001,36005027402,142,2021-08-23
36005008700,36005027402,166,2021-08-23
36005009000,36005027402,1849,2021-08-23
36005009600,36005027402,497,2021-08-23
36005011800,36005027402,448,2021-08-23
36005013000,36005027402,272,2021-08-23
36005013800,36005027402,264,2021-08-23
36005015200,36005027402,565,2021-08-23
36005015800,36005027402,127,2021-08-23
36005016200,36005027402,246,2021-08-23
36005016400,36005027402,126,2021-08-23
36005016600,36005027402,172,2021-08-23
36005018400,36005027402,1163,2021-08-23
36005020000,36005027402,123,2021-08-23
36005021900,36005027402,125,2021-08-23
36005022000,36005027402,111,2021-08-23
36005025400,36005027402,327,2021-08-23
36005025600,36005027402,111,2021-08-23
36005026400,36005027402,1099,2021-08-23
36005026601,36005027402,916,2021-08-23
36005026602,36005027402,1547,2021-08-23
36005027401,36005027402,517,2021-08-23
36005027402,36005027402,1377,2021-08-23
36005028300,36005027402,122,2021-08-23
36005028400,36005027402,1586,2021-08-23
36005028600,36005027402,186,2021-08-23
36005030000,36005027402,657,2021-08-23
36005033000,36005027402,220,2021-08-23
36005036100,36005027402,221,2021-08-23
36005037100,36005027402,157,2021-08-23
36005046201,36005027402,2388,2021-08-23
36005050400,36005027402,684,2021-08-23
36005051600,36005027402,119,2021-08-23
36047044900,36005027402,329,2021-08-23
36047051500,36005027402,144,2021-08-23
36059518600,36005027402,153,2021-08-23
36061000201,36005027402,126,2021-08-23
36061001502,36005027402,111,2021-08-23
36061003200,36005027402,136,2021-08-23
36061006800,36005027402,224,2021-08-23
36061010100,36005027402,166,2021-08-23
36061011202,36005027402,147,2021-08-23
36061011300,36005027402,122,2021-08-23
36061012500,36005027402,125,2021-08-23
36061012800,36005027402,150,2021-08-23
36061014000,36005027402,129,2021-08-23
36061014500,36005027402,230,2021-08-23
36061016500,36005027402,111,2021-08-23
36061019600,36005027402,124,2021-08-23
36081004500,36005027402,160,2021-08-23
36081006100,36005027402,139,2021-08-23
36081010701,36005027402,174,2021-08-23
36081015500,36005027402,129,2021-08-23
36081038302,36005027402,651,2021-08-23
36081054900,36005027402,137,2021-08-23
36081056700,36005027402,130,2021-08-23
36081071600,36005027402,138,2021-08-23
36081073700,36005027402,286,2021-08-23
36081076901,36005027402,320,2021-08-23
36081087100,36005027402,122,2021-08-23
36081092900,36005027402,175,2021-08-23
36087011102,36005027402,123,2021-08-23
36103110901,36005027402,134,2021-08-23
36103146901,36005027402,149,2021-08-23
36103158712,36005027402,132,2021-08-23
36103169704,36005027402,111,2021-08-23
36119000801,36005027402,111,2021-08-23
36119002000,36005027402,664,2021-08-23
36119002104,36005027402,143,2021-08-23
36119002105,36005027402,328,2021-08-23
36119002404,36005027402,133,2021-08-23
36119002600,36005027402,629,2021-08-23
36119003300,36005027402,118,2021-08-23
36119004600,36005027402,120,2021-08-23
36119005002,36005027402,164,2021-08-23
36119005100,36005027402,297,2021-08-23
36119005200,36005027402,389,2021-08-23
36119005300,36005027402,167,2021-08-23
36119005500,36005027402,384,2021-08-23
36119005701,36005027402,264,2021-08-23
36119005902,36005027402,176,2021-08-23
36119006000,36005027402,133,2021-08-23
36119006802,36005027402,144,2021-08-23
36119006900,36005027402,153,2021-08-23
36119007000,36005027402,164,2021-08-23
36119007100,36005027402,310,2021-08-23
36119007300,36005027402,134,2021-08-23
36119007600,36005027402,482,2021-08-23
36119008000,36005027402,121,2021-08-23
36119008100,36005027402,132,2021-08-23
36119008301,36005027402,195,2021-08-23
36119008602,36005027402,522,2021-08-23
36119009300,36005027402,143,2021-08-23
36119009400,36005027402,740,2021-08-23
36119009800,36005027402,201,2021-08-23
36119010701,36005027402,163,2021-08-23
36119012200,36005027402,146,2021-08-23
36119012303,36005027402,142,2021-08-23
34003021200,36005027402,97,2021-08-30
34025807003,36005027402,107,2021-08-30
36005001900,36005027402,204,2021-08-30
36005004400,36005027402,128,2021-08-30
36005006200,36005027402,161,2021-08-30
36005006300,36005027402,792,2021-08-30
36005007200,36005027402,210,2021-08-30
36005008600,36005027402,187,2021-08-30
36005009000,36005027402,1359,2021-08-30
36005009200,36005027402,251,2021-08-30
36005009300,36005027402,357,2021-08-30
36005009600,36005027402,710,2021-08-30
36005011800,36005027402,207,2021-08-30
36005013000,36005027402,128,2021-08-30
36005013100,36005027402,320,2021-08-30
36005013200,36005027402,174,2021-08-30
36005013800,36005027402,392,2021-08-30
36005014400,36005027402,177,2021-08-30
36005015200,36005027402,965,2021-08-30
36005015800,36005027402,133,2021-08-30
36005015900,36005027402,210,2021-08-30
36005016000,36005027402,678,2021-08-30
36005016200,36005027402,296,2021-08-30
36005016400,36005027402,117,2021-08-30
36005018400,36005027402,1133,2021-08-30
36005019400,36005027402,444,2021-08-30
36005019500,36005027402,112,2021-08-30
36005020000,36005027402,701,2021-08-30
36005020200,36005027402,252,2021-08-30
36005022403,36005027402,142,2021-08-30
36005023600,36005027402,206,2021-08-30
36005024400,36005027402,147,2021-08-30
36005025200,36005027402,272,2021-08-30
36005026400,36005027402,935,2021-08-30
36005026601,36005027402,458,2021-08-30
36005026602,36005027402,3593,2021-08-30
36005027401,36005027402,412,2021-08-30
36005027402,36005027402,745,2021-08-30
36005027600,36005027402,172,2021-08-30
36005028400,36005027402,977,2021-08-30
36005028800,36005027402,473,2021-08-30
36005029600,36005027402,188,2021-08-30
36005030000,36005027402,1168,2021-08-30
36005031000,36005027402,265,2021-08-30
36005039700,36005027402,499,2021-08-30
36005040501,36005027402,172,2021-08-30
36005046000,36005027402,230,2021-08-30
36005046201,36005027402,1906,2021-08-30
36005046202,36005027402,141,2021-08-30
36005050400,36005027402,281,2021-08-30
36005051600,36005027402,461,2021-08-30
36047012901,36005027402,125,2021-08-30
36047044900,36005027402,235,2021-08-30
36047055100,36005027402,112,2021-08-30
36047055400,36005027402,190,2021-08-30
36047056100,36005027402,155,2021-08-30
36059302101,36005027402,125,2021-08-30
36059302800,36005027402,130,2021-08-30
36059414502,36005027402,127,2021-08-30
36061000700,36005027402,130,2021-08-30
36061003400,36005027402,161,2021-08-30
36061005000,36005027402,119,2021-08-30
36061006800,36005027402,181,2021-08-30
36061006900,36005027402,197,2021-08-30
36061007200,36005027402,332,2021-08-30
36061007600,36005027402,117,2021-08-30
36061008000,36005027402,137,2021-08-30
36061010601,36005027402,219,2021-08-30
36061012200,36005027402,129,2021-08-30
36061014300,36005027402,178,2021-08-30
36061015801,36005027402,155,2021-08-30
36061019400,36005027402,200,2021-08-30
36061019600,36005027402,329,2021-08-30
36061019800,36005027402,152,2021-08-30
36061023600,36005027402,134,2021-08-30
36061025100,36005027402,158,2021-08-30
36061025500,36005027402,239,2021-08-30
36061030900,36005027402,151,2021-08-30
36081004300,36005027402,239,2021-08-30
36081004500,36005027402,153,2021-08-30
36081007700,36005027402,143,2021-08-30
36081014300,36005027402,126,2021-08-30
36081015801,36005027402,225,2021-08-30
36081020800,36005027402,172,2021-08-30
36081057700,36005027402,451,2021-08-30
36081073700,36005027402,118,2021-08-30
36081076901,36005027402,263,2021-08-30
36081086900,36005027402,149,2021-08-30
36081090700,36005027402,188,2021-08-30
36081092900,36005027402,188,2021-08-30
36081142900,36005027402,179,2021-08-30
36087013100,36005027402,269,2021-08-30
36119001600,36005027402,215,2021-08-30
36119002000,36005027402,365,2021-08-30
36119002404,36005027402,126,2021-08-30
36119002600,36005027402,440,2021-08-30
36119004800,36005027402,135,2021-08-30
36119005500,36005027402,244,2021-08-30
36119005702,36005027402,124,2021-08-30
36119005800,36005027402,150,2021-08-30
36119005902,36005027402,151,2021-08-30
36119006000,36005027402,882,2021-08-30
36119006802,36005027402,167,2021-08-30
36119007000,36005027402,122,2021-08-30
36119007100,36005027402,329,2021-08-30
36119007200,36005027402,372,2021-08-30
36119007600,36005027402,186,2021-08-30
36119008000,36005027402,126,2021-08-30
36119008602,36005027402,771,2021-08-30
36119009400,36005027402,484,2021-08-30
36119009702,36005027402,117,2021-08-30
36119009800,36005027402,172,2021-08-30
36119010100,36005027402,120,2021-08-30
36119013600,36005027402,338,2021-08-30
36119014703,36005027402,146,2021-08-30
36119014811,36005027402,131,2021-08-30
36119985000,36005027402,553,2021-08-30
34003012001,36005027402,268,2021-09-06
34003023100,36005027402,114,2021-09-06
34013021701,36005027402,161,2021-09-06
34013980200,36005027402,210,2021-09-06
34025808900,36005027402,95,2021-09-06
34031182500,36005027402,165,2021-09-06
36005002800,36005027402,149,2021-09-06
36005004001,36005027402,397,2021-09-06
36005004200,36005027402,149,2021-09-06
36005004600,36005027402,310,2021-09-06
36005006300,36005027402,324,2021-09-06
36005006500,36005027402,181,2021-09-06
36005007800,36005027402,149,2021-09-06
36005008600,36005027402,195,2021-09-06
36005009000,36005027402,1597,2021-09-06
36005009200,36005027402,121,2021-09-06
36005009300,36005027402,169,2021-09-06
36005009600,36005027402,147,2021-09-06
36005011800,36005027402,537,2021-09-06
36005012101,36005027402,175,2021-09-06
36005013000,36005027402,302,2021-09-06
36005013100,36005027402,251,2021-09-06
36005013200,36005027402,1059,2021-09-06
36005015200,36005027402,1208,2021-09-06
36005015800,36005027402,134,2021-09-06
36005016000,36005027402,199,2021-09-06
36005016200,36005027402,133,2021-09-06
36005016600,36005027402,128,2021-09-06
36005018400,36005027402,819,2021-09-06
36005018900,36005027402,166,2021-09-06
36005019400,36005027402,285,2021-09-06
36005020000,36005027402,445,2021-09-06
36005021900,36005027402,169,2021-09-06
36005022200,36005027402,134,2021-09-06
36005023600,36005027402,223,2021-09-06
36005023800,36005027402,113,2021-09-06
36005024600,36005027402,172,2021-09-06
36005025100,36005027402,130,2021-09-06
36005025200,36005027402,168,2021-09-06
36005025400,36005027402,170,2021-09-06
36005026400,36005027402,568,2021-09-06
36005026601,36005027402,507,2021-09-06
36005026602,36005027402,1804,2021-09-06
36005026701,36005027402,160,2021-09-06
36005027401,36005027402,327,2021-09-06
36005027402,36005027402,1845,2021-09-06
36005027600,36005027402,342,2021-09-06
36005028400,36005027402,1000,2021-09-06
36005028800,36005027402,175,2021-09-06
36005028900,36005027402,126,2021-09-06
36005029600,36005027402,573,2021-09-06
36005030000,36005027402,1664,2021-09-06
36005031000,36005027402,142,2021-09-06
36005031600,36005027402,130,2021-09-06
36005033400,36005027402,164,2021-09-06
36005035900,36005027402,118,2021-09-06
36005036100,36005027402,353,2021-09-06
36005036300,36005027402,175,2021-09-06
36005037100,36005027402,167,2021-09-06
36005039300,36005027402,134,2021-09-06
36005039700,36005027402,506,2021-09-06
36005042300,36005027402,186,2021-09-06
36005046000,36005027402,185,2021-09-06
36005046201,36005027402,2294,2021-09-06
36005046202,36005027402,136,2021-09-06
36005051600,36005027402,148,2021-09-06
36047003300,36005027402,126,2021-09-06
36047003500,36005027402,125,2021-09-06
36047032700,36005027402,138,2021-09-06
36047035200,36005027402,676,2021-09-06
36047036700,36005027402,151,2021-09-06
36047051900,36005027402,146,2021-09-06
36047055300,36005027402,113,2021-09-06
36059300600,36005027402,231,2021-09-06
36059407900,36005027402,159,2021-09-06
36059519300,36005027402,159,2021-09-06
36059519802,36005027402,153,2021-09-06
36061001800,36005027402,113,2021-09-06
36061005600,36005027402,146,2021-09-06
36061006100,36005027402,124,2021-09-06
36061007700,36005027402,167,2021-09-06
36061009400,36005027402,148,2021-09-06
36061010100,36005027402,165,2021-09-06
36061011203,36005027402,170,2021-09-06
36061011600,36005027402,179,2021-09-06
36061014500,36005027402,150,2021-09-06
36061016002,36005027402,235,2021-09-06
36061016800,36005027402,408,2021-09-06
36081035700,36005027402,243,2021-09-06
36081035800,36005027402,178,2021-09-06
36081038302,36005027402,388,2021-09-06
36081061301,36005027402,152,2021-09-06
36081084900,36005027402,142,2021-09-06
36081090700,36005027402,120,2021-09-06
36081092900,36005027402,211,2021-09-06
36081114100,36005027402,113,2021-09-06
36081117100,36005027402,140,2021-09-06
36081146700,36005027402,126,2021-09-06
36087012600,36005027402,151,2021-09-06
36087013003,36005027402,270,2021-09-06
36087013100,36005027402,200,2021-09-06
36103158712,36005027402,131,2021-09-06
36119000802,36005027402,180,2021-09-06
36119001700,36005027402,142,2021-09-06
36119002000,36005027402,266,2021-09-06
36119002105,36005027402,592,2021-09-06
36119002402,36005027402,127,2021-09-06
36119002404,36005027402,139,2021-09-06
36119002600,36005027402,261,2021-09-06
36119003300,36005027402,121,2021-09-06
36119005002,36005027402,368,2021-09-06
36119005200,36005027402,217,2021-09-06
36119005300,36005027402,158,2021-09-06
36119005500,36005027402,700,2021-09-06
36119005701,36005027402,349,2021-09-06
36119006000,36005027402,969,2021-09-06
36119006100,36005027402,120,2021-09-06
36119006400,36005027402,159,2021-09-06
36119006600,36005027402,152,2021-09-06
36119006802,36005027402,283,2021-09-06
36119007100,36005027402,195,2021-09-06
36119007200,36005027402,170,2021-09-06
36119007700,36005027402,142,2021-09-06
36119007800,36005027402,142,2021-09-06
36119007900,36005027402,113,2021-09-06
36119008100,36005027402,119,2021-09-06
36119008301,36005027402,128,2021-09-06
36119008602,36005027402,746,2021-09-06
36119009400,36005027402,249,2021-09-06
36119009600,36005027402,242,2021-09-06
36119010701,36005027402,244,2021-09-06
36119010803,36005027402,247,2021-09-06
36119010902,36005027402,134,2021-09-06
36119013900,36005027402,265,2021-09-06
36119014809,36005027402,123,2021-09-06
34003012001,36005027402,688,2021-09-13
34003015500,36005027402,99,2021-09-13
34003036100,36005027402,152,2021-09-13
34003041301,36005027402,92,2021-09-13
34023002000,36005027402,124,2021-09-13
34025808800,36005027402,124,2021-09-13
36005001900,36005027402,390,2021-09-13
36005002800,36005027402,139,2021-09-13
36005004600,36005027402,129,2021-09-13
36005004800,36005027402,126,2021-09-13
36005008300,36005027402,156,2021-09-13
36005008900,36005027402,160,2021-09-13
36005009000,36005027402,1346,2021-09-13
36005009200,36005027402,175,2021-09-13
36005009300,36005027402,149,2021-09-13
36005009600,36005027402,148,2021-09-13
36005013200,36005027402,858,2021-09-13
36005013500,36005027402,181,2021-09-13
36005013800,36005027402,149,2021-09-13
36005015200,36005027402,1275,2021-09-13
36005015800,36005027402,265,2021-09-13
36005016000,36005027402,297,2021-09-13
36005016200,36005027402,333,2021-09-13
36005016600,36005027402,270,2021-09-13
36005017300,36005027402,165,2021-09-13
36005018400,36005027402,617,2021-09-13
36005019400,36005027402,147,2021-09-13
36005020000,36005027402,654,2021-09-13
36005022000,36005027402,156,2021-09-13
36005022200,36005027402,685,2021-09-13
36005022403,36005027402,158,2021-09-13
36005024400,36005027402,127,2021-09-13
36005025200,36005027402,177,2021-09-13
36005025400,36005027402,132,2021-09-13
36005026400,36005027402,761,2021-09-13
36005026601,36005027402,129,2021-09-13
36005026602,36005027402,2999,2021-09-13
36005027401,36005027402,734,2021-09-13
36005027402,36005027402,1587,2021-09-13
36005027600,36005027402,553,2021-09-13
36005028400,36005027402,671,2021-09-13
36005028800,36005027402,564,2021-09-13
36005029500,36005027402,227,2021-09-13
36005030000,36005027402,1243,2021-09-13
36005031000,36005027402,116,2021-09-13
36005033000,36005027402,146,2021-09-13
36005034200,36005027402,124,2021-09-13
36005034400,36005027402,169,2021-09-13
36005038302,36005027402,138,2021-09-13
36005038600,36005027402,281,2021-09-13
36005039901,36005027402,198,2021-09-13
36005042800,36005027402,150,2021-09-13
36005046000,36005027402,415,2021-09-13
36005046201,36005027402,1521,2021-09-13
36005046202,36005027402,137,2021-09-13
36005051600,36005027402,171,2021-09-13
36047006000,36005027402,120,2021-09-13
36047012801,36005027402,166,2021-09-13
36047055100,36005027402,110,2021-09-13
36047055300,36005027402,148,2021-09-13
36047119200,36005027402,176,2021-09-13
36059303700,36005027402,225,2021-09-13
36059404800,36005027402,239,2021-09-13
36059407301,36005027402,128,2021-09-13
36061000700,36005027402,390,2021-09-13
36061000800,36005027402,133,2021-09-13
36061001501,36005027402,117,2021-09-13
36061002100,36005027402,146,2021-09-13
36061002900,36005027402,177,2021-09-13
36061003200,36005027402,132,2021-09-13
36061003400,36005027402,293,2021-09-13
36061003700,36005027402,443,2021-09-13
36061008200,36005027402,145,2021-09-13
36061010800,36005027402,139,2021-09-13
36061010900,36005027402,110,2021-09-13
36061012400,36005027402,169,2021-09-13
36061013700,36005027402,155,2021-09-13
36061014500,36005027402,154,2021-09-13
36061022000,36005027402,136,2021-09-13
36081000100,36005027402,129,2021-09-13
36081000700,36005027402,127,2021-09-13
36081010100,36005027402,126,2021-09-13
36081012500,36005027402,121,2021-09-13
36081015700,36005027402,280,2021-09-13
36081020800,36005027402,198,2021-09-13
36081027500,36005027402,127,2021-09-13
36081071600,36005027402,132,2021-09-13
36081084000,36005027402,203,2021-09-13
36085019800,36005027402,152,2021-09-13
36087013100,36005027402,271,2021-09-13
36103110502,36005027402,176,2021-09-13
36103158712,36005027402,130,2021-09-13
36119001600,36005027402,189,2021-09-13
36119002000,36005027402,235,2021-09-13
36119005300,36005027402,199,2021-09-13
36119005500,36005027402,916,2021-09-13
36119005902,36005027402,407,2021-09-13
36119006000,36005027402,656,2021-09-13
36119006900,36005027402,118,2021-09-13
36119007100,36005027402,250,2021-09-13
36119007200,36005027402,163,2021-09-13
36119007300,36005027402,147,2021-09-13
36119007401,36005027402,110,2021-09-13
36119007700,36005027402,138,2021-09-13
36119007800,36005027402,117,2021-09-13
36119008404,36005027402,136,2021-09-13
36119008500,36005027402,128,2021-09-13
36119008602,36005027402,1002,2021-09-13
36119009400,36005027402,434,2021-09-13
36119009600,36005027402,320,2021-09-13
36119009702,36005027402,509,2021-09-13
36119010400,36005027402,189,2021-09-13
36119010901,36005027402,227,2021-09-13
36119012301,36005027402,131,2021-09-13
36119012700,36005027402,114,2021-09-13
36119014704,36005027402,127,2021-09-13
36119014805,36005027402,290,2021-09-13
36119014811,36005027402,183,2021-09-13
36119014901,36005027402,314,2021-09-13
34003019303,36005027402,98,2021-09-20
34025808500,36005027402,104,2021-09-20
36005001600,36005027402,222,2021-09-20
36005001900,36005027402,134,2021-09-20
36005003500,36005027402,229,2021-09-20
36005004001,36005027402,149,2021-09-20
36005004200,36005027402,129,2021-09-20
36005005002,36005027402,154,2021-09-20
36005007000,36005027402,168,2021-09-20
36005007800,36005027402,146,2021-09-20
36005008900,36005027402,226,2021-09-20
36005009000,36005027402,1120,2021-09-20
36005009200,36005027402,164,2021-09-20
36005009600,36005027402,162,2021-09-20
36005012101,36005027402,181,2021-09-20
36005013100,36005027402,1004,2021-09-20
36005013200,36005027402,745,2021-09-20
36005013800,36005027402,417,2021-09-20
36005015100,36005027402,135,2021-09-20
36005015200,36005027402,1175,2021-09-20
36005015800,36005027402,376,2021-09-20
36005016000,36005027402,210,2021-09-20
36005016100,36005027402,165,2021-09-20
36005016200,36005027402,261,2021-09-20
36005016400,36005027402,123,2021-09-20
36005016600,36005027402,391,2021-09-20
36005016900,36005027402,175,2021-09-20
36005018302,36005027402,181,2021-09-20
36005018400,36005027402,1629,2021-09-20
36005020000,36005027402,668,2021-09-20
36005020601,36005027402,399,2021-09-20
36005022000,36005027402,164,2021-09-20
36005022403,36005027402,198,2021-09-20
36005022702,36005027402,178,2021-09-20
36005023600,36005027402,212,2021-09-20
36005023800,36005027402,182,2021-09-20
36005025000,36005027402,176,2021-09-20
36005025400,36005027402,150,2021-09-20
36005025600,36005027402,149,2021-09-20
36005026400,36005027402,331,2021-09-20
36005026601,36005027402,402,2021-09-20
36005026602,36005027402,3764,2021-09-20
36005027401,36005027402,1466,2021-09-20
36005027402,36005027402,3673,2021-09-20
36005027600,36005027402,521,2021-09-20
36005027900,36005027402,204,2021-09-20
36005028400,36005027402,960,2021-09-20
36005028800,36005027402,163,2021-09-20
36005029600,36005027402,126,2021-09-20
36005030000,36005027402,1439,2021-09-20
36005031000,36005027402,264,2021-09-20
36005031200,36005027402,137,2021-09-20
36005033000,36005027402,131,2021-09-20
36005035000,36005027402,154,2021-09-20
36005035600,36005027402,454,2021-09-20
36005038301,36005027402,177,2021-09-20
36005038900,36005027402,141,2021-09-20
36005042800,36005027402,149,2021-09-20
36005046000,36005027402,565,2021-09-20
36005046201,36005027402,1147,2021-09-20
36005048400,36005027402,206,2021-09-20
36005050400,36005027402,122,2021-09-20
36047027900,36005027402,116,2021-09-20
36047043600,36005027402,197,2021-09-20
36047044900,36005027402,258,2021-09-20
36047119200,36005027402,630,2021-09-20
36059303700,36005027402,302,2021-09-20
36059407700,36005027402,115,2021-09-20
36059414301,36005027402,203,2021-09-20
36059416900,36005027402,204,2021-09-20
36059518203,36005027402,181,2021-09-20
36061000700,36005027402,180,2021-09-20
36061000900,36005027402,158,2021-09-20
36061001402,36005027402,142,2021-09-20
36061001501,36005027402,143,2021-09-20
36061001502,36005027402,159,2021-09-20
36061002601,36005027402,146,2021-09-20
36061003200,36005027402,252,2021-09-20
36061003400,36005027402,240,2021-09-20
36061004100,36005027402,272,2021-09-20
36061005000,36005027402,341,2021-09-20
36061006800,36005027402,190,2021-09-20
36061007200,36005027402,147,2021-09-20
36061007600,36005027402,156,2021-09-20
36061008800,36005027402,109,2021-09-20
36061009200,36005027402,148,2021-09-20
36061009700,36005027402,177,2021-09-20
36061010200,36005027402,163,2021-09-20
36061011402,36005027402,134,2021-09-20
36061012000,36005027402,123,2021-09-20
36061012100,36005027402,124,2021-09-20
36061012200,36005027402,219,2021-09-20
36061013500,36005027402,132,2021-09-20
36061014500,36005027402,357,2021-09-20
36061016100,36005027402,115,2021-09-20
36061016300,36005027402,129,2021-09-20
36061017100,36005027402,119,2021-09-20
36061017200,36005027402,173,2021-09-20
36061019400,36005027402,465,2021-09-20
36061029300,36005027402,153,2021-09-20
36081006300,36005027402,167,2021-09-20
36081015900,36005027402,200,2021-09-20
36081038302,36005027402,153,2021-09-20
36081070700,36005027402,140,2021-09-20
36081090700,36005027402,688,2021-09-20
36081092900,36005027402,244,2021-09-20
36081112300,36005027402,109,2021-09-20
36085004000,36005027402,156,2021-09-20
36119000802,36005027402,147,2021-09-20
36119001401,36005027402,161,2021-09-20
36119002000,36005027402,360,2021-09-20
36119002103,36005027402,165,2021-09-20
36119002404,36005027402,135,2021-09-20
36119002600,36005027402,117,2021-09-20
36119005002,36005027402,415,2021-09-20
36119005200,36005027402,177,2021-09-20
36119005300,36005027402,155,2021-09-20
36119005500,36005027402,233,2021-09-20
36119005701,36005027402,368,2021-09-20
36119005902,36005027402,174,2021-09-20
36119006000,36005027402,772,2021-09-20
36119006801,36005027402,284,2021-09-20
36119006802,36005027402,132,2021-09-20
36119006900,36005027402,139,2021-09-20
36119007000,36005027402,116,2021-09-20
36119007100,36005027402,116,2021-09-20
36119007200,36005027402,680,2021-09-20
36119007300,36005027402,283,2021-09-20
36119007700,36005027402,145,2021-09-20
36119007800,36005027402,308,2021-09-20
36119008500,36005027402,216,2021-09-20
36119008602,36005027402,227,2021-09-20
36119008800,36005027402,123,2021-09-20
36119009400,36005027402,126,2021-09-20
36119009600,36005027402,266,2021-09-20
36119009703,36005027402,133,2021-09-20
36119010901,36005027402,237,2021-09-20
36119012102,36005027402,151,2021-09-20
36119012301,36005027402,294,2021-09-20
36119014701,36005027402,285,2021-09-20
36119014809,36005027402,129,2021-09-20
34003012001,36005027402,262,2021-09-27
34031182400,36005027402,166,2021-09-27
36005001600,36005027402,435,2021-09-27
36005001900,36005027402,179,2021-09-27
36005004001,36005027402,180,2021-09-27
36005004800,36005027402,175,2021-09-27
36005006300,36005027402,338,2021-09-27
36005007500,36005027402,183,2021-09-27
36005007800,36005027402,125,2021-09-27
36005009000,36005027402,1119,2021-09-27
36005011800,36005027402,552,2021-09-27
36005013100,36005027402,691,2021-09-27
36005013200,36005027402,1287,2021-09-27
36005013500,36005027402,185,2021-09-27
36005015200,36005027402,1163,2021-09-27
36005015800,36005027402,578,2021-09-27
36005015900,36005027402,120,2021-09-27
36005016200,36005027402,296,2021-09-27
36005016400,36005027402,277,2021-09-27
36005016600,36005027402,170,2021-09-27
36005017902,36005027402,194,2021-09-27
36005018400,36005027402,810,2021-09-27
36005019400,36005027402,408,2021-09-27
36005020000,36005027402,155,2021-09-27
36005021002,36005027402,265,2021-09-27
36005021602,36005027402,127,2021-09-27
36005021800,36005027402,147,2021-09-27
36005022000,36005027402,144,2021-09-27
36005023000,36005027402,181,2021-09-27
36005025400,36005027402,111,2021-09-27
36005026400,36005027402,294,2021-09-27
36005026601,36005027402,691,2021-09-27
36005026602,36005027402,3786,2021-09-27
36005027401,36005027402,317,2021-09-27
36005027402,36005027402,2485,2021-09-27
36005027600,36005027402,178,2021-09-27
36005028400,36005027402,1111,2021-09-27
36005029600,36005027402,275,2021-09-27
36005030000,36005027402,1554,2021-09-27
36005035600,36005027402,177,2021-09-27
36005036800,36005027402,152,2021-09-27
36005038302,36005027402,136,2021-09-27
36005039700,36005027402,603,2021-09-27
36005043100,36005027402,176,2021-09-27
36005044400,36005027402,157,2021-09-27
36005046000,36005027402,201,2021-09-27
36005046201,36005027402,2749,2021-09-27
36005048400,36005027402,195,2021-09-27
36047003400,36005027402,156,2021-09-27
36047008200,36005027402,134,2021-09-27
36047049400,36005027402,147,2021-09-27
36047055500,36005027402,111,2021-09-27
36047119200,36005027402,395,2021-09-27
36059303202,36005027402,119,2021-09-27
36059416900,36005027402,192,2021-09-27
36061003200,36005027402,135,2021-09-27
36061003400,36005027402,111,2021-09-27
36061003700,36005027402,159,2021-09-27
36061006800,36005027402,636,2021-09-27
36061011300,36005027402,160,2021-09-27
36061012200,36005027402,282,2021-09-27
36061012900,36005027402,119,2021-09-27
36061013500,36005027402,281,2021-09-27
36061013600,36005027402,144,2021-09-27
36061016900,36005027402,124,2021-09-27
36079010300,36005027402,334,2021-09-27
36079011500,36005027402,139,2021-09-27
36081000100,36005027402,164,2021-09-27
36081012500,36005027402,120,2021-09-27
36081033100,36005027402,184,2021-09-27
36081038302,36005027402,455,2021-09-27
36081056700,36005027402,167,2021-09-27
36081057700,36005027402,557,2021-09-27
36081090700,36005027402,216,2021-09-27
36081101700,36005027402,152,2021-09-27
36081114100,36005027402,369,2021-09-27
36081134700,36005027402,119,2021-09-27
36085029103,36005027402,191,2021-09-27
36087013100,36005027402,203,2021-09-27
36119000300,36005027402,176,2021-09-27
36119001401,36005027402,138,2021-09-27
36119001503,36005027402,147,2021-09-27
36119002000,36005027402,672,2021-09-27
36119002101,36005027402,132,2021-09-27
36119002105,36005027402,455,2021-09-27
36119002405,36005027402,131,2021-09-27
36119004600,36005027402,116,2021-09-27
36119005100,36005027402,243,2021-09-27
36119005300,36005027402,127,2021-09-27
36119005500,36005027402,927,2021-09-27
36119005701,36005027402,125,2021-09-27
36119006000,36005027402,701,2021-09-27
36119006801,36005027402,261,2021-09-27
36119006802,36005027402,137,2021-09-27
36119006900,36005027402,314,2021-09-27
36119007000,36005027402,123,2021-09-27
36119007100,36005027402,127,2021-09-27
36119007200,36005027402,1120,2021-09-27
36119007300,36005027402,147,2021-09-27
36119008000,36005027402,111,2021-09-27
36119008500,36005027402,138,2021-09-27
36119008602,36005027402,404,2021-09-27
36119009400,36005027402,132,2021-09-27
36119009600,36005027402,632,2021-09-27
36119009702,36005027402,161,2021-09-27
36119010803,36005027402,116,2021-09-27
36119013600,36005027402,390,2021-09-27
34017001701,36005027402,141,2021-10-04
34025808600,36005027402,99,2021-10-04
34031154001,36005027402,131,2021-10-04
36005000400,36005027402,150,2021-10-04
36005001600,36005027402,231,2021-10-04
36005001900,36005027402,616,2021-10-04
36005004200,36005027402,166,2021-10-04
36005005300,36005027402,233,2021-10-04
36005007200,36005027402,344,2021-10-04
36005007800,36005027402,119,2021-10-04
36005009000,36005027402,1614,2021-10-04
36005009300,36005027402,175,2021-10-04
36005009600,36005027402,599,2021-10-04
36005011800,36005027402,330,2021-10-04
36005012102,36005027402,210,2021-10-04
36005013100,36005027402,188,2021-10-04
36005013200,36005027402,1421,2021-10-04
36005014400,36005027402,178,2021-10-04
36005015200,36005027402,1047,2021-10-04
36005015800,36005027402,253,2021-10-04
36005016000,36005027402,418,2021-10-04
36005016200,36005027402,520,2021-10-04
36005016400,36005027402,372,2021-10-04
36005016600,36005027402,664,2021-10-04
36005018400,36005027402,814,2021-10-04
36005020000,36005027402,887,2021-10-04
36005020200,36005027402,213,2021-10-04
36005022200,36005027402,387,2021-10-04
36005022401,36005027402,152,2021-10-04
36005023800,36005027402,159,2021-10-04
36005024600,36005027402,131,2021-10-04
36005025400,36005027402,134,2021-10-04
36005025600,36005027402,165,2021-10-04
36005026400,36005027402,922,2021-10-04
36005026601,36005027402,430,2021-10-04
36005026602,36005027402,2812,2021-10-04
36005027401,36005027402,129,2021-10-04
36005027402,36005027402,1770,2021-10-04
36005027600,36005027402,179,2021-10-04
36005028400,36005027402,1244,2021-10-04
36005028600,36005027402,255,2021-10-04
36005029600,36005027402,380,2021-10-04
36005030000,36005027402,1275,2021-10-04
36005032600,36005027402,282,2021-10-04
36005033800,36005027402,151,2021-10-04
36005035600,36005027402,175,2021-10-04
36005038302,36005027402,142,2021-10-04
36005038600,36005027402,178,2021-10-04
36005038900,36005027402,134,2021-10-04
36005039700,36005027402,875,2021-10-04
36005040100,36005027402,119,2021-10-04
36005042100,36005027402,379,2021-10-04
36005042800,36005027402,124,2021-10-04
36005046000,36005027402,200,2021-10-04
36005046201,36005027402,1484,2021-10-04
36005051600,36005027402,165,2021-10-04
36047000700,36005027402,119,2021-10-04
36047013000,36005027402,143,2021-10-04
36047017700,36005027402,150,2021-10-04
36047019100,36005027402,116,2021-10-04
36047044900,36005027402,406,2021-10-04
36047054500,36005027402,166,2021-10-04
36047117400,36005027402,124,2021-10-04
36059303202,36005027402,129,2021-10-04
36059303700,36005027402,232,2021-10-04
36059405600,36005027402,166,2021-10-04
36059407301,36005027402,127,2021-10-04
36059412100,36005027402,139,2021-10-04
36061000700,36005027402,168,2021-10-04
36061000900,36005027402,185,2021-10-04
36061001501,36005027402,145,2021-10-04
36061002602,36005027402,182,2021-10-04
36061003800,36005027402,116,2021-10-04
36061004200,36005027402,137,2021-10-04
36061004300,36005027402,110,2021-10-04
36061004700,36005027402,124,2021-10-04
36061005000,36005027402,431,2021-10-04
36061005200,36005027402,144,2021-10-04
36061006800,36005027402,135,2021-10-04
36061009700,36005027402,173,2021-10-04
36061009900,36005027402,188,2021-10-04
36061010100,36005027402,184,2021-10-04
36061011202,36005027402,183,2021-10-04
36061011300,36005027402,157,2021-10-04
36061012200,36005027402,359,2021-10-04
36061012800,36005027402,274,2021-10-04
36061012900,36005027402,137,2021-10-04
36061013500,36005027402,189,2021-10-04
36061013600,36005027402,306,2021-10-04
36061014300,36005027402,166,2021-10-04
36061014500,36005027402,214,2021-10-04
36061019400,36005027402,186,2021-10-04
36061023300,36005027402,140,2021-10-04
36061026500,36005027402,132,2021-10-04
36081004001,36005027402,160,2021-10-04
36081006100,36005027402,132,2021-10-04
36081019900,36005027402,287,2021-10-04
36081057700,36005027402,283,2021-10-04
36081087100,36005027402,113,2021-10-04
36081088400,36005027402,172,2021-10-04
36081090700,36005027402,236,2021-10-04
36081092900,36005027402,229,2021-10-04
36081094500,36005027402,151,2021-10-04
36085017011,36005027402,110,2021-10-04
36085027702,36005027402,115,2021-10-04
36087010601,36005027402,130,2021-10-04
36087013100,36005027402,425,2021-10-04
36087013402,36005027402,125,2021-10-04
36103123201,36005027402,192,2021-10-04
36103145603,36005027402,176,2021-10-04
36103158304,36005027402,201,2021-10-04
36103169704,36005027402,262,2021-10-04
36103169800,36005027402,318,2021-10-04
36119001401,36005027402,110,2021-10-04
36119001503,36005027402,127,2021-10-04
36119002000,36005027402,879,2021-10-04
36119002101,36005027402,114,2021-10-04
36119002105,36005027402,535,2021-10-04
36119002201,36005027402,164,2021-10-04
36119002600,36005027402,809,2021-10-04
36119005002,36005027402,1144,2021-10-04
36119005500,36005027402,255,2021-10-04
36119005701,36005027402,125,2021-10-04
36119005902,36005027402,133,2021-10-04
36119006000,36005027402,807,2021-10-04
36119006802,36005027402,347,2021-10-04
36119007100,36005027402,116,2021-10-04
36119007200,36005027402,682,2021-10-04
36119007500,36005027402,154,2021-10-04
36119009100,36005027402,163,2021-10-04
36119009400,36005027402,538,2021-10-04
36119010901,36005027402,390,2021-10-04
36119010902,36005027402,180,2021-10-04
36119013600,36005027402,275,2021-10-04
34003007001,36005027402,114,2021-10-11
34023007500,36005027402,132,2021-10-11
34025808500,36005027402,136,2021-10-11
34025809301,36005027402,130,2021-10-11
36005001600,36005027402,546,2021-10-11
36005001900,36005027402,363,2021-10-11
36005005100,36005027402,287,2021-10-11
36005006500,36005027402,358,2021-10-11
36005007000,36005027402,115,2021-10-11
36005007800,36005027402,315,2021-10-11
36005009000,36005027402,2226,2021-10-11
36005009200,36005027402,280,2021-10-11
36005009600,36005027402,280,2021-10-11
36005011700,36005027402,411,2021-10-11
36005011800,36005027402,426,2021-10-11
36005013000,36005027402,290,2021-10-11
36005013100,36005027402,459,2021-10-11
36005013200,36005027402,668,2021-10-11
36005014400,36005027402,159,2021-10-11
36005015100,36005027402,116,2021-10-11
36005015200,36005027402,1269,2021-10-11
36005015800,36005027402,554,2021-10-11
36005016200,36005027402,214,2021-10-11
36005016400,36005027402,248,2021-10-11
36005016600,36005027402,650,2021-10-11
36005018400,36005027402,687,2021-10-11
36005020000,36005027402,239,2021-10-11
36005020900,36005027402,157,2021-10-11
36005021900,36005027402,181,2021-10-11
36005022000,36005027402,146,2021-10-11
36005022200,36005027402,395,2021-10-11
36005022701,36005027402,181,2021-10-11
36005023200,36005027402,244,2021-10-11
36005024000,36005027402,158,2021-10-11
36005024600,36005027402,160,2021-10-11
36005024800,36005027402,109,2021-10-11
36005025400,36005027402,195,2021-10-11
36005026400,36005027402,721,2021-10-11
36005026601,36005027402,923,2021-10-11
36005026602,36005027402,3067,2021-10-11
36005027300,36005027402,157,2021-10-11
36005027401,36005027402,289,2021-10-11
36005027402,36005027402,1612,2021-10-11
36005027600,36005027402,170,2021-10-11
36005027900,36005027402,181,2021-10-11
36005028300,36005027402,138,2021-10-11
36005028400,36005027402,1042,2021-10-11
36005029500,36005027402,271,2021-10-11
36005029600,36005027402,136,2021-10-11
36005030000,36005027402,864,2021-10-11
36005033400,36005027402,132,2021-10-11
36005035600,36005027402,152,2021-10-11
36005038100,36005027402,186,2021-10-11
36005038900,36005027402,234,2021-10-11
36005039300,36005027402,138,2021-10-11
36005039700,36005027402,314,2021-10-11
36005043100,36005027402,168,2021-10-11
36005046000,36005027402,304,2021-10-11
36005046201,36005027402,1313,2021-10-11
36005048400,36005027402,199,2021-10-11
36047006500,36005027402,150,2021-10-11
36047030700,36005027402,135,2021-10-11
36047034500,36005027402,128,2021-10-11
36059411700,36005027402,177,2021-10-11
36061002900,36005027402,109,2021-10-11
36061004400,36005027402,171,2021-10-11
36061004800,36005027402,190,2021-10-11
36061006100,36005027402,139,2021-10-11
36061006200,36005027402,330,2021-10-11
36061009800,36005027402,142,2021-10-11
36061011600,36005027402,430,2021-10-11
36061012200,36005027402,157,2021-10-11
36061015801,36005027402,122,2021-10-11
36061019200,36005027402,125,2021-10-11
36081004300,36005027402,565,2021-10-11
36081006100,36005027402,158,2021-10-11
36081015200,36005027402,120,2021-10-11
36081017100,36005027402,138,2021-10-11
36081020800,36005027402,159,2021-10-11
36081038302,36005027402,190,2021-10-11
36081071600,36005027402,126,2021-10-11
36081084900,36005027402,162,2021-10-11
36081087100,36005027402,130,2021-10-11
36081091900,36005027402,466,2021-10-11
36081098100,36005027402,114,2021-10-11
36081099900,36005027402,172,2021-10-11
36085017011,36005027402,109,2021-10-11
36087012101,36005027402,200,2021-10-11
36087013100,36005027402,207,2021-10-11
36103135205,36005027402,150,2021-10-11
36103147602,36005027402,127,2021-10-11
36103159511,36005027402,254,2021-10-11
36119000401,36005027402,131,2021-10-11
36119000900,36005027402,123,2021-10-11
36119001401,36005027402,154,2021-10-11
36119002000,36005027402,481,2021-10-11
36119002103,36005027402,203,2021-10-11
36119002104,36005027402,109,2021-10-11
36119002105,36005027402,349,2021-10-11
36119002202,36005027402,173,2021-10-11
36119002204,36005027402,344,2021-10-11
36119003300,36005027402,118,2021-10-11
36119004600,36005027402,116,2021-10-11
36119005100,36005027402,437,2021-10-11
36119005200,36005027402,210,2021-10-11
36119005300,36005027402,429,2021-10-11
36119005400,36005027402,141,2021-10-11
36119005500,36005027402,930,2021-10-11
36119005701,36005027402,128,2021-10-11
36119005902,36005027402,322,2021-10-11
36119006000,36005027402,320,2021-10-11
36119006500,36005027402,234,2021-10-11
36119006600,36005027402,311,2021-10-11
36119006801,36005027402,143,2021-10-11
36119006802,36005027402,138,2021-10-11
36119006900,36005027402,281,2021-10-11
36119007000,36005027402,128,2021-10-11
36119007100,36005027402,560,2021-10-11
36119007200,36005027402,150,2021-10-11
36119007300,36005027402,134,2021-10-11
36119008404,36005027402,156,2021-10-11
36119008602,36005027402,212,2021-10-11
36119009300,36005027402,151,2021-10-11
36119009400,36005027402,505,2021-10-11
36119010100,36005027402,146,2021-10-11
36119010701,36005027402,156,2021-10-11
36119010901,36005027402,227,2021-10-11
36119011000,36005027402,146,2021-10-11
36119012900,36005027402,122,2021-10-11
36119014806,36005027402,116,2021-10-11
36119014809,36005027402,299,2021-10-11
36119015000,36005027402,127,2021-10-11
34017007700,36005027402,154,2021-10-18
34019011001,36005027402,115,2021-10-18
36005000400,36005027402,136,2021-10-18
36005001600,36005027402,633,2021-10-18
36005001900,36005027402,161,2021-10-18
36005002300,36005027402,206,2021-10-18
36005002701,36005027402,165,2021-10-18
36005002702,36005027402,144,2021-10-18
36005007000,36005027402,133,2021-10-18
36005007800,36005027402,706,2021-10-18
36005008300,36005027402,164,2021-10-18
36005009000,36005027402,1631,2021-10-18
36005009200,36005027402,416,2021-10-18
36005011502,36005027402,133,2021-10-18
36005011800,36005027402,1454,2021-10-18
36005012701,36005027402,136,2021-10-18
36005013100,36005027402,241,2021-10-18
36005013200,36005027402,914,2021-10-18
36005013800,36005027402,130,2021-10-18
36005014400,36005027402,183,2021-10-18
36005015200,36005027402,534,2021-10-18
36005015800,36005027402,482,2021-10-18
36005016000,36005027402,260,2021-10-18
36005016200,36005027402,155,2021-10-18
36005016400,36005027402,491,2021-10-18
36005016600,36005027402,302,2021-10-18
36005018400,36005027402,691,2021-10-18
36005019400,36005027402,493,2021-10-18
36005019700,36005027402,128,2021-10-18
36005020000,36005027402,415,2021-10-18
36005021002,36005027402,153,2021-10-18
36005021900,36005027402,283,2021-10-18
36005023600,36005027402,130,2021-10-18
36005023800,36005027402,144,2021-10-18
36005024000,36005027402,243,2021-10-18
36005024800,36005027402,223,2021-10-18
36005025000,36005027402,205,2021-10-18
36005025400,36005027402,123,2021-10-18
36005026400,36005027402,303,2021-10-18
36005026601,36005027402,144,2021-10-18
36005026602,36005027402,3431,2021-10-18
36005027401,36005027402,703,2021-10-18
36005027402,36005027402,2226,2021-10-18
36005027600,36005027402,336,2021-10-18
36005028400,36005027402,1441,2021-10-18
36005028600,36005027402,393,2021-10-18
36005028800,36005027402,222,2021-10-18
36005029600,36005027402,571,2021-10-18
36005030000,36005027402,867,2021-10-18
36005032800,36005027402,130,2021-10-18
36005033400,36005027402,170,2021-10-18
36005034800,36005027402,132,2021-10-18
36005035600,36005027402,178,2021-10-18
36005035800,36005027402,158,2021-10-18
36005039300,36005027402,202,2021-10-18
36005039700,36005027402,783,2021-10-18
36005039901,36005027402,110,2021-10-18
36005042100,36005027402,230,2021-10-18
36005046000,36005027402,437,2021-10-18
36005046201,36005027402,2031,2021-10-18
36005048400,36005027402,151,2021-10-18
36005051600,36005027402,143,2021-10-18
36047001300,36005027402,201,2021-10-18
36047007500,36005027402,110,2021-10-18
36047030900,36005027402,154,2021-10-18
36059303700,36005027402,217,2021-10-18
36059517000,36005027402,172,2021-10-18
36061000700,36005027402,110,2021-10-18
36061003300,36005027402,131,2021-10-18
36061003400,36005027402,120,2021-10-18
36061003700,36005027402,469,2021-10-18
36061004200,36005027402,135,2021-10-18
36061005600,36005027402,132,2021-10-18
36061006500,36005027402,117,2021-10-18
36061006800,36005027402,124,2021-10-18
36061007300,36005027402,145,2021-10-18
36061009100,36005027402,121,2021-10-18
36061010100,36005027402,158,2021-10-18
36061010800,36005027402,304,2021-10-18
36061011300,36005027402,127,2021-10-18
36061011401,36005027402,110,2021-10-18
36061011900,36005027402,127,2021-10-18
36061012000,36005027402,166,2021-10-18
36061012200,36005027402,155,2021-10-18
36061013400,36005027402,124,2021-10-18
36061014500,36005027402,155,2021-10-18
36061015801,36005027402,137,2021-10-18
36061017200,36005027402,136,2021-10-18
36061018100,36005027402,170,2021-10-18
36061019400,36005027402,172,2021-10-18
36079010400,36005027402,130,2021-10-18
36081000100,36005027402,118,2021-10-18
36081004001,36005027402,175,2021-10-18
36081004300,36005027402,123,2021-10-18
36081007700,36005027402,261,2021-10-18
36081011700,36005027402,319,2021-10-18
36081012301,36005027402,169,2021-10-18
36081014100,36005027402,144,2021-10-18
36081017100,36005027402,138,2021-10-18
36081020800,36005027402,159,2021-10-18
36081030904,36005027402,293,2021-10-18
36081048500,36005027402,150,2021-10-18
36081053100,36005027402,116,2021-10-18
36081057700,36005027402,330,2021-10-18
36081114100,36005027402,110,2021-10-18
36081115900,36005027402,110,2021-10-18
36081122702,36005027402,134,2021-10-18
36085032300,36005027402,139,2021-10-18
36103124402,36005027402,163,2021-10-18
36103158001,36005027402,126,2021-10-18
36119001700,36005027402,203,2021-10-18
36119002000,36005027402,110,2021-10-18
36119002104,36005027402,110,2021-10-18
36119002105,36005027402,640,2021-10-18
36119002405,36005027402,385,2021-10-18
36119005001,36005027402,164,2021-10-18
36119005002,36005027402,132,2021-10-18
36119005100,36005027402,462,2021-10-18
36119005300,36005027402,626,2021-10-18
36119005500,36005027402,875,2021-10-18
36119005701,36005027402,497,2021-10-18
36119005901,36005027402,158,2021-10-18
36119005902,36005027402,135,2021-10-18
36119006000,36005027402,477,2021-10-18
36119006500,36005027402,283,2021-10-18
36119006600,36005027402,194,2021-10-18
36119006801,36005027402,614,2021-10-18
36119006900,36005027402,600,2021-10-18
36119007000,36005027402,134,2021-10-18
36119007100,36005027402,377,2021-10-18
36119007800,36005027402,164,2021-10-18
36119008000,36005027402,129,2021-10-18
36119008200,36005027402,148,2021-10-18
36119008301,36005027402,174,2021-10-18
36119008602,36005027402,522,2021-10-18
36119009500,36005027402,118,2021-10-18
36119009600,36005027402,368,2021-10-18
36119009702,36005027402,110,2021-10-18
36119010902,36005027402,127,2021-10-18
36119011902,36005027402,261,2021-10-18
36119012301,36005027402,133,2021-10-18
36119014804,36005027402,120,2021-10-18
36119014901,36005027402,160,2021-10-18
36119015000,36005027402,122,2021-10-18
34003012001,36005027402,187,2021-10-25
34017012700,36005027402,228,2021-10-25
34017012800,36005027402,119,2021-10-25
34023001805,36005027402,169,2021-10-25
34031182500,36005027402,145,2021-10-25
36005000400,36005027402,170,2021-10-25
36005001600,36005027402,551,2021-10-25
36005001900,36005027402,139,2021-10-25
36005002800,36005027402,431,2021-10-25
36005004001,36005027402,334,2021-10-25
36005004100,36005027402,167,2021-10-25
36005004200,36005027402,164,2021-10-25
36005005100,36005027402,161,2021-10-25
36005006000,36005027402,114,2021-10-25
36005007000,36005027402,165,2021-10-25
36005009000,36005027402,1748,2021-10-25
36005009200,36005027402,124,2021-10-25
36005009600,36005027402,245,2021-10-25
36005011800,36005027402,279,2021-10-25
36005012102,36005027402,335,2021-10-25
36005013100,36005027402,373,2021-10-25
36005013200,36005027402,640,2021-10-25
36005013800,36005027402,141,2021-10-25
36005014400,36005027402,232,2021-10-25
36005015200,36005027402,981,2021-10-25
36005015800,36005027402,1019,2021-10-25
36005016200,36005027402,374,2021-10-25
36005016400,36005027402,348,2021-10-25
36005018400,36005027402,1030,2021-10-25
36005019400,36005027402,347,2021-10-25
36005020000,36005027402,577,2021-10-25
36005021100,36005027402,108,2021-10-25
36005022403,36005027402,292,2021-10-25
36005024000,36005027402,300,2021-10-25
36005024800,36005027402,492,2021-10-25
36005025400,36005027402,108,2021-10-25
36005025600,36005027402,193,2021-10-25
36005026400,36005027402,419,2021-10-25
36005026601,36005027402,532,2021-10-25
36005026602,36005027402,2991,2021-10-25
36005027300,36005027402,151,2021-10-25
36005027401,36005027402,384,2021-10-25
36005027402,36005027402,1752,2021-10-25
36005027600,36005027402,345,2021-10-25
36005027900,36005027402,191,2021-10-25
36005028400,36005027402,1513,2021-10-25
36005028600,36005027402,131,2021-10-25
36005028800,36005027402,108,2021-10-25
36005029600,36005027402,268,2021-10-25
36005030000,36005027402,543,2021-10-25
36005033400,36005027402,151,2021-10-25
36005035600,36005027402,118,2021-10-25
36005035800,36005027402,472,2021-10-25
36005038700,36005027402,139,2021-10-25
36005039100,36005027402,115,2021-10-25
36005039700,36005027402,570,2021-10-25
36005044400,36005027402,272,2021-10-25
36005046000,36005027402,330,2021-10-25
36005046201,36005027402,1703,2021-10-25
36005046202,36005027402,271,2021-10-25
36005051600,36005027402,406,2021-10-25
36047000700,36005027402,139,2021-10-25
36047006900,36005027402,108,2021-10-25
36047030700,36005027402,133,2021-10-25
36047119200,36005027402,171,2021-10-25
36059303800,36005027402,137,2021-10-25
36059416000,36005027402,149,2021-10-25
36061000201,36005027402,155,2021-10-25
36061000900,36005027402,318,2021-10-25
36061002601,36005027402,139,2021-10-25
36061002602,36005027402,113,2021-10-25
36061003001,36005027402,122,2021-10-25
36061003200,36005027402,170,2021-10-25
36061004800,36005027402,267,2021-10-25
36061006800,36005027402,124,2021-10-25
36061009700,36005027402,164,2021-10-25
36061010200,36005027402,123,2021-10-25
36061011402,36005027402,130,2021-10-25
36061011900,36005027402,154,2021-10-25
36061012200,36005027402,152,2021-10-25
36061013400,36005027402,121,2021-10-25
36061013500,36005027402,146,2021-10-25
36061013700,36005027402,125,2021-10-25
36061014500,36005027402,299,2021-10-25
36061015300,36005027402,159,2021-10-25
36061017500,36005027402,117,2021-10-25
36061018900,36005027402,108,2021-10-25
36061019400,36005027402,235,2021-10-25
36061024302,36005027402,183,2021-10-25
36061026500,36005027402,139,2021-10-25
36079011500,36005027402,141,2021-10-25
36081001900,36005027402,130,2021-10-25
36081004001,36005027402,141,2021-10-25
36081004300,36005027402,242,2021-10-25
36081007100,36005027402,128,2021-10-25
36081007700,36005027402,108,2021-10-25
36081008500,36005027402,144,2021-10-25
36081011500,36005027402,316,2021-10-25
36081011700,36005027402,161,2021-10-25
36081017100,36005027402,137,2021-10-25
36081017900,36005027402,130,2021-10-25
36081038302,36005027402,379,2021-10-25
36081048500,36005027402,181,2021-10-25
36081054900,36005027402,142,2021-10-25
36081057700,36005027402,674,2021-10-25
36081063200,36005027402,118,2021-10-25
36081071600,36005027402,246,2021-10-25
36081075702,36005027402,206,2021-10-25
36081087100,36005027402,116,2021-10-25
36085014607,36005027402,121,2021-10-25
36085015400,36005027402,203,2021-10-25
36085027702,36005027402,136,2021-10-25
36087011102,36005027402,340,2021-10-25
36087013100,36005027402,237,2021-10-25
36119000900,36005027402,128,2021-10-25
36119002000,36005027402,301,2021-10-25
36119002105,36005027402,129,2021-10-25
36119002600,36005027402,238,2021-10-25
36119003700,36005027402,152,2021-10-25
36119005100,36005027402,183,2021-10-25
36119005400,36005027402,162,2021-10-25
36119005701,36005027402,369,2021-10-25
36119005902,36005027402,569,2021-10-25
36119006000,36005027402,480,2021-10-25
36119006100,36005027402,124,2021-10-25
36119006300,36005027402,130,2021-10-25
36119006802,36005027402,288,2021-10-25
36119006900,36005027402,130,2021-10-25
36119007100,36005027402,132,2021-10-25
36119007200,36005027402,958,2021-10-25
36119007700,36005027402,117,2021-10-25
36119008000,36005027402,153,2021-10-25
36119008602,36005027402,742,2021-10-25
36119009600,36005027402,348,2021-10-25
36119010803,36005027402,258,2021-10-25
34003015500,36005027402,110,2021-11-01
34003019103,36005027402,112,2021-11-01
34003023502,36005027402,191,2021-11-01
34025808800,36005027402,157,2021-11-01
36005001600,36005027402,391,2021-11-01
36005001900,36005027402,336,2021-11-01
36005002800,36005027402,311,2021-11-01
36005004100,36005027402,124,2021-11-01
36005005002,36005027402,122,2021-11-01
36005005400,36005027402,178,2021-11-01
36005006200,36005027402,135,2021-11-01
36005006500,36005027402,128,2021-11-01
36005007000,36005027402,261,2021-11-01
36005008600,36005027402,175,2021-11-01
36005008900,36005027402,142,2021-11-01
36005009000,36005027402,1176,2021-11-01
36005009200,36005027402,125,2021-11-01
36005011800,36005027402,303,2021-11-01
36005012102,36005027402,364,2021-11-01
36005012901,36005027402,159,2021-11-01
36005013000,36005027402,132,2021-11-01
36005013100,36005027402,175,2021-11-01
36005013200,36005027402,731,2021-11-01
36005015200,36005027402,1009,2021-11-01
36005015800,36005027402,121,2021-11-01
36005016100,36005027402,207,2021-11-01
36005016200,36005027402,311,2021-11-01
36005016600,36005027402,293,2021-11-01
36005018400,36005027402,613,2021-11-01
36005019400,36005027402,208,2021-11-01
36005020000,36005027402,402,2021-11-01
36005021100,36005027402,132,2021-11-01
36005021301,36005027402,166,2021-11-01
36005021900,36005027402,454,2021-11-01
36005022200,36005027402,192,2021-11-01
36005022403,36005027402,147,2021-11-01
36005022500,36005027402,239,2021-11-01
36005023100,36005027402,167,2021-11-01
36005023702,36005027402,210,2021-11-01
36005024800,36005027402,266,2021-11-01
36005025600,36005027402,109,2021-11-01
36005026300,36005027402,145,2021-11-01
36005026400,36005027402,1301,2021-11-01
36005026601,36005027402,407,2021-11-01
36005026602,36005027402,2852,2021-11-01
36005027401,36005027402,744,2021-11-01
36005027402,36005027402,2204,2021-11-01
36005027600,36005027402,181,2021-11-01
36005028400,36005027402,884,2021-11-01
36005028700,36005027402,147,2021-11-01
36005028800,36005027402,288,2021-11-01
36005029600,36005027402,290,2021-11-01
36005030000,36005027402,1232,2021-11-01
36005031000,36005027402,274,2021-11-01
36005033400,36005027402,328,2021-11-01
36005033500,36005027402,169,2021-11-01
36005037300,36005027402,156,2021-11-01
36005038900,36005027402,264,2021-11-01
36005039700,36005027402,523,2021-11-01
36005046000,36005027402,416,2021-11-01
36005046201,36005027402,2151,2021-11-01
36005048400,36005027402,178,2021-11-01
36005050400,36005027402,144,2021-11-01
36005051600,36005027402,260,2021-11-01
36047042900,36005027402,144,2021-11-01
36047044900,36005027402,526,2021-11-01
36047049400,36005027402,151,2021-11-01
36047060800,36005027402,167,2021-11-01
36059415401,36005027402,116,2021-11-01
36061000700,36005027402,138,2021-11-01
36061000900,36005027402,343,2021-11-01
36061003200,36005027402,208,2021-11-01
36061004900,36005027402,121,2021-11-01
36061005000,36005027402,109,2021-11-01
36061006500,36005027402,119,2021-11-01
36061007200,36005027402,152,2021-11-01
36061007300,36005027402,133,2021-11-01
36061007600,36005027402,133,2021-11-01
36061008200,36005027402,174,2021-11-01
36061009400,36005027402,128,2021-11-01
36061009900,36005027402,175,2021-11-01
36061010100,36005027402,129,2021-11-01
36061011203,36005027402,219,2021-11-01
36061011401,36005027402,134,2021-11-01
36061011600,36005027402,128,2021-11-01
36061012200,36005027402,153,2021-11-01
36061012800,36005027402,137,2021-11-01
36061014300,36005027402,163,2021-11-01
36061014500,36005027402,237,2021-11-01
36061016800,36005027402,374,2021-11-01
36061017200,36005027402,157,2021-11-01
36061017800,36005027402,154,2021-11-01
36061018900,36005027402,123,2021-11-01
36061019200,36005027402,166,2021-11-01
36061019400,36005027402,155,2021-11-01
36079011800,36005027402,173,2021-11-01
36081004001,36005027402,145,2021-11-01
36081005900,36005027402,114,2021-11-01
36081006900,36005027402,115,2021-11-01
36081007700,36005027402,119,2021-11-01
36081011700,36005027402,172,2021-11-01
36081021200,36005027402,163,2021-11-01
36081032000,36005027402,280,2021-11-01
36081048500,36005027402,201,2021-11-01
36081054900,36005027402,133,2021-11-01
36081070700,36005027402,136,2021-11-01
36081083800,36005027402,133,2021-11-01
36081087100,36005027402,121,2021-11-01
36081092900,36005027402,288,2021-11-01
36085032300,36005027402,144,2021-11-01
36087011102,36005027402,187,2021-11-01
36119001505,36005027402,288,2021-11-01
36119002000,36005027402,363,2021-11-01
36119002101,36005027402,121,2021-11-01
36119002600,36005027402,262,2021-11-01
36119004600,36005027402,123,2021-11-01
36119005002,36005027402,264,2021-11-01
36119005100,36005027402,308,2021-11-01
36119005200,36005027402,240,2021-11-01
36119005300,36005027402,169,2021-11-01
36119005400,36005027402,143,2021-11-01
36119005500,36005027402,388,2021-11-01
36119006000,36005027402,907,2021-11-01
36119006100,36005027402,279,2021-11-01
36119006500,36005027402,181,2021-11-01
36119006801,36005027402,333,2021-11-01
36119006900,36005027402,896,2021-11-01
36119007100,36005027402,400,2021-11-01
36119007200,36005027402,937,2021-11-01
36119007700,36005027402,139,2021-11-01
36119008000,36005027402,344,2021-11-01
36119008301,36005027402,564,2021-11-01
36119009400,36005027402,186,2021-11-01
36119010803,36005027402,251,2021-11-01
36119010901,36005027402,217,2021-11-01
36119013600,36005027402,144,2021-11-01
36119014200,36005027402,129,2021-11-01
36119014701,36005027402,344,2021-11-01
36119014805,36005027402,126,2021-11-01
36119981000,36005027402,206,2021-11-01
34003012001,36005027402,347,2021-11-08
34013980200,36005027402,125,2021-11-08
34025808701,36005027402,98,2021-11-08
36005001600,36005027402,201,2021-11-08
36005001900,36005027402,398,2021-11-08
36005002800,36005027402,357,2021-11-08
36005004001,36005027402,243,2021-11-08
36005004100,36005027402,122,2021-11-08
36005004200,36005027402,171,2021-11-08
36005006300,36005027402,206,2021-11-08
36005007000,36005027402,147,2021-11-08
36005007800,36005027402,243,2021-11-08
36005008300,36005027402,168,2021-11-08
36005009000,36005027402,2178,2021-11-08
36005009200,36005027402,276,2021-11-08
36005009600,36005027402,188,2021-11-08
36005011502,36005027402,169,2021-11-08
36005011800,36005027402,224,2021-11-08
36005012102,36005027402,170,2021-11-08
36005013000,36005027402,143,2021-11-08
36005013100,36005027402,572,2021-11-08
36005013200,36005027402,290,2021-11-08
36005013500,36005027402,204,2021-11-08
36005015200,36005027402,930,2021-11-08
36005016000,36005027402,123,2021-11-08
36005016200,36005027402,385,2021-11-08
36005016400,36005027402,118,2021-11-08
36005016600,36005027402,292,2021-11-08
36005017702,36005027402,163,2021-11-08
36005017902,36005027402,137,2021-11-08
36005018400,36005027402,501,2021-11-08
36005020000,36005027402,718,2021-11-08
36005021100,36005027402,181,2021-11-08
36005023200,36005027402,164,2021-11-08
36005024400,36005027402,173,2021-11-08
36005024800,36005027402,262,2021-11-08
36005025200,36005027402,182,2021-11-08
36005025600,36005027402,153,2021-11-08
36005026400,36005027402,450,2021-11-08
36005026601,36005027402,569,2021-11-08
36005026602,36005027402,2438,2021-11-08
36005027401,36005027402,790,2021-11-08
36005027402,36005027402,2523,2021-11-08
36005027600,36005027402,176,2021-11-08
36005028400,36005027402,1212,2021-11-08
36005028500,36005027402,154,2021-11-08
36005028800,36005027402,334,2021-11-08
36005029600,36005027402,355,2021-11-08
36005030000,36005027402,1862,2021-11-08
36005034000,36005027402,148,2021-11-08
36005034200,36005027402,124,2021-11-08
36005037100,36005027402,145,2021-11-08
36005038700,36005027402,152,2021-11-08
36005038900,36005027402,126,2021-11-08
36005039300,36005027402,161,2021-11-08
36005039700,36005027402,135,2021-11-08
36005044400,36005027402,291,2021-11-08
36005045600,36005027402,128,2021-11-08
36005046000,36005027402,180,2021-11-08
36005046201,36005027402,1470,2021-11-08
36005046202,36005027402,145,2021-11-08
36005051600,36005027402,157,2021-11-08
36047010100,36005027402,120,2021-11-08
36047027100,36005027402,171,2021-11-08
36047044900,36005027402,517,2021-11-08
36047049700,36005027402,122,2021-11-08
36047056900,36005027402,162,2021-11-08
36061000700,36005027402,522,2021-11-08
36061002602,36005027402,267,2021-11-08
36061003400,36005027402,122,2021-11-08
36061004300,36005027402,203,2021-11-08
36061004900,36005027402,141,2021-11-08
36061005600,36005027402,150,2021-11-08
36061005800,36005027402,136,2021-11-08
36061006400,36005027402,187,2021-11-08
36061006800,36005027402,172,2021-11-08
36061007600,36005027402,143,2021-11-08
36061008300,36005027402,191,2021-11-08
36061011201,36005027402,173,2021-11-08
36061011202,36005027402,162,2021-11-08
36061011203,36005027402,120,2021-11-08
36061011600,36005027402,169,2021-11-08
36061012200,36005027402,188,2021-11-08
36061012500,36005027402,202,2021-11-08
36061013500,36005027402,151,2021-11-08
36061014000,36005027402,183,2021-11-08
36061014500,36005027402,295,2021-11-08
36061016001,36005027402,205,2021-11-08
36061016900,36005027402,131,2021-11-08
36061017200,36005027402,131,2021-11-08
36061019400,36005027402,335,2021-11-08
36079010300,36005027402,112,2021-11-08
36081000100,36005027402,180,2021-11-08
36081007700,36005027402,386,2021-11-08
36081020200,36005027402,133,2021-11-08
36081048500,36005027402,308,2021-11-08
36081054900,36005027402,155,2021-11-08
36081056700,36005027402,123,2021-11-08
36081057700,36005027402,225,2021-11-08
36081071600,36005027402,195,2021-11-08
36081112900,36005027402,133,2021-11-08
36081126700,36005027402,204,2021-11-08
36081144700,36005027402,120,2021-11-08
36087013100,36005027402,260,2021-11-08
36103146604,36005027402,336,2021-11-08
36103158304,36005027402,213,2021-11-08
36103158323,36005027402,141,2021-11-08
36103158606,36005027402,143,2021-11-08
36103158712,36005027402,268,2021-11-08
36119000401,36005027402,129,2021-11-08
36119001600,36005027402,217,2021-11-08
36119002000,36005027402,651,2021-11-08
36119002101,36005027402,129,2021-11-08
36119002401,36005027402,237,2021-11-08
36119002404,36005027402,452,2021-11-08
36119002600,36005027402,130,2021-11-08
36119005002,36005027402,153,2021-11-08
36119005200,36005027402,145,2021-11-08
36119005300,36005027402,160,2021-11-08
36119005500,36005027402,597,2021-11-08
36119005701,36005027402,133,2021-11-08
36119005901,36005027402,355,2021-11-08
36119005902,36005027402,256,2021-11-08
36119006000,36005027402,155,2021-11-08
36119006300,36005027402,133,2021-11-08
36119006801,36005027402,244,2021-11-08
36119006802,36005027402,460,2021-11-08
36119007000,36005027402,146,2021-11-08
36119007100,36005027402,400,2021-11-08
36119007600,36005027402,137,2021-11-08
36119009600,36005027402,630,2021-11-08
36119010300,36005027402,187,2021-11-08
36119010701,36005027402,138,2021-11-08
36119010803,36005027402,122,2021-11-08
34003012001,36005027402,475,2021-11-15
34003045100,36005027402,127,2021-11-15
34003045200,36005027402,94,2021-11-15
34025809301,36005027402,99,2021-11-15
34031256803,36005027402,110,2021-11-15
34037372600,36005027402,118,2021-11-15
36005000400,36005027402,192,2021-11-15
36005001600,36005027402,148,2021-11-15
36005003500,36005027402,226,2021-11-15
36005004001,36005027402,329,2021-11-15
36005005002,36005027402,149,2021-11-15
36005006000,36005027402,173,2021-11-15
36005006300,36005027402,151,2021-11-15
36005007600,36005027402,321,2021-11-15
36005007800,36005027402,441,2021-11-15
36005008500,36005027402,138,2021-11-15
36005008900,36005027402,158,2021-11-15
36005009000,36005027402,2311,2021-11-15
36005009200,36005027402,137,2021-11-15
36005009300,36005027402,125,2021-11-15
36005009600,36005027402,166,2021-11-15
36005011800,36005027402,580,2021-11-15
36005011900,36005027402,255,2021-11-15
36005012101,36005027402,157,2021-11-15
36005012102,36005027402,116,2021-11-15
36005013200,36005027402,1159,2021-11-15
36005013500,36005027402,183,2021-11-15
36005014100,36005027402,130,2021-11-15
36005015200,36005027402,894,2021-11-15
36005015800,36005027402,341,2021-11-15
36005016000,36005027402,312,2021-11-15
36005016200,36005027402,173,2021-11-15
36005016400,36005027402,499,2021-11-15
36005016600,36005027402,282,2021-11-15
36005018400,36005027402,1091,2021-11-15
36005019400,36005027402,181,2021-11-15
36005020000,36005027402,666,2021-11-15
36005020400,36005027402,181,2021-11-15
36005021001,36005027402,258,2021-11-15
36005022200,36005027402,356,2021-11-15
36005022403,36005027402,139,2021-11-15
36005022701,36005027402,167,2021-11-15
36005023703,36005027402,131,2021-11-15
36005024800,36005027402,238,2021-11-15
36005025000,36005027402,107,2021-11-15
36005025100,36005027402,122,2021-11-15
36005025400,36005027402,119,2021-11-15
36005026400,36005027402,535,2021-11-15
36005026601,36005027402,1033,2021-11-15
36005026602,36005027402,3698,2021-11-15
36005027401,36005027402,318,2021-11-15
36005027402,36005027402,1102,2021-11-15
36005028400,36005027402,853,2021-11-15
36005028600,36005027402,414,2021-11-15
36005028800,36005027402,147,2021-11-15
36005029600,36005027402,959,2021-11-15
36005030000,36005027402,1309,2021-11-15
36005030200,36005027402,198,2021-11-15
36005032600,36005027402,294,2021-11-15
36005033400,36005027402,470,2021-11-15
36005035000,36005027402,146,2021-11-15
36005038000,36005027402,139,2021-11-15
36005038500,36005027402,253,2021-11-15
36005039100,36005027402,180,2021-11-15
36005039700,36005027402,1170,2021-11-15
36005042100,36005027402,334,2021-11-15
36005046000,36005027402,144,2021-11-15
36005046201,36005027402,791,2021-11-15
36047041900,36005027402,137,2021-11-15
36047044900,36005027402,171,2021-11-15
36059302102,36005027402,114,2021-11-15
36059404400,36005027402,109,2021-11-15
36059405302,36005027402,252,2021-11-15
36059405500,36005027402,129,2021-11-15
36061000700,36005027402,155,2021-11-15
36061002900,36005027402,117,2021-11-15
36061003200,36005027402,104,2021-11-15
36061003400,36005027402,261,2021-11-15
36061009500,36005027402,291,2021-11-15
36061011202,36005027402,112,2021-11-15
36061011203,36005027402,195,2021-11-15
36061011300,36005027402,128,2021-11-15
36061011401,36005027402,124,2021-11-15
36061011800,36005027402,129,2021-11-15
36061012200,36005027402,158,2021-11-15
36061013100,36005027402,124,2021-11-15
36061014402,36005027402,146,2021-11-15
36061014500,36005027402,189,2021-11-15
36061014900,36005027402,147,2021-11-15
36061016600,36005027402,249,2021-11-15
36061018100,36005027402,160,2021-11-15
36081000100,36005027402,271,2021-11-15
36081005900,36005027402,121,2021-11-15
36081014700,36005027402,137,2021-11-15
36081084900,36005027402,115,2021-11-15
36081087100,36005027402,124,2021-11-15
36081090700,36005027402,188,2021-11-15
36081122702,36005027402,124,2021-11-15
36087011102,36005027402,342,2021-11-15
36087011302,36005027402,163,2021-11-15
36087013100,36005027402,224,2021-11-15
36119001403,36005027402,155,2021-11-15
36119002000,36005027402,774,2021-11-15
36119002201,36005027402,108,2021-11-15
36119002600,36005027402,116,2021-11-15
36119004800,36005027402,108,2021-11-15
36119005002,36005027402,304,2021-11-15
36119005200,36005027402,508,2021-11-15
36119005500,36005027402,231,2021-11-15
36119005701,36005027402,265,2021-11-15
36119005902,36005027402,835,2021-11-15
36119006000,36005027402,821,2021-11-15
36119006400,36005027402,260,2021-11-15
36119006801,36005027402,114,2021-11-15
36119006900,36005027402,153,2021-11-15
36119007000,36005027402,145,2021-11-15
36119007200,36005027402,700,2021-11-15
36119007700,36005027402,110,2021-11-15
36119007900,36005027402,321,2021-11-15
36119008401,36005027402,162,2021-11-15
36119008602,36005027402,104,2021-11-15
36119009000,36005027402,169,2021-11-15
36119009400,36005027402,329,2021-11-15
36119010803,36005027402,111,2021-11-15
36119010901,36005027402,237,2021-11-15
36119013600,36005027402,146,2021-11-15
34003032103,36005027402,71,2021-11-22
34017002800,36005027402,96,2021-11-22
34025809301,36005027402,92,2021-11-22
34031246300,36005027402,71,2021-11-22
36005001600,36005027402,107,2021-11-22
36005002800,36005027402,85,2021-11-22
36005003500,36005027402,150,2021-11-22
36005003900,36005027402,93,2021-11-22
36005004001,36005027402,283,2021-11-22
36005006000,36005027402,86,2021-11-22
36005007600,36005027402,78,2021-11-22
36005009000,36005027402,982,2021-11-22
36005009200,36005027402,115,2021-11-22
36005009600,36005027402,84,2021-11-22
36005009800,36005027402,234,2021-11-22
36005011800,36005027402,140,2021-11-22
36005013200,36005027402,288,2021-11-22
36005013800,36005027402,83,2021-11-22
36005015200,36005027402,392,2021-11-22
36005015800,36005027402,124,2021-11-22
36005016100,36005027402,138,2021-11-22
36005016400,36005027402,215,2021-11-22
36005016600,36005027402,112,2021-11-22
36005018400,36005027402,896,2021-11-22
36005019400,36005027402,406,2021-11-22
36005020000,36005027402,230,2021-11-22
36005021900,36005027402,93,2021-11-22
36005022200,36005027402,309,2021-11-22
36005022300,36005027402,84,2021-11-22
36005022702,36005027402,160,2021-11-22
36005023501,36005027402,97,2021-11-22
36005024600,36005027402,113,2021-11-22
36005025000,36005027402,80,2021-11-22
36005026300,36005027402,103,2021-11-22
36005026400,36005027402,545,2021-11-22
36005026601,36005027402,608,2021-11-22
36005026602,36005027402,1872,2021-11-22
36005027401,36005027402,106,2021-11-22
36005027402,36005027402,1550,2021-11-22
36005027600,36005027402,225,2021-11-22
36005028400,36005027402,429,2021-11-22
36005029600,36005027402,248,2021-11-22
36005030000,36005027402,751,2021-11-22
36005030200,36005027402,127,2021-11-22
36005031000,36005027402,94,2021-11-22
36005032600,36005027402,134,2021-11-22
36005033400,36005027402,95,2021-11-22
36005037100,36005027402,98,2021-11-22
36005038100,36005027402,142,2021-11-22
36005038302,36005027402,99,2021-11-22
36005039100,36005027402,97,2021-11-22
36005039500,36005027402,101,2021-11-22
36005039700,36005027402,305,2021-11-22
36005040900,36005027402,211,2021-11-22
36005041800,36005027402,137,2021-11-22
36005044400,36005027402,116,2021-11-22
36005046000,36005027402,128,2021-11-22
36005046201,36005027402,562,2021-11-22
36005051600,36005027402,89,2021-11-22
36047005201,36005027402,116,2021-11-22
36047012801,36005027402,112,2021-11-22
36047044900,36005027402,130,2021-11-22
36047050300,36005027402,86,2021-11-22
36059301000,36005027402,74,2021-11-22
36059303102,36005027402,80,2021-11-22
36059303700,36005027402,155,2021-11-22
36061000700,36005027402,199,2021-11-22
36061001502,36005027402,96,2021-11-22
36061002900,36005027402,75,2021-11-22
36061003700,36005027402,105,2021-11-22
36061007000,36005027402,92,2021-11-22
36061009500,36005027402,112,2021-11-22
36061009800,36005027402,206,2021-11-22
36061011201,36005027402,111,2021-11-22
36061011402,36005027402,104,2021-11-22
36061011800,36005027402,74,2021-11-22
36061014500,36005027402,80,2021-11-22
36061015200,36005027402,91,2021-11-22
36061015300,36005027402,89,2021-11-22
36061017200,36005027402,93,2021-11-22
36061019600,36005027402,89,2021-11-22
36061021200,36005027402,111,2021-11-22
36061027100,36005027402,158,2021-11-22
36061027700,36005027402,113,2021-11-22
36081011500,36005027402,80,2021-11-22
36081014100,36005027402,276,2021-11-22
36081021900,36005027402,94,2021-11-22
36081028700,36005027402,182,2021-11-22
36081057700,36005027402,160,2021-11-22
36081074100,36005027402,77,2021-11-22
36081087100,36005027402,168,2021-11-22
36081090700,36005027402,249,2021-11-22
36081091900,36005027402,121,2021-11-22
36081092900,36005027402,138,2021-11-22
36087011102,36005027402,145,2021-11-22
36103158107,36005027402,122,2021-11-22
36103158323,36005027402,87,2021-11-22
36103180300,36005027402,96,2021-11-22
36119000802,36005027402,95,2021-11-22
36119000900,36005027402,168,2021-11-22
36119001503,36005027402,114,2021-11-22
36119002105,36005027402,86,2021-11-22
36119002600,36005027402,207,2021-11-22
36119003400,36005027402,83,2021-11-22
36119004600,36005027402,74,2021-11-22
36119005002,36005027402,524,2021-11-22
36119005200,36005027402,252,2021-11-22
36119005300,36005027402,242,2021-11-22
36119005500,36005027402,263,2021-11-22
36119005701,36005027402,84,2021-11-22
36119005800,36005027402,84,2021-11-22
36119005902,36005027402,139,2021-11-22
36119006000,36005027402,669,2021-11-22
36119006801,36005027402,130,2021-11-22
36119006802,36005027402,87,2021-11-22
36119006900,36005027402,223,2021-11-22
36119008602,36005027402,74,2021-11-22
36119009300,36005027402,78,2021-11-22
36119009400,36005027402,169,2021-11-22
36119009800,36005027402,134,2021-11-22
36119010300,36005027402,102,2021-11-22
36119010701,36005027402,281,2021-11-22
36119010901,36005027402,108,2021-11-22
36119012301,36005027402,121,2021-11-22
36119014805,36005027402,104,2021-11-22
34003049002,36005027402,115,2021-11-29
34017019900,36005027402,158,2021-11-29
34025809301,36005027402,70,2021-11-29
36005001600,36005027402,278,2021-11-29
36005002800,36005027402,101,2021-11-29
36005003100,36005027402,118,2021-11-29
36005003500,36005027402,301,2021-11-29
36005004200,36005027402,107,2021-11-29
36005006300,36005027402,227,2021-11-29
36005007200,36005027402,103,2021-11-29
36005007300,36005027402,90,2021-11-29
36005007800,36005027402,306,2021-11-29
36005007900,36005027402,93,2021-11-29
36005008900,36005027402,93,2021-11-29
36005009000,36005027402,1791,2021-11-29
36005009600,36005027402,193,2021-11-29
36005012102,36005027402,114,2021-11-29
36005013000,36005027402,103,2021-11-29
36005013100,36005027402,301,2021-11-29
36005013200,36005027402,431,2021-11-29
36005013800,36005027402,192,2021-11-29
36005015200,36005027402,475,2021-11-29
36005015800,36005027402,177,2021-11-29
36005016000,36005027402,138,2021-11-29
36005016200,36005027402,308,2021-11-29
36005016600,36005027402,126,2021-11-29
36005016900,36005027402,96,2021-11-29
36005017902,36005027402,107,2021-11-29
36005018400,36005027402,888,2021-11-29
36005019500,36005027402,96,2021-11-29
36005020000,36005027402,315,2021-11-29
36005020400,36005027402,122,2021-11-29
36005020601,36005027402,127,2021-11-29
36005021900,36005027402,106,2021-11-29
36005022200,36005027402,284,2021-11-29
36005022702,36005027402,114,2021-11-29
36005024600,36005027402,100,2021-11-29
36005025400,36005027402,145,2021-11-29
36005025600,36005027402,85,2021-11-29
36005025700,36005027402,94,2021-11-29
36005026400,36005027402,543,2021-11-29
36005026601,36005027402,103,2021-11-29
36005026602,36005027402,2325,2021-11-29
36005027401,36005027402,322,2021-11-29
36005027402,36005027402,1404,2021-11-29
36005028400,36005027402,770,2021-11-29
36005028600,36005027402,181,2021-11-29
36005028800,36005027402,134,2021-11-29
36005029600,36005027402,125,2021-11-29
36005030000,36005027402,646,2021-11-29
36005031000,36005027402,214,2021-11-29
36005032600,36005027402,214,2021-11-29
36005033400,36005027402,141,2021-11-29
36005033700,36005027402,144,2021-11-29
36005037100,36005027402,101,2021-11-29
36005037300,36005027402,137,2021-11-29
36005038100,36005027402,141,2021-11-29
36005038700,36005027402,119,2021-11-29
36005038900,36005027402,188,2021-11-29
36005039100,36005027402,80,2021-11-29
36005039700,36005027402,334,2021-11-29
36005040702,36005027402,97,2021-11-29
36005046201,36005027402,700,2021-11-29
36005050400,36005027402,312,2021-11-29
36047006000,36005027402,105,2021-11-29
36047006700,36005027402,94,2021-11-29
36047014800,36005027402,93,2021-11-29
36047044900,36005027402,304,2021-11-29
36047107800,36005027402,141,2021-11-29
36047117400,36005027402,130,2021-11-29
36059301000,36005027402,103,2021-11-29
36061000700,36005027402,144,2021-11-29
36061003800,36005027402,80,2021-11-29
36061006800,36005027402,205,2021-11-29
36061009600,36005027402,86,2021-11-29
36061009700,36005027402,88,2021-11-29
36061010400,36005027402,153,2021-11-29
36061011203,36005027402,380,2021-11-29
36061013900,36005027402,131,2021-11-29
36061014500,36005027402,116,2021-11-29
36061015100,36005027402,96,2021-11-29
36061016100,36005027402,90,2021-11-29
36061017200,36005027402,95,2021-11-29
36061018100,36005027402,82,2021-11-29
36061019600,36005027402,98,2021-11-29
36081001900,36005027402,176,2021-11-29
36081006100,36005027402,125,2021-11-29
36081048500,36005027402,173,2021-11-29
36081056700,36005027402,112,2021-11-29
36081086400,36005027402,347,2021-11-29
36081090700,36005027402,128,2021-11-29
36081104700,36005027402,109,2021-11-29
36081118100,36005027402,94,2021-11-29
36087010804,36005027402,208,2021-11-29
36087011102,36005027402,265,2021-11-29
36087011301,36005027402,86,2021-11-29
36087013100,36005027402,154,2021-11-29
36119000401,36005027402,122,2021-11-29
36119001303,36005027402,172,2021-11-29
36119001600,36005027402,88,2021-11-29
36119001700,36005027402,100,2021-11-29
36119002000,36005027402,353,2021-11-29
36119002105,36005027402,86,2021-11-29
36119002107,36005027402,274,2021-11-29
36119002403,36005027402,118,2021-11-29
36119002404,36005027402,93,2021-11-29
36119002405,36005027402,100,2021-11-29
36119002600,36005027402,247,2021-11-29
36119003500,36005027402,122,2021-11-29
36119003900,36005027402,86,2021-11-29
36119005001,36005027402,168,2021-11-29
36119005002,36005027402,504,2021-11-29
36119005100,36005027402,156,2021-11-29
36119005300,36005027402,122,2021-11-29
36119005500,36005027402,178,2021-11-29
36119005701,36005027402,467,2021-11-29
36119006000,36005027402,935,2021-11-29
36119006100,36005027402,146,2021-11-29
36119006802,36005027402,387,2021-11-29
36119007800,36005027402,187,2021-11-29
36119007900,36005027402,156,2021-11-29
36119008000,36005027402,96,2021-11-29
36119008602,36005027402,261,2021-11-29
36119008700,36005027402,97,2021-11-29
36119008800,36005027402,104,2021-11-29
36119009400,36005027402,319,2021-11-29
36119009500,36005027402,88,2021-11-29
36119010901,36005027402,183,2021-11-29
36119011000,36005027402,91,2021-11-29
36119014805,36005027402,91,2021-11-29
34017018200,36005027402,106,2021-12-06
34017019900,36005027402,86,2021-12-06
34025807700,36005027402,337,2021-12-06
36005001600,36005027402,192,2021-12-06
36005001900,36005027402,303,2021-12-06
36005004001,36005027402,99,2021-12-06
36005004200,36005027402,241,2021-12-06
36005005002,36005027402,138,2021-12-06
36005007200,36005027402,103,2021-12-06
36005007600,36005027402,104,2021-12-06
36005007800,36005027402,86,2021-12-06
36005008500,36005027402,116,2021-12-06
36005009000,36005027402,1242,2021-12-06
36005009600,36005027402,91,2021-12-06
36005011800,36005027402,119,2021-12-06
36005013000,36005027402,118,2021-12-06
36005013100,36005027402,156,2021-12-06
36005013200,36005027402,802,2021-12-06
36005015200,36005027402,407,2021-12-06
36005015800,36005027402,220,2021-12-06
36005016200,36005027402,143,2021-12-06
36005016400,36005027402,127,2021-12-06
36005016700,36005027402,129,2021-12-06
36005017300,36005027402,127,2021-12-06
36005017902,36005027402,226,2021-12-06
36005018301,36005027402,170,2021-12-06
36005018302,36005027402,111,2021-12-06
36005018400,36005027402,621,2021-12-06
36005019400,36005027402,113,2021-12-06
36005020000,36005027402,285,2021-12-06
36005021502,36005027402,244,2021-12-06
36005021800,36005027402,113,2021-12-06
36005022200,36005027402,143,2021-12-06
36005022500,36005027402,212,2021-12-06
36005023600,36005027402,189,2021-12-06
36005024600,36005027402,234,2021-12-06
36005025000,36005027402,109,2021-12-06
36005025700,36005027402,109,2021-12-06
36005026400,36005027402,413,2021-12-06
36005026601,36005027402,437,2021-12-06
36005026602,36005027402,2479,2021-12-06
36005027401,36005027402,369,2021-12-06
36005027402,36005027402,1466,2021-12-06
36005027600,36005027402,300,2021-12-06
36005028400,36005027402,550,2021-12-06
36005029600,36005027402,212,2021-12-06
36005030000,36005027402,688,2021-12-06
36005031000,36005027402,112,2021-12-06
36005032400,36005027402,115,2021-12-06
36005036300,36005027402,124,2021-12-06
36005037900,36005027402,130,2021-12-06
36005039700,36005027402,327,2021-12-06
36005039902,36005027402,112,2021-12-06
36005046000,36005027402,353,2021-12-06
36005046201,36005027402,1027,2021-12-06
36005050400,36005027402,448,2021-12-06
36047006900,36005027402,120,2021-12-06
36047014800,36005027402,97,2021-12-06
36047020800,36005027402,92,2021-12-06
36047054900,36005027402,209,2021-12-06
36047055400,36005027402,148,2021-12-06
36047055700,36005027402,106,2021-12-06
36047060000,36005027402,95,2021-12-06
36059301000,36005027402,209,2021-12-06
36059303600,36005027402,233,2021-12-06
36059303800,36005027402,96,2021-12-06
36059407301,36005027402,112,2021-12-06
36059408000,36005027402,92,2021-12-06
36059415600,36005027402,442,2021-12-06
36061000700,36005027402,148,2021-12-06
36061004800,36005027402,121,2021-12-06
36061004900,36005027402,86,2021-12-06
36061005000,36005027402,113,2021-12-06
36061005501,36005027402,94,2021-12-06
36061005700,36005027402,102,2021-12-06
36061006800,36005027402,277,2021-12-06
36061008400,36005027402,253,2021-12-06
36061011201,36005027402,110,2021-12-06
36061011202,36005027402,140,2021-12-06
36061011300,36005027402,93,2021-12-06
36061011900,36005027402,92,2021-12-06
36061012200,36005027402,268,2021-12-06
36081004300,36005027402,184,2021-12-06
36081011500,36005027402,117,2021-12-06
36081020800,36005027402,140,2021-12-06
36081090700,36005027402,152,2021-12-06
36081094500,36005027402,149,2021-12-06
36087010804,36005027402,151,2021-12-06
36087011102,36005027402,105,2021-12-06
36087013100,36005027402,189,2021-12-06
36119000900,36005027402,207,2021-12-06
36119002000,36005027402,756,2021-12-06
36119002104,36005027402,103,2021-12-06
36119002600,36005027402,100,2021-12-06
36119004600,36005027402,220,2021-12-06
36119004800,36005027402,92,2021-12-06
36119005002,36005027402,238,2021-12-06
36119005100,36005027402,306,2021-12-06
36119005200,36005027402,100,2021-12-06
36119005500,36005027402,644,2021-12-06
36119005902,36005027402,89,2021-12-06
36119006000,36005027402,531,2021-12-06
36119006300,36005027402,223,2021-12-06
36119006900,36005027402,329,2021-12-06
36119007100,36005027402,199,2021-12-06
36119007200,36005027402,632,2021-12-06
36119008301,36005027402,136,2021-12-06
36119008602,36005027402,110,2021-12-06
36119009300,36005027402,134,2021-12-06
36119009400,36005027402,344,2021-12-06
36119010901,36005027402,196,2021-12-06
36119011000,36005027402,160,2021-12-06
36005001900,36005027402,162,2021-12-13
36005004200,36005027402,103,2021-12-13
36005004300,36005027402,103,2021-12-13
36005004400,36005027402,239,2021-12-13
36005005001,36005027402,112,2021-12-13
36005005100,36005027402,114,2021-12-13
36005005400,36005027402,124,2021-12-13
36005007800,36005027402,139,2021-12-13
36005008500,36005027402,157,2021-12-13
36005009000,36005027402,1808,2021-12-13
36005009200,36005027402,406,2021-12-13
36005009300,36005027402,119,2021-12-13
36005009600,36005027402,126,2021-12-13
36005011900,36005027402,210,2021-12-13
36005013000,36005027402,111,2021-12-13
36005013100,36005027402,195,2021-12-13
36005013200,36005027402,263,2021-12-13
36005014500,36005027402,110,2021-12-13
36005015200,36005027402,746,2021-12-13
36005015800,36005027402,420,2021-12-13
36005016200,36005027402,193,2021-12-13
36005016400,36005027402,315,2021-12-13
36005016600,36005027402,340,2021-12-13
36005017500,36005027402,160,2021-12-13
36005018400,36005027402,1067,2021-12-13
36005020000,36005027402,237,2021-12-13
36005021001,36005027402,467,2021-12-13
36005021900,36005027402,134,2021-12-13
36005022200,36005027402,377,2021-12-13
36005022703,36005027402,200,2021-12-13
36005023600,36005027402,178,2021-12-13
36005024400,36005027402,163,2021-12-13
36005025300,36005027402,153,2021-12-13
36005026400,36005027402,952,2021-12-13
36005026601,36005027402,545,2021-12-13
36005026602,36005027402,3078,2021-12-13
36005027401,36005027402,112,2021-12-13
36005027402,36005027402,508,2021-12-13
36005028300,36005027402,115,2021-12-13
36005028400,36005027402,553,2021-12-13
36005028600,36005027402,213,2021-12-13
36005028800,36005027402,280,2021-12-13
36005029600,36005027402,116,2021-12-13
36005030000,36005027402,834,2021-12-13
36005031000,36005027402,102,2021-12-13
36005033000,36005027402,102,2021-12-13
36005036100,36005027402,162,2021-12-13
36005037300,36005027402,114,2021-12-13
36005039100,36005027402,259,2021-12-13
36005039700,36005027402,323,2021-12-13
36005040800,36005027402,145,2021-12-13
36005040900,36005027402,237,2021-12-13
36005042100,36005027402,122,2021-12-13
36005044200,36005027402,141,2021-12-13
36005046000,36005027402,356,2021-12-13
36005046201,36005027402,1451,2021-12-13
36005050400,36005027402,385,2021-12-13
36005051600,36005027402,218,2021-12-13
36047055800,36005027402,100,2021-12-13
36047058000,36005027402,138,2021-12-13
36047059100,36005027402,87,2021-12-13
36047117400,36005027402,123,2021-12-13
36059301000,36005027402,101,2021-12-13
36059412700,36005027402,118,2021-12-13
36061001501,36005027402,146,2021-12-13
36061001502,36005027402,117,2021-12-13
36061002201,36005027402,106,2021-12-13
36061003100,36005027402,104,2021-12-13
36061003200,36005027402,109,2021-12-13
36061003700,36005027402,395,2021-12-13
36061004300,36005027402,90,2021-12-13
36061006100,36005027402,88,2021-12-13
36061006500,36005027402,103,2021-12-13
36061006800,36005027402,542,2021-12-13
36061010200,36005027402,154,2021-12-13
36061011000,36005027402,92,2021-12-13
36061011402,36005027402,87,2021-12-13
36061012900,36005027402,181,2021-12-13
36061013100,36005027402,138,2021-12-13
36061013900,36005027402,142,2021-12-13
36061014000,36005027402,108,2021-12-13
36061019600,36005027402,98,2021-12-13
36061023801,36005027402,128,2021-12-13
36079010300,36005027402,131,2021-12-13
36081011700,36005027402,146,2021-12-13
36081024000,36005027402,173,2021-12-13
36081033100,36005027402,218,2021-12-13
36081071600,36005027402,110,2021-12-13
36081091900,36005027402,157,2021-12-13
36087011102,36005027402,245,2021-12-13
36087011303,36005027402,187,2021-12-13
36087011700,36005027402,93,2021-12-13
36119001600,36005027402,149,2021-12-13
36119001700,36005027402,109,2021-12-13
36119001900,36005027402,180,2021-12-13
36119002000,36005027402,251,2021-12-13
36119002101,36005027402,114,2021-12-13
36119002104,36005027402,202,2021-12-13
36119002201,36005027402,120,2021-12-13
36119002404,36005027402,498,2021-12-13
36119002600,36005027402,242,2021-12-13
36119003800,36005027402,92,2021-12-13
36119003900,36005027402,305,2021-12-13
36119005002,36005027402,105,2021-12-13
36119005100,36005027402,474,2021-12-13
36119005300,36005027402,162,2021-12-13
36119005500,36005027402,300,2021-12-13
36119005701,36005027402,115,2021-12-13
36119005902,36005027402,129,2021-12-13
36119006000,36005027402,583,2021-12-13
36119006500,36005027402,152,2021-12-13
36119006600,36005027402,104,2021-12-13
36119006801,36005027402,268,2021-12-13
36119006802,36005027402,107,2021-12-13
36119006900,36005027402,146,2021-12-13
36119007000,36005027402,137,2021-12-13
36119007500,36005027402,126,2021-12-13
36119007600,36005027402,116,2021-12-13
36119007800,36005027402,99,2021-12-13
36119009300,36005027402,92,2021-12-13
36119009400,36005027402,367,2021-12-13
36119010100,36005027402,93,2021-12-13
36119011800,36005027402,118,2021-12-13
36119014804,36005027402,154,2021-12-13
34025808800,36005027402,90,2021-12-20
36005001600,36005027402,123,2021-12-20
36005001900,36005027402,285,2021-12-20
36005002701,36005027402,129,2021-12-20
36005002800,36005027402,295,2021-12-20
36005004200,36005027402,126,2021-12-20
36005007000,36005027402,86,2021-12-20
36005007600,36005027402,154,2021-12-20
36005008500,36005027402,105,2021-12-20
36005009000,36005027402,1224,2021-12-20
36005009200,36005027402,122,2021-12-20
36005011800,36005027402,304,2021-12-20
36005013000,36005027402,128,2021-12-20
36005013200,36005027402,162,2021-12-20
36005013800,36005027402,174,2021-12-20
36005015200,36005027402,666,2021-12-20
36005015800,36005027402,227,2021-12-20
36005016100,36005027402,168,2021-12-20
36005016200,36005027402,213,2021-12-20
36005016600,36005027402,254,2021-12-20
36005017902,36005027402,118,2021-12-20
36005018400,36005027402,201,2021-12-20
36005019400,36005027402,96,2021-12-20
36005020000,36005027402,313,2021-12-20
36005020400,36005027402,200,2021-12-20
36005022401,36005027402,151,2021-12-20
36005022403,36005027402,86,2021-12-20
36005022702,36005027402,129,2021-12-20
36005024000,36005027402,230,2021-12-20
36005024300,36005027402,108,2021-12-20
36005025400,36005027402,86,2021-12-20
36005026400,36005027402,331,2021-12-20
36005026601,36005027402,440,2021-12-20
36005026602,36005027402,3337,2021-12-20
36005027401,36005027402,214,2021-12-20
36005027402,36005027402,477,2021-12-20
36005027600,36005027402,148,2021-12-20
36005028300,36005027402,102,2021-12-20
36005028400,36005027402,507,2021-12-20
36005028600,36005027402,209,2021-12-20
36005028800,36005027402,129,2021-12-20
36005029600,36005027402,97,2021-12-20
36005030000,36005027402,746,2021-12-20
36005031000,36005027402,220,2021-12-20
36005032600,36005027402,108,2021-12-20
36005035800,36005027402,92,2021-12-20
36005036300,36005027402,413,2021-12-20
36005037504,36005027402,183,2021-12-20
36005038700,36005027402,110,2021-12-20
36005038900,36005027402,130,2021-12-20
36005039100,36005027402,182,2021-12-20
36005041100,36005027402,86,2021-12-20
36005042100,36005027402,98,2021-12-20
36005046201,36005027402,1532,2021-12-20
36005050400,36005027402,143,2021-12-20
36047009400,36005027402,121,2021-12-20
36047066600,36005027402,86,2021-12-20
36059520002,36005027402,129,2021-12-20
36061002900,36005027402,86,2021-12-20
36061003700,36005027402,173,2021-12-20
36061004700,36005027402,261,2021-12-20
36061004900,36005027402,102,2021-12-20
36061006400,36005027402,257,2021-12-20
36061006800,36005027402,157,2021-12-20
36061008000,36005027402,112,2021-12-20
36061010200,36005027402,105,2021-12-20
36061011202,36005027402,236,2021-12-20
36061012500,36005027402,143,2021-12-20
36061013900,36005027402,156,2021-12-20
36061014000,36005027402,115,2021-12-20
36061015500,36005027402,141,2021-12-20
36061015900,36005027402,107,2021-12-20
36061017200,36005027402,238,2021-12-20
36061022200,36005027402,213,2021-12-20
36061025300,36005027402,262,2021-12-20
36079011500,36005027402,355,2021-12-20
36079011800,36005027402,96,2021-12-20
36081006100,36005027402,86,2021-12-20
36081006502,36005027402,121,2021-12-20
36081048500,36005027402,140,2021-12-20
36081087100,36005027402,108,2021-12-20
36081090700,36005027402,134,2021-12-20
36081092900,36005027402,286,2021-12-20
36081094500,36005027402,98,2021-12-20
36081098100,36005027402,87,2021-12-20
36081104700,36005027402,97,2021-12-20
36087011303,36005027402,122,2021-12-20
36087013100,36005027402,192,2021-12-20
36103159511,36005027402,94,2021-12-20
36119000900,36005027402,128,2021-12-20
36119002000,36005027402,471,2021-12-20
36119002104,36005027402,96,2021-12-20
36119002105,36005027402,377,2021-12-20
36119002201,36005027402,94,2021-12-20
36119002404,36005027402,487,2021-12-20
36119002600,36005027402,327,2021-12-20
36119003400,36005027402,106,2021-12-20
36119005100,36005027402,197,2021-12-20
36119005200,36005027402,201,2021-12-20
36119005300,36005027402,292,2021-12-20
36119005500,36005027402,321,2021-12-20
36119005701,36005027402,196,2021-12-20
36119005702,36005027402,185,2021-12-20
36119006000,36005027402,95,2021-12-20
36119006300,36005027402,119,2021-12-20
36119006900,36005027402,117,2021-12-20
36119007100,36005027402,102,2021-12-20
36119009400,36005027402,350,2021-12-20
36119009702,36005027402,129,2021-12-20
36119009800,36005027402,212,2021-12-20
36119010100,36005027402,97,2021-12-20
36119010701,36005027402,150,2021-12-20
36119013600,36005027402,107,2021-12-20
34013021701,36005027402,99,2021-12-27
36005000400,36005027402,149,2021-12-27
36005001900,36005027402,85,2021-12-27
36005002800,36005027402,135,2021-12-27
36005004200,36005027402,109,2021-12-27
36005004400,36005027402,131,2021-12-27
36005004600,36005027402,114,2021-12-27
36005006500,36005027402,146,2021-12-27
36005009000,36005027402,1168,2021-12-27
36005009200,36005027402,241,2021-12-27
36005009600,36005027402,252,2021-12-27
36005011800,36005027402,189,2021-12-27
36005013000,36005027402,96,2021-12-27
36005013800,36005027402,93,2021-12-27
36005014500,36005027402,120,2021-12-27
36005015200,36005027402,434,2021-12-27
36005016200,36005027402,223,2021-12-27
36005016600,36005027402,118,2021-12-27
36005018400,36005027402,1055,2021-12-27
36005019400,36005027402,192,2021-12-27
36005020000,36005027402,290,2021-12-27
36005020501,36005027402,170,2021-12-27
36005021302,36005027402,131,2021-12-27
36005022902,36005027402,110,2021-12-27
36005023501,36005027402,112,2021-12-27
36005025000,36005027402,211,2021-12-27
36005025600,36005027402,111,2021-12-27
36005026400,36005027402,716,2021-12-27
36005026601,36005027402,95,2021-12-27
36005026602,36005027402,1669,2021-12-27
36005027401,36005027402,130,2021-12-27
36005027402,36005027402,853,2021-12-27
36005028400,36005027402,309,2021-12-27
36005028900,36005027402,106,2021-12-27
36005029600,36005027402,120,2021-12-27
36005030000,36005027402,542,2021-12-27
36005032400,36005027402,85,2021-12-27
36005032800,36005027402,124,2021-12-27
36005034000,36005027402,88,2021-12-27
36005035600,36005027402,151,2021-12-27
36005036400,36005027402,224,2021-12-27
36005036902,36005027402,109,2021-12-27
36005038600,36005027402,119,2021-12-27
36005039100,36005027402,237,2021-12-27
36005039500,36005027402,118,2021-12-27
36005046201,36005027402,1446,2021-12-27
36005050400,36005027402,266,2021-12-27
36047012801,36005027402,126,2021-12-27
36047014200,36005027402,108,2021-12-27
36047061004,36005027402,108,2021-12-27
36059407301,36005027402,309,2021-12-27
36059416300,36005027402,149,2021-12-27
36059416702,36005027402,122,2021-12-27
36059520001,36005027402,157,2021-12-27
36061003700,36005027402,281,2021-12-27
36061004100,36005027402,199,2021-12-27
36061005800,36005027402,122,2021-12-27
36061009400,36005027402,90,2021-12-27
36061011900,36005027402,107,2021-12-27
36061013500,36005027402,108,2021-12-27
36061014500,36005027402,141,2021-12-27
36061017200,36005027402,117,2021-12-27
36061031703,36005027402,150,2021-12-27
36079010300,36005027402,199,2021-12-27
36079011900,36005027402,119,2021-12-27
36081014300,36005027402,93,2021-12-27
36081038302,36005027402,338,2021-12-27
36081056700,36005027402,93,2021-12-27
36103122801,36005027402,94,2021-12-27
36103158606,36005027402,111,2021-12-27
36119001102,36005027402,170,2021-12-27
36119001700,36005027402,108,2021-12-27
36119002000,36005027402,227,2021-12-27
36119002105,36005027402,307,2021-12-27
36119002106,36005027402,109,2021-12-27
36119002404,36005027402,132,2021-12-27
36119002600,36005027402,422,2021-12-27
36119005002,36005027402,217,2021-12-27
36119005100,36005027402,323,2021-12-27
36119005300,36005027402,372,2021-12-27
36119005400,36005027402,272,2021-12-27
36119005500,36005027402,385,2021-12-27
36119005701,36005027402,305,2021-12-27
36119005902,36005027402,135,2021-12-27
36119006100,36005027402,287,2021-12-27
36119006400,36005027402,113,2021-12-27
36119006801,36005027402,85,2021-12-27
36119006802,36005027402,288,2021-12-27
36119006900,36005027402,212,2021-12-27
36119007100,36005027402,98,2021-12-27
36119007600,36005027402,170,2021-12-27
36119007800,36005027402,229,2021-12-27
36119007900,36005027402,189,2021-12-27
36119008301,36005027402,96,2021-12-27
36119009300,36005027402,180,2021-12-27
36119009400,36005027402,646,2021-12-27
36119010701,36005027402,202,2021-12-27
36119010803,36005027402,106,2021-12-27
36119012900,36005027402,95,2021-12-27
34003012001,36005027402,146,2022-01-03
36005001600,36005027402,252,2022-01-03
36005001900,36005027402,96,2022-01-03
36005002800,36005027402,135,2022-01-03
36005004200,36005027402,137,2022-01-03
36005006200,36005027402,109,2022-01-03
36005006300,36005027402,134,2022-01-03
36005006500,36005027402,106,2022-01-03
36005007000,36005027402,127,2022-01-03
36005009000,36005027402,989,2022-01-03
36005009600,36005027402,218,2022-01-03
36005011000,36005027402,230,2022-01-03
36005011800,36005027402,136,2022-01-03
36005012300,36005027402,144,2022-01-03
36005012500,36005027402,140,2022-01-03
36005012701,36005027402,101,2022-01-03
36005015200,36005027402,197,2022-01-03
36005015800,36005027402,145,2022-01-03
36005016400,36005027402,258,2022-01-03
36005017702,36005027402,118,2022-01-03
36005017901,36005027402,113,2022-01-03
36005017902,36005027402,103,2022-01-03
36005018101,36005027402,93,2022-01-03
36005018400,36005027402,1045,2022-01-03
36005019400,36005027402,101,2022-01-03
36005020000,36005027402,209,2022-01-03
36005022403,36005027402,118,2022-01-03
36005022500,36005027402,126,2022-01-03
36005026400,36005027402,356,2022-01-03
36005026601,36005027402,442,2022-01-03
36005026602,36005027402,2654,2022-01-03
36005027401,36005027402,103,2022-01-03
36005027402,36005027402,436,2022-01-03
36005027600,36005027402,148,2022-01-03
36005028400,36005027402,822,2022-01-03
36005028600,36005027402,205,2022-01-03
36005028800,36005027402,205,2022-01-03
36005029500,36005027402,96,2022-01-03
36005029600,36005027402,294,2022-01-03
36005030000,36005027402,1166,2022-01-03
36005032400,36005027402,134,2022-01-03
36005032600,36005027402,171,2022-01-03
36005037100,36005027402,123,2022-01-03
36005038302,36005027402,307,2022-01-03
36005038900,36005027402,108,2022-01-03
36005039100,36005027402,99,2022-01-03
36005039901,36005027402,126,2022-01-03
36005042100,36005027402,125,2022-01-03
36005043100,36005027402,144,2022-01-03
36005046201,36005027402,1454,2022-01-03
36005046202,36005027402,97,2022-01-03
36005050400,36005027402,519,2022-01-03
36005051600,36005027402,318,2022-01-03
36047119200,36005027402,168,2022-01-03
36061009900,36005027402,146,2022-01-03
36061011201,36005027402,111,2022-01-03
36061011202,36005027402,128,2022-01-03
36061012500,36005027402,169,2022-01-03
36061013700,36005027402,202,2022-01-03
36061014300,36005027402,206,2022-01-03
36061014500,36005027402,275,2022-01-03
36061029500,36005027402,176,2022-01-03
36079011700,36005027402,139,2022-01-03
36079011800,36005027402,132,2022-01-03
36081006100,36005027402,137,2022-01-03
36081031700,36005027402,110,2022-01-03
36081071600,36005027402,481,2022-01-03
36081090700,36005027402,325,2022-01-03
36081098700,36005027402,115,2022-01-03
36119002000,36005027402,251,2022-01-03
36119002104,36005027402,106,2022-01-03
36119002105,36005027402,104,2022-01-03
36119002404,36005027402,110,2022-01-03
36119002600,36005027402,201,2022-01-03
36119003400,36005027402,117,2022-01-03
36119005002,36005027402,217,2022-01-03
36119005100,36005027402,286,2022-01-03
36119005300,36005027402,84,2022-01-03
36119005500,36005027402,301,2022-01-03
36119005701,36005027402,95,2022-01-03
36119005901,36005027402,125,2022-01-03
36119005902,36005027402,252,2022-01-03
36119006000,36005027402,729,2022-01-03
36119006900,36005027402,195,2022-01-03
36119007100,36005027402,87,2022-01-03
36119007200,36005027402,84,2022-01-03
36119007402,36005027402,84,2022-01-03
36119008000,36005027402,100,2022-01-03
36119008602,36005027402,187,2022-01-03
36119009400,36005027402,168,2022-01-03
36119010702,36005027402,229,2022-01-03
36119013103,36005027402,98,2022-01-03
36119013600,36005027402,152,2022-01-03
34003030100,36005027402,76,2022-01-10
34013980200,36005027402,105,2022-01-10
34025808701,36005027402,82,2022-01-10
34025809301,36005027402,83,2022-01-10
34027042302,36005027402,79,2022-01-10
36005001600,36005027402,142,2022-01-10
36005004001,36005027402,215,2022-01-10
36005005200,36005027402,86,2022-01-10
36005006000,36005027402,92,2022-01-10
36005007600,36005027402,117,2022-01-10
36005007800,36005027402,94,2022-01-10
36005008300,36005027402,119,2022-01-10
36005008400,36005027402,132,2022-01-10
36005009000,36005027402,1115,2022-01-10
36005009200,36005027402,405,2022-01-10
36005009600,36005027402,303,2022-01-10
36005012102,36005027402,149,2022-01-10
36005013200,36005027402,810,2022-01-10
36005015200,36005027402,718,2022-01-10
36005015800,36005027402,550,2022-01-10
36005016000,36005027402,175,2022-01-10
36005016400,36005027402,212,2022-01-10
36005016600,36005027402,344,2022-01-10
36005017500,36005027402,128,2022-01-10
36005018400,36005027402,641,2022-01-10
36005019400,36005027402,552,2022-01-10
36005020000,36005027402,284,2022-01-10
36005022200,36005027402,321,2022-01-10
36005022401,36005027402,176,2022-01-10
36005022500,36005027402,101,2022-01-10
36005024600,36005027402,196,2022-01-10
36005024800,36005027402,80,2022-01-10
36005025400,36005027402,102,2022-01-10
36005025600,36005027402,249,2022-01-10
36005026400,36005027402,97,2022-01-10
36005026601,36005027402,1053,2022-01-10
36005026602,36005027402,1582,2022-01-10
36005027401,36005027402,251,2022-01-10
36005027402,36005027402,768,2022-01-10
36005027600,36005027402,140,2022-01-10
36005028400,36005027402,313,2022-01-10
36005029500,36005027402,118,2022-01-10
36005029600,36005027402,195,2022-01-10
36005030000,36005027402,819,2022-01-10
36005031000,36005027402,276,2022-01-10
36005032600,36005027402,240,2022-01-10
36005035900,36005027402,128,2022-01-10
36005039100,36005027402,101,2022-01-10
36005039700,36005027402,150,2022-01-10
36005042100,36005027402,174,2022-01-10
36005046000,36005027402,318,2022-01-10
36005046201,36005027402,361,2022-01-10
36005048400,36005027402,102,2022-01-10
36005050400,36005027402,125,2022-01-10
36047119200,36005027402,163,2022-01-10
36059407801,36005027402,161,2022-01-10
36061003300,36005027402,96,2022-01-10
36061006800,36005027402,183,2022-01-10
36061007300,36005027402,102,2022-01-10
36061007600,36005027402,90,2022-01-10
36061007700,36005027402,101,2022-01-10
36061009100,36005027402,121,2022-01-10
36061009500,36005027402,120,2022-01-10
36061010100,36005027402,93,2022-01-10
36061010300,36005027402,86,2022-01-10
36061011201,36005027402,233,2022-01-10
36061011401,36005027402,97,2022-01-10
36061011600,36005027402,723,2022-01-10
36061014000,36005027402,107,2022-01-10
36061014802,36005027402,85,2022-01-10
36061019500,36005027402,110,2022-01-10
36061030900,36005027402,122,2022-01-10
36079011800,36005027402,102,2022-01-10
36081006502,36005027402,87,2022-01-10
36081006900,36005027402,84,2022-01-10
36081011700,36005027402,80,2022-01-10
36081012500,36005027402,107,2022-01-10
36081020500,36005027402,283,2022-01-10
36081021200,36005027402,147,2022-01-10
36081033100,36005027402,111,2022-01-10
36081048500,36005027402,104,2022-01-10
36081056700,36005027402,148,2022-01-10
36081057700,36005027402,242,2022-01-10
36081073700,36005027402,85,2022-01-10
36081085300,36005027402,95,2022-01-10
36081086400,36005027402,143,2022-01-10
36081086900,36005027402,251,2022-01-10
36081088400,36005027402,132,2022-01-10
36081090700,36005027402,302,2022-01-10
36081091900,36005027402,140,2022-01-10
36081092900,36005027402,188,2022-01-10
36081094700,36005027402,167,2022-01-10
36081122702,36005027402,96,2022-01-10
36081133300,36005027402,105,2022-01-10
36081134700,36005027402,116,2022-01-10
36103158006,36005027402,223,2022-01-10
36119000900,36005027402,183,2022-01-10
36119001900,36005027402,113,2022-01-10
36119002000,36005027402,263,2022-01-10
36119002101,36005027402,205,2022-01-10
36119002105,36005027402,88,2022-01-10
36119002600,36005027402,425,2022-01-10
36119005002,36005027402,242,2022-01-10
36119005300,36005027402,272,2022-01-10
36119005500,36005027402,212,2022-01-10
36119005701,36005027402,89,2022-01-10
36119005902,36005027402,279,2022-01-10
36119006100,36005027402,96,2022-01-10
36119006801,36005027402,228,2022-01-10
36119006900,36005027402,228,2022-01-10
36119007100,36005027402,128,2022-01-10
36119007200,36005027402,253,2022-01-10
36119007500,36005027402,146,2022-01-10
36119008602,36005027402,143,2022-01-10
36119009000,36005027402,104,2022-01-10
36119009300,36005027402,221,2022-01-10
36119010701,36005027402,94,2022-01-10
34027041801,36005027402,87,2022-01-17
34027041901,36005027402,117,2022-01-17
34027042000,36005027402,116,2022-01-17
36005001600,36005027402,109,2022-01-17
36005001900,36005027402,181,2022-01-17
36005002800,36005027402,158,2022-01-17
36005004200,36005027402,251,2022-01-17
36005005002,36005027402,90,2022-01-17
36005006500,36005027402,101,2022-01-17
36005006800,36005027402,110,2022-01-17
36005007800,36005027402,90,2022-01-17
36005008900,36005027402,120,2022-01-17
36005009000,36005027402,820,2022-01-17
36005009200,36005027402,108,2022-01-17
36005009600,36005027402,113,2022-01-17
36005012300,36005027402,129,2022-01-17
36005013200,36005027402,844,2022-01-17
36005013500,36005027402,153,2022-01-17
36005013800,36005027402,104,2022-01-17
36005014701,36005027402,154,2022-01-17
36005015200,36005027402,204,2022-01-17
36005015800,36005027402,388,2022-01-17
36005016000,36005027402,195,2022-01-17
36005016200,36005027402,214,2022-01-17
36005016400,36005027402,106,2022-01-17
36005017902,36005027402,232,2022-01-17
36005018400,36005027402,1122,2022-01-17
36005019400,36005027402,136,2022-01-17
36005020200,36005027402,236,2022-01-17
36005021001,36005027402,124,2022-01-17
36005022000,36005027402,90,2022-01-17
36005022200,36005027402,136,2022-01-17
36005022500,36005027402,148,2022-01-17
36005022702,36005027402,134,2022-01-17
36005023200,36005027402,102,2022-01-17
36005023501,36005027402,121,2022-01-17
36005024000,36005027402,151,2022-01-17
36005024800,36005027402,98,2022-01-17
36005025400,36005027402,158,2022-01-17
36005026400,36005027402,119,2022-01-17
36005026601,36005027402,392,2022-01-17
36005026602,36005027402,2993,2022-01-17
36005026900,36005027402,205,2022-01-17
36005027401,36005027402,209,2022-01-17
36005027402,36005027402,1174,2022-01-17
36005027600,36005027402,146,2022-01-17
36005028300,36005027402,145,2022-01-17
36005028400,36005027402,769,2022-01-17
36005028800,36005027402,245,2022-01-17
36005029600,36005027402,348,2022-01-17
36005030000,36005027402,874,2022-01-17
36005032600,36005027402,238,2022-01-17
36005039700,36005027402,372,2022-01-17
36005040900,36005027402,117,2022-01-17
36005046201,36005027402,664,2022-01-17
36005050400,36005027402,302,2022-01-17
36047012801,36005027402,142,2022-01-17
36047044900,36005027402,145,2022-01-17
36047117400,36005027402,138,2022-01-17
36059302000,36005027402,102,2022-01-17
36061001401,36005027402,143,2022-01-17
36061003200,36005027402,90,2022-01-17
36061003700,36005027402,248,2022-01-17
36061005400,36005027402,114,2022-01-17
36061006800,36005027402,471,2022-01-17
36061007600,36005027402,104,2022-01-17
36061008300,36005027402,111,2022-01-17
36061008601,36005027402,118,2022-01-17
36061010602,36005027402,118,2022-01-17
36061011201,36005027402,473,2022-01-17
36061011600,36005027402,127,2022-01-17
36061012200,36005027402,145,2022-01-17
36061014000,36005027402,149,2022-01-17
36061014500,36005027402,257,2022-01-17
36061016400,36005027402,121,2022-01-17
36061018800,36005027402,92,2022-01-17
36061018900,36005027402,226,2022-01-17
36061019400,36005027402,382,2022-01-17
36061023900,36005027402,135,2022-01-17
36061024900,36005027402,136,2022-01-17
36061025100,36005027402,113,2022-01-17
36061029100,36005027402,100,2022-01-17
36061029300,36005027402,94,2022-01-17
36079011800,36005027402,117,2022-01-17
36081004500,36005027402,94,2022-01-17
36081007100,36005027402,102,2022-01-17
36081012500,36005027402,131,2022-01-17
36081033100,36005027402,125,2022-01-17
36081056700,36005027402,205,2022-01-17
36081057700,36005027402,90,2022-01-17
36081071600,36005027402,157,2022-01-17
36081087100,36005027402,126,2022-01-17
36081089200,36005027402,106,2022-01-17
36081091900,36005027402,197,2022-01-17
36081112300,36005027402,113,2022-01-17
36087013100,36005027402,211,2022-01-17
36103158304,36005027402,447,2022-01-17
36119001102,36005027402,103,2022-01-17
36119001600,36005027402,203,2022-01-17
36119002000,36005027402,400,2022-01-17
36119002600,36005027402,411,2022-01-17
36119005300,36005027402,133,2022-01-17
36119005500,36005027402,549,2022-01-17
36119005701,36005027402,335,2022-01-17
36119005902,36005027402,330,2022-01-17
36119006000,36005027402,409,2022-01-17
36119006400,36005027402,110,2022-01-17
36119006600,36005027402,168,2022-01-17
36119006801,36005027402,180,2022-01-17
36119006802,36005027402,243,2022-01-17
36119006900,36005027402,237,2022-01-17
36119007100,36005027402,103,2022-01-17
36119007200,36005027402,409,2022-01-17
36119007800,36005027402,124,2022-01-17
36119008000,36005027402,104,2022-01-17
36119009300,36005027402,166,2022-01-17
36119009400,36005027402,108,2022-01-17
36119010701,36005027402,99,2022-01-17
36119010801,36005027402,90,2022-01-17
36119010803,36005027402,110,2022-01-17
36119010804,36005027402,353,2022-01-17
36119013000,36005027402,102,2022-01-17
36005004001,36005027402,189,2022-01-24
36005004200,36005027402,281,2022-01-24
36005007800,36005027402,389,2022-01-24
36005008900,36005027402,408,2022-01-24
36005009000,36005027402,878,2022-01-24
36005009200,36005027402,125,2022-01-24
36005009600,36005027402,250,2022-01-24
36005011800,36005027402,179,2022-01-24
36005012102,36005027402,305,2022-01-24
36005013000,36005027402,132,2022-01-24
36005013200,36005027402,800,2022-01-24
36005015200,36005027402,891,2022-01-24
36005015800,36005027402,720,2022-01-24
36005016200,36005027402,483,2022-01-24
36005018400,36005027402,364,2022-01-24
36005019400,36005027402,666,2022-01-24
36005020000,36005027402,350,2022-01-24
36005021001,36005027402,173,2022-01-24
36005021002,36005027402,229,2022-01-24
36005021200,36005027402,131,2022-01-24
36005021602,36005027402,123,2022-01-24
36005022200,36005027402,475,2022-01-24
36005022404,36005027402,133,2022-01-24
36005022703,36005027402,177,2022-01-24
36005023302,36005027402,143,2022-01-24
36005023600,36005027402,200,2022-01-24
36005023800,36005027402,125,2022-01-24
36005024600,36005027402,168,2022-01-24
36005025000,36005027402,127,2022-01-24
36005025200,36005027402,121,2022-01-24
36005025600,36005027402,102,2022-01-24
36005026400,36005027402,303,2022-01-24
36005026601,36005027402,371,2022-01-24
36005026602,36005027402,3026,2022-01-24
36005027401,36005027402,243,2022-01-24
36005027402,36005027402,280,2022-01-24
36005027600,36005027402,196,2022-01-24
36005028400,36005027402,887,2022-01-24
36005029600,36005027402,268,2022-01-24
36005030000,36005027402,981,2022-01-24
36005031000,36005027402,274,2022-01-24
36005037504,36005027402,168,2022-01-24
36005038500,36005027402,165,2022-01-24
36005040702,36005027402,140,2022-01-24
36005042100,36005027402,337,2022-01-24
36005046000,36005027402,430,2022-01-24
36005046201,36005027402,928,2022-01-24
36005050400,36005027402,356,2022-01-24
36005051600,36005027402,387,2022-01-24
36047119200,36005027402,155,2022-01-24
36059407301,36005027402,170,2022-01-24
36059407600,36005027402,110,2022-01-24
36061001800,36005027402,115,2022-01-24
36061010602,36005027402,203,2022-01-24
36061011201,36005027402,296,2022-01-24
36061011600,36005027402,646,2022-01-24
36061011800,36005027402,146,2022-01-24
36061012000,36005027402,127,2022-01-24
36061012200,36005027402,150,2022-01-24
36061013900,36005027402,143,2022-01-24
36061014500,36005027402,386,2022-01-24
36061014802,36005027402,247,2022-01-24
36061018900,36005027402,184,2022-01-24
36079011500,36005027402,175,2022-01-24
36081004300,36005027402,185,2022-01-24
36081011300,36005027402,102,2022-01-24
36081020800,36005027402,181,2022-01-24
36081056700,36005027402,134,2022-01-24
36081071600,36005027402,1098,2022-01-24
36081087100,36005027402,102,2022-01-24
36081090700,36005027402,322,2022-01-24
36081091900,36005027402,132,2022-01-24
36081092900,36005027402,157,2022-01-24
36081094500,36005027402,136,2022-01-24
36081112300,36005027402,130,2022-01-24
36087011303,36005027402,174,2022-01-24
36087013100,36005027402,525,2022-01-24
36119000103,36005027402,206,2022-01-24
36119000900,36005027402,391,2022-01-24
36119002000,36005027402,377,2022-01-24
36119002104,36005027402,109,2022-01-24
36119002105,36005027402,309,2022-01-24
36119002404,36005027402,153,2022-01-24
36119002600,36005027402,244,2022-01-24
36119003300,36005027402,122,2022-01-24
36119003900,36005027402,136,2022-01-24
36119005002,36005027402,163,2022-01-24
36119005100,36005027402,199,2022-01-24
36119005200,36005027402,679,2022-01-24
36119005300,36005027402,118,2022-01-24
36119005500,36005027402,481,2022-01-24
36119005701,36005027402,168,2022-01-24
36119006000,36005027402,381,2022-01-24
36119006801,36005027402,347,2022-01-24
36119007200,36005027402,235,2022-01-24
36119007800,36005027402,143,2022-01-24
36119008000,36005027402,120,2022-01-24
36119009300,36005027402,412,2022-01-24
36119009400,36005027402,373,2022-01-24
36119010100,36005027402,127,2022-01-24
36119010400,36005027402,204,2022-01-24
36119010804,36005027402,108,2022-01-24
36119012200,36005027402,306,2022-01-24
36119013600,36005027402,147,2022-01-24
36119985000,36005027402,242,2022-01-24
34023006606,36005027402,84,2022-01-31
34025808800,36005027402,126,2022-01-31
34025809301,36005027402,110,2022-01-31
36005000400,36005027402,105,2022-01-31
36005001600,36005027402,120,2022-01-31
36005001900,36005027402,134,2022-01-31
36005002800,36005027402,223,2022-01-31
36005004200,36005027402,258,2022-01-31
36005007300,36005027402,154,2022-01-31
36005008500,36005027402,115,2022-01-31
36005009000,36005027402,910,2022-01-31
36005009600,36005027402,98,2022-01-31
36005011800,36005027402,131,2022-01-31
36005013200,36005027402,502,2022-01-31
36005013800,36005027402,350,2022-01-31
36005015200,36005027402,351,2022-01-31
36005015800,36005027402,92,2022-01-31
36005016200,36005027402,159,2022-01-31
36005016400,36005027402,193,2022-01-31
36005016600,36005027402,388,2022-01-31
36005018400,36005027402,381,2022-01-31
36005019400,36005027402,129,2022-01-31
36005020000,36005027402,406,2022-01-31
36005021002,36005027402,188,2022-01-31
36005021800,36005027402,132,2022-01-31
36005022200,36005027402,401,2022-01-31
36005022701,36005027402,95,2022-01-31
36005022902,36005027402,117,2022-01-31
36005023800,36005027402,92,2022-01-31
36005024600,36005027402,262,2022-01-31
36005024800,36005027402,101,2022-01-31
36005026400,36005027402,622,2022-01-31
36005026601,36005027402,302,2022-01-31
36005026602,36005027402,2569,2022-01-31
36005027401,36005027402,168,2022-01-31
36005027402,36005027402,1023,2022-01-31
36005027600,36005027402,457,2022-01-31
36005028400,36005027402,945,2022-01-31
36005028600,36005027402,195,2022-01-31
36005028800,36005027402,138,2022-01-31
36005029600,36005027402,275,2022-01-31
36005030000,36005027402,976,2022-01-31
36005031000,36005027402,222,2022-01-31
36005039100,36005027402,110,2022-01-31
36005043100,36005027402,100,2022-01-31
36005046000,36005027402,284,2022-01-31
36005046201,36005027402,773,2022-01-31
36005050400,36005027402,141,2022-01-31
36005051600,36005027402,123,2022-01-31
36047061004,36005027402,133,2022-01-31
36047119200,36005027402,112,2022-01-31
36059407801,36005027402,183,2022-01-31
36061000700,36005027402,126,2022-01-31
36061000800,36005027402,92,2022-01-31
36061001300,36005027402,116,2022-01-31
36061006100,36005027402,104,2022-01-31
36061006700,36005027402,126,2022-01-31
36061006800,36005027402,114,2022-01-31
36061010000,36005027402,259,2022-01-31
36061010200,36005027402,107,2022-01-31
36061011201,36005027402,167,2022-01-31
36061011202,36005027402,140,2022-01-31
36061011900,36005027402,389,2022-01-31
36061012600,36005027402,115,2022-01-31
36061013500,36005027402,92,2022-01-31
36061014000,36005027402,334,2022-01-31
36061014500,36005027402,195,2022-01-31
36061014801,36005027402,144,2022-01-31
36061014900,36005027402,186,2022-01-31
36061015700,36005027402,142,2022-01-31
36079010300,36005027402,247,2022-01-31
36079011300,36005027402,120,2022-01-31
36079011500,36005027402,160,2022-01-31
36079011800,36005027402,107,2022-01-31
36081004300,36005027402,148,2022-01-31
36081011100,36005027402,137,2022-01-31
36081053900,36005027402,168,2022-01-31
36081056700,36005027402,168,2022-01-31
36081057700,36005027402,278,2022-01-31
36081094500,36005027402,192,2022-01-31
36081103900,36005027402,135,2022-01-31
36081120500,36005027402,102,2022-01-31
36087011102,36005027402,576,2022-01-31
36087013100,36005027402,144,2022-01-31
36119000300,36005027402,101,2022-01-31
36119000401,36005027402,106,2022-01-31
36119000801,36005027402,113,2022-01-31
36119001700,36005027402,109,2022-01-31
36119002000,36005027402,266,2022-01-31
36119002104,36005027402,114,2022-01-31
36119002404,36005027402,102,2022-01-31
36119002600,36005027402,134,2022-01-31
36119005002,36005027402,264,2022-01-31
36119005100,36005027402,117,2022-01-31
36119005300,36005027402,146,2022-01-31
36119005500,36005027402,556,2022-01-31
36119005701,36005027402,211,2022-01-31
36119006000,36005027402,520,2022-01-31
36119006600,36005027402,133,2022-01-31
36119006802,36005027402,272,2022-01-31
36119006900,36005027402,206,2022-01-31
36119007100,36005027402,259,2022-01-31
36119007200,36005027402,92,2022-01-31
36119008500,36005027402,107,2022-01-31
36119008602,36005027402,772,2022-01-31
36119009100,36005027402,260,2022-01-31
36119009300,36005027402,114,2022-01-31
36119010701,36005027402,123,2022-01-31
36119010804,36005027402,132,2022-01-31
36119010902,36005027402,119,2022-01-31
36119013600,36005027402,150,2022-01-31
34025808800,36005027402,137,2022-02-07
34025809301,36005027402,111,2022-02-07
36005001600,36005027402,401,2022-02-07
36005001900,36005027402,145,2022-02-07
36005004001,36005027402,409,2022-02-07
36005004200,36005027402,315,2022-02-07
36005005600,36005027402,97,2022-02-07
36005006500,36005027402,124,2022-02-07
36005007200,36005027402,123,2022-02-07
36005007300,36005027402,151,2022-02-07
36005008500,36005027402,172,2022-02-07
36005008900,36005027402,97,2022-02-07
36005009000,36005027402,1143,2022-02-07
36005009200,36005027402,263,2022-02-07
36005013200,36005027402,145,2022-02-07
36005013500,36005027402,183,2022-02-07
36005013800,36005027402,115,2022-02-07
36005015200,36005027402,661,2022-02-07
36005015800,36005027402,476,2022-02-07
36005016200,36005027402,113,2022-02-07
36005016400,36005027402,477,2022-02-07
36005016600,36005027402,121,2022-02-07
36005017500,36005027402,141,2022-02-07
36005017701,36005027402,137,2022-02-07
36005018301,36005027402,175,2022-02-07
36005018400,36005027402,372,2022-02-07
36005019400,36005027402,145,2022-02-07
36005020000,36005027402,421,2022-02-07
36005020601,36005027402,109,2022-02-07
36005021001,36005027402,288,2022-02-07
36005021900,36005027402,126,2022-02-07
36005022000,36005027402,151,2022-02-07
36005022200,36005027402,246,2022-02-07
36005022300,36005027402,111,2022-02-07
36005022401,36005027402,107,2022-02-07
36005022403,36005027402,278,2022-02-07
36005022404,36005027402,143,2022-02-07
36005023000,36005027402,103,2022-02-07
36005024000,36005027402,325,2022-02-07
36005024800,36005027402,97,2022-02-07
36005025600,36005027402,183,2022-02-07
36005026400,36005027402,476,2022-02-07
36005026601,36005027402,839,2022-02-07
36005026602,36005027402,3617,2022-02-07
36005026900,36005027402,115,2022-02-07
36005027401,36005027402,729,2022-02-07
36005027402,36005027402,1324,2022-02-07
36005027600,36005027402,290,2022-02-07
36005028400,36005027402,296,2022-02-07
36005028800,36005027402,124,2022-02-07
36005029600,36005027402,236,2022-02-07
36005030000,36005027402,1124,2022-02-07
36005031000,36005027402,390,2022-02-07
36005032400,36005027402,157,2022-02-07
36005032600,36005027402,262,2022-02-07
36005033000,36005027402,208,2022-02-07
36005033202,36005027402,146,2022-02-07
36005033400,36005027402,406,2022-02-07
36005035600,36005027402,138,2022-02-07
36005035900,36005027402,166,2022-02-07
36005038000,36005027402,106,2022-02-07
36005039100,36005027402,237,2022-02-07
36005039700,36005027402,984,2022-02-07
36005046201,36005027402,1224,2022-02-07
36005046202,36005027402,115,2022-02-07
36005050400,36005027402,608,2022-02-07
36005051600,36005027402,114,2022-02-07
36047050500,36005027402,111,2022-02-07
36047119200,36005027402,161,2022-02-07
36059416701,36005027402,168,2022-02-07
36061000700,36005027402,298,2022-02-07
36061002900,36005027402,99,2022-02-07
36061003800,36005027402,400,2022-02-07
36061006800,36005027402,510,2022-02-07
36061007600,36005027402,109,2022-02-07
36061009600,36005027402,143,2022-02-07
36061010900,36005027402,142,2022-02-07
36061011201,36005027402,168,2022-02-07
36061011203,36005027402,116,2022-02-07
36061011800,36005027402,106,2022-02-07
36061012900,36005027402,109,2022-02-07
36061013900,36005027402,129,2022-02-07
36061014500,36005027402,171,2022-02-07
36061019400,36005027402,228,2022-02-07
36061019900,36005027402,130,2022-02-07
36081004300,36005027402,175,2022-02-07
36081004500,36005027402,153,2022-02-07
36081053900,36005027402,194,2022-02-07
36081056700,36005027402,183,2022-02-07
36081063700,36005027402,112,2022-02-07
36081145101,36005027402,107,2022-02-07
36103158511,36005027402,106,2022-02-07
36103158712,36005027402,113,2022-02-07
36119000103,36005027402,125,2022-02-07
36119000702,36005027402,136,2022-02-07
36119000802,36005027402,99,2022-02-07
36119001102,36005027402,129,2022-02-07
36119001403,36005027402,138,2022-02-07
36119002000,36005027402,278,2022-02-07
36119002105,36005027402,114,2022-02-07
36119002404,36005027402,117,2022-02-07
36119002600,36005027402,136,2022-02-07
36119003800,36005027402,117,2022-02-07
36119004600,36005027402,114,2022-02-07
36119005002,36005027402,415,2022-02-07
36119005100,36005027402,567,2022-02-07
36119005300,36005027402,438,2022-02-07
36119005500,36005027402,737,2022-02-07
36119005701,36005027402,396,2022-02-07
36119006000,36005027402,832,2022-02-07
36119006100,36005027402,208,2022-02-07
36119006500,36005027402,312,2022-02-07
36119006802,36005027402,223,2022-02-07
36119007000,36005027402,114,2022-02-07
36119007100,36005027402,157,2022-02-07
36119007200,36005027402,491,2022-02-07
36119007300,36005027402,122,2022-02-07
36119008301,36005027402,145,2022-02-07
36119008404,36005027402,116,2022-02-07
36119008602,36005027402,97,2022-02-07
36119009300,36005027402,775,2022-02-07
36119010803,36005027402,109,2022-02-07
36119010901,36005027402,248,2022-02-07
36119012200,36005027402,212,2022-02-07
36119985000,36005027402,717,2022-02-07
34003015300,36005027402,77,2022-02-14
34025808701,36005027402,91,2022-02-14
36005002702,36005027402,115,2022-02-14
36005002800,36005027402,141,2022-02-14
36005004200,36005027402,134,2022-02-14
36005007900,36005027402,115,2022-02-14
36005008500,36005027402,117,2022-02-14
36005009000,36005027402,1275,2022-02-14
36005009200,36005027402,256,2022-02-14
36005009600,36005027402,332,2022-02-14
36005011800,36005027402,261,2022-02-14
36005011900,36005027402,169,2022-02-14
36005013100,36005027402,188,2022-02-14
36005013200,36005027402,531,2022-02-14
36005015200,36005027402,330,2022-02-14
36005015500,36005027402,109,2022-02-14
36005016000,36005027402,136,2022-02-14
36005016100,36005027402,94,2022-02-14
36005016400,36005027402,415,2022-02-14
36005016600,36005027402,108,2022-02-14
36005017702,36005027402,117,2022-02-14
36005018400,36005027402,750,2022-02-14
36005019400,36005027402,349,2022-02-14
36005020000,36005027402,470,2022-02-14
36005020200,36005027402,89,2022-02-14
36005020601,36005027402,181,2022-02-14
36005021900,36005027402,126,2022-02-14
36005022200,36005027402,239,2022-02-14
36005022404,36005027402,134,2022-02-14
36005022500,36005027402,125,2022-02-14
36005022902,36005027402,119,2022-02-14
36005023100,36005027402,107,2022-02-14
36005024400,36005027402,117,2022-02-14
36005024800,36005027402,224,2022-02-14
36005025000,36005027402,104,2022-02-14
36005025400,36005027402,209,2022-02-14
36005025600,36005027402,89,2022-02-14
36005026400,36005027402,402,2022-02-14
36005026601,36005027402,283,2022-02-14
36005026602,36005027402,2690,2022-02-14
36005027401,36005027402,260,2022-02-14
36005027402,36005027402,986,2022-02-14
36005028400,36005027402,133,2022-02-14
36005028800,36005027402,239,2022-02-14
36005029500,36005027402,116,2022-02-14
36005030000,36005027402,1224,2022-02-14
36005031000,36005027402,95,2022-02-14
36005032600,36005027402,254,2022-02-14
36005033400,36005027402,234,2022-02-14
36005035600,36005027402,143,2022-02-14
36005037800,36005027402,119,2022-02-14
36005038900,36005027402,96,2022-02-14
36005040900,36005027402,114,2022-02-14
36005041400,36005027402,96,2022-02-14
36005044400,36005027402,315,2022-02-14
36005044902,36005027402,155,2022-02-14
36005046000,36005027402,441,2022-02-14
36005046201,36005027402,1257,2022-02-14
36005050400,36005027402,465,2022-02-14
36047009400,36005027402,173,2022-02-14
36047044500,36005027402,165,2022-02-14
36047055800,36005027402,127,2022-02-14
36047119200,36005027402,125,2022-02-14
36061000700,36005027402,322,2022-02-14
36061000800,36005027402,108,2022-02-14
36061001300,36005027402,177,2022-02-14
36061001501,36005027402,243,2022-02-14
36061006500,36005027402,119,2022-02-14
36061006800,36005027402,243,2022-02-14
36061009400,36005027402,95,2022-02-14
36061010100,36005027402,94,2022-02-14
36061011100,36005027402,313,2022-02-14
36061011201,36005027402,409,2022-02-14
36061011203,36005027402,96,2022-02-14
36061011900,36005027402,133,2022-02-14
36061013900,36005027402,129,2022-02-14
36061014000,36005027402,381,2022-02-14
36061014801,36005027402,130,2022-02-14
36061015802,36005027402,101,2022-02-14
36061018900,36005027402,147,2022-02-14
36061019400,36005027402,372,2022-02-14
36079011500,36005027402,129,2022-02-14
36081003300,36005027402,96,2022-02-14
36081004300,36005027402,165,2022-02-14
36081007700,36005027402,101,2022-02-14
36081013700,36005027402,94,2022-02-14
36081021200,36005027402,159,2022-02-14
36081033100,36005027402,219,2022-02-14
36081057700,36005027402,102,2022-02-14
36081061301,36005027402,130,2022-02-14
36081071600,36005027402,244,2022-02-14
36081086900,36005027402,98,2022-02-14
36081091900,36005027402,181,2022-02-14
36103135204,36005027402,121,2022-02-14
36119000103,36005027402,89,2022-02-14
36119001502,36005027402,119,2022-02-14
36119001503,36005027402,200,2022-02-14
36119002104,36005027402,108,2022-02-14
36119002105,36005027402,167,2022-02-14
36119002600,36005027402,225,2022-02-14
36119004800,36005027402,92,2022-02-14
36119005002,36005027402,249,2022-02-14
36119005100,36005027402,95,2022-02-14
36119005300,36005027402,120,2022-02-14
36119005500,36005027402,551,2022-02-14
36119005701,36005027402,453,2022-02-14
36119005902,36005027402,283,2022-02-14
36119006000,36005027402,152,2022-02-14
36119006400,36005027402,89,2022-02-14
36119006900,36005027402,192,2022-02-14
36119007200,36005027402,186,2022-02-14
36119007800,36005027402,243,2022-02-14
36119008000,36005027402,138,2022-02-14
36119008404,36005027402,112,2022-02-14
36119008602,36005027402,285,2022-02-14
36119009800,36005027402,136,2022-02-14
36119010701,36005027402,310,2022-02-14
36119012200,36005027402,155,2022-02-14
36119013103,36005027402,89,2022-02-14
36119985000,36005027402,264,2022-02-14
34025803600,36005027402,81,2022-02-21
36005001900,36005027402,237,2022-02-21
36005004001,36005027402,74,2022-02-21
36005004200,36005027402,95,2022-02-21
36005006500,36005027402,133,2022-02-21
36005007300,36005027402,83,2022-02-21
36005007700,36005027402,78,2022-02-21
36005008500,36005027402,85,2022-02-21
36005009000,36005027402,521,2022-02-21
36005009600,36005027402,329,2022-02-21
36005011800,36005027402,213,2022-02-21
36005013200,36005027402,101,2022-02-21
36005013500,36005027402,99,2022-02-21
36005013800,36005027402,80,2022-02-21
36005015200,36005027402,333,2022-02-21
36005016400,36005027402,166,2022-02-21
36005018400,36005027402,399,2022-02-21
36005019400,36005027402,149,2022-02-21
36005020000,36005027402,424,2022-02-21
36005020400,36005027402,79,2022-02-21
36005021001,36005027402,74,2022-02-21
36005021800,36005027402,82,2022-02-21
36005023100,36005027402,70,2022-02-21
36005023600,36005027402,112,2022-02-21
36005024000,36005027402,140,2022-02-21
36005024600,36005027402,90,2022-02-21
36005024800,36005027402,70,2022-02-21
36005025000,36005027402,94,2022-02-21
36005025400,36005027402,65,2022-02-21
36005025600,36005027402,76,2022-02-21
36005026400,36005027402,548,2022-02-21
36005026601,36005027402,166,2022-02-21
36005026602,36005027402,1432,2022-02-21
36005027401,36005027402,122,2022-02-21
36005027402,36005027402,943,2022-02-21
36005027600,36005027402,99,2022-02-21
36005028400,36005027402,423,2022-02-21
36005028500,36005027402,151,2022-02-21
36005028600,36005027402,133,2022-02-21
36005029600,36005027402,72,2022-02-21
36005030000,36005027402,1142,2022-02-21
36005031200,36005027402,65,2022-02-21
36005032400,36005027402,82,2022-02-21
36005032600,36005027402,124,2022-02-21
36005033000,36005027402,75,2022-02-21
36005033400,36005027402,349,2022-02-21
36005033800,36005027402,78,2022-02-21
36005035800,36005027402,101,2022-02-21
36005037300,36005027402,84,2022-02-21
36005042000,36005027402,117,2022-02-21
36005045600,36005027402,78,2022-02-21
36005046201,36005027402,1295,2022-02-21
36005046202,36005027402,85,2022-02-21
36005050400,36005027402,218,2022-02-21
36047036900,36005027402,85,2022-02-21
36059303500,36005027402,89,2022-02-21
36059416000,36005027402,75,2022-02-21
36061001800,36005027402,73,2022-02-21
36061002201,36005027402,90,2022-02-21
36061003700,36005027402,191,2022-02-21
36061003800,36005027402,70,2022-02-21
36061005700,36005027402,69,2022-02-21
36061006100,36005027402,70,2022-02-21
36061006600,36005027402,81,2022-02-21
36061006800,36005027402,210,2022-02-21
36061009600,36005027402,70,2022-02-21
36061010100,36005027402,66,2022-02-21
36061010300,36005027402,173,2022-02-21
36061010900,36005027402,198,2022-02-21
36061011201,36005027402,204,2022-02-21
36061011202,36005027402,89,2022-02-21
36061011300,36005027402,119,2022-02-21
36061011401,36005027402,82,2022-02-21
36061011900,36005027402,160,2022-02-21
36061012600,36005027402,123,2022-02-21
36061013700,36005027402,100,2022-02-21
36061014601,36005027402,99,2022-02-21
36061022900,36005027402,137,2022-02-21
36061024900,36005027402,87,2022-02-21
36081003300,36005027402,87,2022-02-21
36081012500,36005027402,71,2022-02-21
36081053900,36005027402,188,2022-02-21
36081071600,36005027402,222,2022-02-21
36081134100,36005027402,97,2022-02-21
36087010902,36005027402,80,2022-02-21
36087011200,36005027402,68,2022-02-21
36087013100,36005027402,293,2022-02-21
36119000600,36005027402,108,2022-02-21
36119001502,36005027402,65,2022-02-21
36119002000,36005027402,180,2022-02-21
36119002105,36005027402,164,2022-02-21
36119002402,36005027402,233,2022-02-21
36119002600,36005027402,165,2022-02-21
36119003900,36005027402,65,2022-02-21
36119004600,36005027402,95,2022-02-21
36119004800,36005027402,92,2022-02-21
36119005002,36005027402,178,2022-02-21
36119005300,36005027402,183,2022-02-21
36119005500,36005027402,372,2022-02-21
36119005701,36005027402,224,2022-02-21
36119005902,36005027402,65,2022-02-21
36119006000,36005027402,223,2022-02-21
36119006100,36005027402,65,2022-02-21
36119006400,36005027402,119,2022-02-21
36119006500,36005027402,65,2022-02-21
36119006801,36005027402,87,2022-02-21
36119006900,36005027402,165,2022-02-21
36119007300,36005027402,77,2022-02-21
36119007401,36005027402,122,2022-02-21
36119007800,36005027402,97,2022-02-21
36119008100,36005027402,76,2022-02-21
36119008602,36005027402,324,2022-02-21
36119009300,36005027402,155,2022-02-21
36119009400,36005027402,73,2022-02-21
36119009703,36005027402,95,2022-02-21
36119009800,36005027402,71,2022-02-21
36119985000,36005027402,104,2022-02-21
34025808500,36005027402,55,2022-02-28
36005001600,36005027402,425,2022-02-28
36005001900,36005027402,185,2022-02-28
36005002800,36005027402,103,2022-02-28
36005004400,36005027402,74,2022-02-28
36005005100,36005027402,139,2022-02-28
36005007200,36005027402,69,2022-02-28
36005007300,36005027402,83,2022-02-28
36005007800,36005027402,122,2022-02-28
36005008300,36005027402,72,2022-02-28
36005008700,36005027402,57,2022-02-28
36005009000,36005027402,509,2022-02-28
36005009200,36005027402,160,2022-02-28
36005009600,36005027402,94,2022-02-28
36005011800,36005027402,84,2022-02-28
36005013000,36005027402,169,2022-02-28
36005013100,36005027402,145,2022-02-28
36005013200,36005027402,503,2022-02-28
36005013500,36005027402,101,2022-02-28
36005013800,36005027402,208,2022-02-28
36005015200,36005027402,367,2022-02-28
36005015800,36005027402,170,2022-02-28
36005016200,36005027402,71,2022-02-28
36005016400,36005027402,260,2022-02-28
36005016600,36005027402,169,2022-02-28
36005018400,36005027402,128,2022-02-28
36005019400,36005027402,131,2022-02-28
36005020000,36005027402,319,2022-02-28
36005021002,36005027402,144,2022-02-28
36005021200,36005027402,57,2022-02-28
36005021302,36005027402,86,2022-02-28
36005022200,36005027402,416,2022-02-28
36005022701,36005027402,87,2022-02-28
36005024400,36005027402,78,2022-02-28
36005024600,36005027402,73,2022-02-28
36005025400,36005027402,61,2022-02-28
36005026400,36005027402,80,2022-02-28
36005026601,36005027402,374,2022-02-28
36005026602,36005027402,2569,2022-02-28
36005027401,36005027402,240,2022-02-28
36005027402,36005027402,740,2022-02-28
36005028400,36005027402,540,2022-02-28
36005028800,36005027402,158,2022-02-28
36005029600,36005027402,80,2022-02-28
36005030000,36005027402,727,2022-02-28
36005031000,36005027402,76,2022-02-28
36005032600,36005027402,79,2022-02-28
36005033400,36005027402,85,2022-02-28
36005038900,36005027402,67,2022-02-28
36005039000,36005027402,208,2022-02-28
36005039700,36005027402,234,2022-02-28
36005046000,36005027402,234,2022-02-28
36005046201,36005027402,966,2022-02-28
36005046202,36005027402,215,2022-02-28
36005050400,36005027402,178,2022-02-28
36005051600,36005027402,72,2022-02-28
36047012902,36005027402,228,2022-02-28
36047055800,36005027402,81,2022-02-28
36059518900,36005027402,78,2022-02-28
36059520001,36005027402,168,2022-02-28
36061000700,36005027402,311,2022-02-28
36061001501,36005027402,57,2022-02-28
36061002100,36005027402,76,2022-02-28
36061002900,36005027402,70,2022-02-28
36061003200,36005027402,105,2022-02-28
36061003700,36005027402,104,2022-02-28
36061003800,36005027402,62,2022-02-28
36061006800,36005027402,219,2022-02-28
36061007600,36005027402,72,2022-02-28
36061009900,36005027402,85,2022-02-28
36061010300,36005027402,59,2022-02-28
36061011201,36005027402,104,2022-02-28
36061011600,36005027402,87,2022-02-28
36061011900,36005027402,85,2022-02-28
36061012000,36005027402,60,2022-02-28
36061012500,36005027402,105,2022-02-28
36061012600,36005027402,80,2022-02-28
36061014000,36005027402,95,2022-02-28
36061014500,36005027402,96,2022-02-28
36061018900,36005027402,83,2022-02-28
36081004500,36005027402,103,2022-02-28
36081006900,36005027402,69,2022-02-28
36081011700,36005027402,129,2022-02-28
36081056700,36005027402,89,2022-02-28
36081058300,36005027402,79,2022-02-28
36081063700,36005027402,85,2022-02-28
36081112300,36005027402,75,2022-02-28
36085017012,36005027402,133,2022-02-28
36087011102,36005027402,71,2022-02-28
36087013100,36005027402,130,2022-02-28
36119000900,36005027402,221,2022-02-28
36119001700,36005027402,74,2022-02-28
36119002000,36005027402,361,2022-02-28
36119002105,36005027402,207,2022-02-28
36119002402,36005027402,71,2022-02-28
36119002404,36005027402,72,2022-02-28
36119003800,36005027402,81,2022-02-28
36119004800,36005027402,75,2022-02-28
36119004900,36005027402,63,2022-02-28
36119005002,36005027402,437,2022-02-28
36119005100,36005027402,211,2022-02-28
36119005200,36005027402,65,2022-02-28
36119005300,36005027402,77,2022-02-28
36119005500,36005027402,130,2022-02-28
36119005701,36005027402,172,2022-02-28
36119006000,36005027402,276,2022-02-28
36119006600,36005027402,87,2022-02-28
36119006801,36005027402,67,2022-02-28
36119006802,36005027402,242,2022-02-28
36119006900,36005027402,165,2022-02-28
36119007200,36005027402,87,2022-02-28
36119008301,36005027402,167,2022-02-28
36119008602,36005027402,76,2022-02-28
36119009400,36005027402,63,2022-02-28
36119010803,36005027402,74,2022-02-28
36119010804,36005027402,107,2022-02-28
36119011101,36005027402,105,2022-02-28
36119985000,36005027402,106,2022-02-28
34003050000,36005027402,73,2022-03-07
36005000400,36005027402,99,2022-03-07
36005001600,36005027402,91,2022-03-07
36005002400,36005027402,99,2022-03-07
36005002702,36005027402,74,2022-03-07
36005002800,36005027402,73,2022-03-07
36005003500,36005027402,69,2022-03-07
36005004200,36005027402,183,2022-03-07
36005006000,36005027402,76,2022-03-07
36005007000,36005027402,138,2022-03-07
36005009000,36005027402,716,2022-03-07
36005009600,36005027402,367,2022-03-07
36005011800,36005027402,111,2022-03-07
36005011900,36005027402,74,2022-03-07
36005013000,36005027402,169,2022-03-07
36005013100,36005027402,304,2022-03-07
36005013200,36005027402,192,2022-03-07
36005013800,36005027402,74,2022-03-07
36005015200,36005027402,374,2022-03-07
36005015800,36005027402,154,2022-03-07
36005016200,36005027402,158,2022-03-07
36005016400,36005027402,269,2022-03-07
36005018301,36005027402,99,2022-03-07
36005018400,36005027402,699,2022-03-07
36005019400,36005027402,137,2022-03-07
36005020000,36005027402,73,2022-03-07
36005021001,36005027402,68,2022-03-07
36005021501,36005027402,119,2022-03-07
36005021900,36005027402,152,2022-03-07
36005022000,36005027402,69,2022-03-07
36005022403,36005027402,116,2022-03-07
36005024000,36005027402,95,2022-03-07
36005024700,36005027402,86,2022-03-07
36005026400,36005027402,493,2022-03-07
36005026601,36005027402,330,2022-03-07
36005026602,36005027402,2322,2022-03-07
36005027401,36005027402,110,2022-03-07
36005027402,36005027402,716,2022-03-07
36005027600,36005027402,131,2022-03-07
36005028400,36005027402,364,2022-03-07
36005028600,36005027402,127,2022-03-07
36005029600,36005027402,71,2022-03-07
36005030000,36005027402,555,2022-03-07
36005032600,36005027402,259,2022-03-07
36005033400,36005027402,165,2022-03-07
36005033600,36005027402,96,2022-03-07
36005034000,36005027402,85,2022-03-07
36005035600,36005027402,181,2022-03-07
36005035900,36005027402,102,2022-03-07
36005037800,36005027402,82,2022-03-07
36005039100,36005027402,63,2022-03-07
36005039700,36005027402,352,2022-03-07
36005040900,36005027402,84,2022-03-07
36005042100,36005027402,124,2022-03-07
36005044400,36005027402,167,2022-03-07
36005045101,36005027402,72,2022-03-07
36005046000,36005027402,291,2022-03-07
36005046201,36005027402,804,2022-03-07
36005046202,36005027402,152,2022-03-07
36005050400,36005027402,211,2022-03-07
36005051600,36005027402,159,2022-03-07
36047105804,36005027402,222,2022-03-07
36047119200,36005027402,120,2022-03-07
36059521301,36005027402,81,2022-03-07
36061000700,36005027402,238,2022-03-07
36061006800,36005027402,246,2022-03-07
36061010400,36005027402,88,2022-03-07
36061011201,36005027402,119,2022-03-07
36061013500,36005027402,92,2022-03-07
36061014000,36005027402,79,2022-03-07
36061014602,36005027402,72,2022-03-07
36061017000,36005027402,72,2022-03-07
36081017100,36005027402,82,2022-03-07
36081033100,36005027402,69,2022-03-07
36081053900,36005027402,106,2022-03-07
36081071600,36005027402,84,2022-03-07
36081077902,36005027402,80,2022-03-07
36081086900,36005027402,74,2022-03-07
36081087100,36005027402,78,2022-03-07
36081092500,36005027402,81,2022-03-07
36119000802,36005027402,78,2022-03-07
36119001503,36005027402,162,2022-03-07
36119002000,36005027402,485,2022-03-07
36119002101,36005027402,179,2022-03-07
36119002104,36005027402,150,2022-03-07
36119002204,36005027402,210,2022-03-07
36119002600,36005027402,393,2022-03-07
36119003800,36005027402,248,2022-03-07
36119005002,36005027402,158,2022-03-07
36119005100,36005027402,151,2022-03-07
36119005300,36005027402,92,2022-03-07
36119005500,36005027402,374,2022-03-07
36119005701,36005027402,149,2022-03-07
36119005902,36005027402,163,2022-03-07
36119006801,36005027402,377,2022-03-07
36119006802,36005027402,162,2022-03-07
36119007500,36005027402,92,2022-03-07
36119007800,36005027402,80,2022-03-07
36119008000,36005027402,140,2022-03-07
36119009000,36005027402,95,2022-03-07
36119009300,36005027402,217,2022-03-07
36119009701,36005027402,96,2022-03-07
36119012200,36005027402,102,2022-03-07
36119985000,36005027402,358,2022-03-07
34029732001,36005027402,62,2022-03-14
34031125100,36005027402,59,2022-03-14
36005001600,36005027402,110,2022-03-14
36005001900,36005027402,115,2022-03-14
36005002800,36005027402,96,2022-03-14
36005004400,36005027402,79,2022-03-14
36005004600,36005027402,81,2022-03-14
36005005400,36005027402,110,2022-03-14
36005005600,36005027402,93,2022-03-14
36005006000,36005027402,66,2022-03-14
36005006200,36005027402,103,2022-03-14
36005008300,36005027402,275,2022-03-14
36005008500,36005027402,169,2022-03-14
36005009000,36005027402,511,2022-03-14
36005009200,36005027402,248,2022-03-14
36005009600,36005027402,66,2022-03-14
36005012101,36005027402,94,2022-03-14
36005013000,36005027402,85,2022-03-14
36005013200,36005027402,531,2022-03-14
36005013800,36005027402,87,2022-03-14
36005015200,36005027402,397,2022-03-14
36005016100,36005027402,152,2022-03-14
36005016200,36005027402,189,2022-03-14
36005016400,36005027402,167,2022-03-14
36005016600,36005027402,174,2022-03-14
36005018400,36005027402,364,2022-03-14
36005019400,36005027402,85,2022-03-14
36005020000,36005027402,95,2022-03-14
36005020400,36005027402,183,2022-03-14
36005022200,36005027402,239,2022-03-14
36005024000,36005027402,112,2022-03-14
36005024800,36005027402,83,2022-03-14
36005025000,36005027402,68,2022-03-14
36005025400,36005027402,290,2022-03-14
36005025600,36005027402,99,2022-03-14
36005026400,36005027402,452,2022-03-14
36005026601,36005027402,218,2022-03-14
36005026602,36005027402,1451,2022-03-14
36005027401,36005027402,75,2022-03-14
36005027402,36005027402,973,2022-03-14
36005027600,36005027402,100,2022-03-14
36005028300,36005027402,69,2022-03-14
36005028400,36005027402,496,2022-03-14
36005029600,36005027402,145,2022-03-14
36005030000,36005027402,718,2022-03-14
36005031200,36005027402,69,2022-03-14
36005032600,36005027402,145,2022-03-14
36005033000,36005027402,133,2022-03-14
36005033400,36005027402,96,2022-03-14
36005033600,36005027402,96,2022-03-14
36005035600,36005027402,202,2022-03-14
36005037800,36005027402,82,2022-03-14
36005038302,36005027402,85,2022-03-14
36005038600,36005027402,83,2022-03-14
36005038900,36005027402,65,2022-03-14
36005039000,36005027402,217,2022-03-14
36005040800,36005027402,114,2022-03-14
36005040900,36005027402,185,2022-03-14
36005041800,36005027402,78,2022-03-14
36005042600,36005027402,82,2022-03-14
36005043400,36005027402,83,2022-03-14
36005043500,36005027402,95,2022-03-14
36005044901,36005027402,73,2022-03-14
36005046000,36005027402,166,2022-03-14
36005046201,36005027402,916,2022-03-14
36005046202,36005027402,297,2022-03-14
36005048400,36005027402,87,2022-03-14
36005050400,36005027402,210,2022-03-14
36047019900,36005027402,88,2022-03-14
36047117400,36005027402,77,2022-03-14
36059404800,36005027402,67,2022-03-14
36059414800,36005027402,112,2022-03-14
36059415000,36005027402,279,2022-03-14
36059416201,36005027402,66,2022-03-14
36061000600,36005027402,92,2022-03-14
36061000700,36005027402,81,2022-03-14
36061001600,36005027402,130,2022-03-14
36061001800,36005027402,65,2022-03-14
36061003700,36005027402,160,2022-03-14
36061006500,36005027402,69,2022-03-14
36061006600,36005027402,87,2022-03-14
36061006800,36005027402,230,2022-03-14
36061007600,36005027402,84,2022-03-14
36061010100,36005027402,96,2022-03-14
36061011201,36005027402,80,2022-03-14
36061011202,36005027402,120,2022-03-14
36061011900,36005027402,75,2022-03-14
36061013900,36005027402,91,2022-03-14
36061015200,36005027402,82,2022-03-14
36081004300,36005027402,92,2022-03-14
36081028500,36005027402,81,2022-03-14
36081038302,36005027402,83,2022-03-14
36081087100,36005027402,145,2022-03-14
36087011102,36005027402,113,2022-03-14
36087013002,36005027402,143,2022-03-14
36103158006,36005027402,70,2022-03-14
36103158107,36005027402,107,2022-03-14
36103158116,36005027402,82,2022-03-14
36119001402,36005027402,200,2022-03-14
36119001502,36005027402,71,2022-03-14
36119002000,36005027402,74,2022-03-14
36119002104,36005027402,73,2022-03-14
36119002403,36005027402,212,2022-03-14
36119002600,36005027402,322,2022-03-14
36119003100,36005027402,116,2022-03-14
36119004800,36005027402,74,2022-03-14
36119005001,36005027402,91,2022-03-14
36119005002,36005027402,252,2022-03-14
36119005200,36005027402,283,2022-03-14
36119005500,36005027402,247,2022-03-14
36119005701,36005027402,197,2022-03-14
36119005902,36005027402,157,2022-03-14
36119006000,36005027402,368,2022-03-14
36119006801,36005027402,213,2022-03-14
36119007000,36005027402,71,2022-03-14
36119007100,36005027402,359,2022-03-14
36119007401,36005027402,101,2022-03-14
36119007800,36005027402,246,2022-03-14
36119008602,36005027402,79,2022-03-14
36119009300,36005027402,81,2022-03-14
36119009400,36005027402,62,2022-03-14
36119009600,36005027402,211,2022-03-14
36119009701,36005027402,73,2022-03-14
36119009800,36005027402,111,2022-03-14
36119010801,36005027402,77,2022-03-14
36119010803,36005027402,69,2022-03-14
36119012000,36005027402,89,2022-03-14
36119013600,36005027402,83,2022-03-14
36119014805,36005027402,88,2022-03-14
34025809301,36005027402,149,2022-03-21
36005001900,36005027402,117,2022-03-21
36005002800,36005027402,105,2022-03-21
36005004200,36005027402,155,2022-03-21
36005004600,36005027402,72,2022-03-21
36005007000,36005027402,58,2022-03-21
36005007200,36005027402,230,2022-03-21
36005007700,36005027402,101,2022-03-21
36005007800,36005027402,77,2022-03-21
36005007900,36005027402,74,2022-03-21
36005008500,36005027402,90,2022-03-21
36005009000,36005027402,827,2022-03-21
36005009600,36005027402,83,2022-03-21
36005011000,36005027402,164,2022-03-21
36005011800,36005027402,110,2022-03-21
36005013000,36005027402,86,2022-03-21
36005013100,36005027402,313,2022-03-21
36005013200,36005027402,326,2022-03-21
36005013300,36005027402,78,2022-03-21
36005013500,36005027402,97,2022-03-21
36005013800,36005027402,217,2022-03-21
36005014400,36005027402,73,2022-03-21
36005015200,36005027402,740,2022-03-21
36005015800,36005027402,159,2022-03-21
36005016000,36005027402,90,2022-03-21
36005016200,36005027402,64,2022-03-21
36005016400,36005027402,163,2022-03-21
36005016600,36005027402,79,2022-03-21
36005018400,36005027402,282,2022-03-21
36005019400,36005027402,58,2022-03-21
36005020000,36005027402,515,2022-03-21
36005020400,36005027402,92,2022-03-21
36005021601,36005027402,81,2022-03-21
36005021602,36005027402,70,2022-03-21
36005022200,36005027402,322,2022-03-21
36005022403,36005027402,157,2022-03-21
36005023600,36005027402,170,2022-03-21
36005025200,36005027402,84,2022-03-21
36005026400,36005027402,148,2022-03-21
36005026601,36005027402,313,2022-03-21
36005026602,36005027402,2493,2022-03-21
36005027401,36005027402,187,2022-03-21
36005027402,36005027402,528,2022-03-21
36005027600,36005027402,84,2022-03-21
36005028400,36005027402,283,2022-03-21
36005028800,36005027402,89,2022-03-21
36005029600,36005027402,69,2022-03-21
36005030000,36005027402,362,2022-03-21
36005031000,36005027402,153,2022-03-21
36005033000,36005027402,77,2022-03-21
36005033201,36005027402,101,2022-03-21
36005033400,36005027402,285,2022-03-21
36005035900,36005027402,105,2022-03-21
36005039700,36005027402,280,2022-03-21
36005044400,36005027402,176,2022-03-21
36005046000,36005027402,320,2022-03-21
36005046201,36005027402,793,2022-03-21
36005046202,36005027402,63,2022-03-21
36005048400,36005027402,73,2022-03-21
36005050400,36005027402,200,2022-03-21
36005051600,36005027402,74,2022-03-21
36047048500,36005027402,100,2022-03-21
36047119200,36005027402,119,2022-03-21
36059302900,36005027402,82,2022-03-21
36059303202,36005027402,87,2022-03-21
36059303600,36005027402,79,2022-03-21
36059404800,36005027402,66,2022-03-21
36059415401,36005027402,96,2022-03-21
36059518700,36005027402,73,2022-03-21
36061003700,36005027402,170,2022-03-21
36061005200,36005027402,87,2022-03-21
36061006100,36005027402,66,2022-03-21
36061006800,36005027402,76,2022-03-21
36061007600,36005027402,65,2022-03-21
36061012100,36005027402,138,2022-03-21
36061013100,36005027402,74,2022-03-21
36061014000,36005027402,58,2022-03-21
36061014802,36005027402,65,2022-03-21
36081004300,36005027402,106,2022-03-21
36081007700,36005027402,63,2022-03-21
36081015500,36005027402,69,2022-03-21
36081038302,36005027402,391,2022-03-21
36081046600,36005027402,70,2022-03-21
36081057700,36005027402,205,2022-03-21
36081071600,36005027402,77,2022-03-21
36081085300,36005027402,141,2022-03-21
36081145101,36005027402,80,2022-03-21
36119000103,36005027402,80,2022-03-21
36119000802,36005027402,74,2022-03-21
36119001504,36005027402,104,2022-03-21
36119002000,36005027402,128,2022-03-21
36119002105,36005027402,250,2022-03-21
36119002600,36005027402,65,2022-03-21
36119003900,36005027402,58,2022-03-21
36119004800,36005027402,69,2022-03-21
36119005002,36005027402,174,2022-03-21
36119005100,36005027402,201,2022-03-21
36119005500,36005027402,202,2022-03-21
36119005701,36005027402,134,2022-03-21
36119005902,36005027402,462,2022-03-21
36119006000,36005027402,305,2022-03-21
36119006802,36005027402,212,2022-03-21
36119006900,36005027402,186,2022-03-21
36119007100,36005027402,92,2022-03-21
36119007700,36005027402,130,2022-03-21
36119008000,36005027402,70,2022-03-21
36119009400,36005027402,95,2022-03-21
36119010600,36005027402,74,2022-03-21
36119010701,36005027402,308,2022-03-21
36119010702,36005027402,71,2022-03-21
36119010803,36005027402,128,2022-03-21
36119010804,36005027402,58,2022-03-21
36119010901,36005027402,137,2022-03-21
36119012301,36005027402,77,2022-03-21
36119013600,36005027402,82,2022-03-21
34003019202,36005027402,74,2022-03-28
34003035100,36005027402,70,2022-03-28
34027041802,36005027402,84,2022-03-28
34027041902,36005027402,72,2022-03-28
36005002702,36005027402,79,2022-03-28
36005002800,36005027402,101,2022-03-28
36005004001,36005027402,169,2022-03-28
36005004200,36005027402,81,2022-03-28
36005004400,36005027402,112,2022-03-28
36005006100,36005027402,121,2022-03-28
36005006200,36005027402,100,2022-03-28
36005007800,36005027402,80,2022-03-28
36005007900,36005027402,89,2022-03-28
36005009000,36005027402,903,2022-03-28
36005009200,36005027402,341,2022-03-28
36005011800,36005027402,247,2022-03-28
36005013100,36005027402,140,2022-03-28
36005013200,36005027402,568,2022-03-28
36005013500,36005027402,92,2022-03-28
36005014400,36005027402,77,2022-03-28
36005015200,36005027402,589,2022-03-28
36005015800,36005027402,168,2022-03-28
36005016200,36005027402,70,2022-03-28
36005016400,36005027402,315,2022-03-28
36005016600,36005027402,162,2022-03-28
36005018400,36005027402,537,2022-03-28
36005019400,36005027402,146,2022-03-28
36005020000,36005027402,297,2022-03-28
36005020200,36005027402,72,2022-03-28
36005020601,36005027402,75,2022-03-28
36005021001,36005027402,141,2022-03-28
36005022000,36005027402,97,2022-03-28
36005022200,36005027402,258,2022-03-28
36005022404,36005027402,66,2022-03-28
36005024000,36005027402,97,2022-03-28
36005025600,36005027402,146,2022-03-28
36005026400,36005027402,637,2022-03-28
36005026601,36005027402,272,2022-03-28
36005026602,36005027402,1865,2022-03-28
36005027401,36005027402,593,2022-03-28
36005027402,36005027402,261,2022-03-28
36005027600,36005027402,88,2022-03-28
36005028400,36005027402,322,2022-03-28
36005028600,36005027402,131,2022-03-28
36005029600,36005027402,70,2022-03-28
36005030000,36005027402,369,2022-03-28
36005031000,36005027402,96,2022-03-28
36005032800,36005027402,95,2022-03-28
36005033400,36005027402,89,2022-03-28
36005035600,36005027402,85,2022-03-28
36005037100,36005027402,77,2022-03-28
36005038700,36005027402,111,2022-03-28
36005039000,36005027402,95,2022-03-28
36005040600,36005027402,141,2022-03-28
36005040900,36005027402,81,2022-03-28
36005044400,36005027402,139,2022-03-28
36005045600,36005027402,152,2022-03-28
36005046000,36005027402,327,2022-03-28
36005046201,36005027402,1441,2022-03-28
36005046202,36005027402,356,2022-03-28
36005050400,36005027402,255,2022-03-28
36047055800,36005027402,75,2022-03-28
36047119200,36005027402,204,2022-03-28
36059517705,36005027402,122,2022-03-28
36061000700,36005027402,230,2022-03-28
36061001300,36005027402,181,2022-03-28
36061003200,36005027402,92,2022-03-28
36061003700,36005027402,201,2022-03-28
36061007600,36005027402,71,2022-03-28
36061009900,36005027402,170,2022-03-28
36061010100,36005027402,94,2022-03-28
36061011201,36005027402,104,2022-03-28
36061011202,36005027402,90,2022-03-28
36061011402,36005027402,83,2022-03-28
36061012000,36005027402,139,2022-03-28
36061012200,36005027402,78,2022-03-28
36061012500,36005027402,69,2022-03-28
36061014000,36005027402,89,2022-03-28
36061014500,36005027402,97,2022-03-28
36061018500,36005027402,77,2022-03-28
36061018900,36005027402,82,2022-03-28
36061028700,36005027402,70,2022-03-28
36079011800,36005027402,61,2022-03-28
36081006100,36005027402,74,2022-03-28
36081014202,36005027402,125,2022-03-28
36081030902,36005027402,75,2022-03-28
36081056700,36005027402,61,2022-03-28
36081063700,36005027402,98,2022-03-28
36081087100,36005027402,74,2022-03-28
36081122702,36005027402,114,2022-03-28
36087013100,36005027402,210,2022-03-28
36103135205,36005027402,87,2022-03-28
36103135209,36005027402,163,2022-03-28
36103158206,36005027402,69,2022-03-28
36103158900,36005027402,72,2022-03-28
36119000802,36005027402,90,2022-03-28
36119001700,36005027402,74,2022-03-28
36119002000,36005027402,72,2022-03-28
36119002105,36005027402,85,2022-03-28
36119002401,36005027402,72,2022-03-28
36119002405,36005027402,88,2022-03-28
36119002600,36005027402,146,2022-03-28
36119003900,36005027402,66,2022-03-28
36119004600,36005027402,149,2022-03-28
36119005002,36005027402,393,2022-03-28
36119005300,36005027402,172,2022-03-28
36119005500,36005027402,156,2022-03-28
36119005701,36005027402,277,2022-03-28
36119005902,36005027402,140,2022-03-28
36119006000,36005027402,296,2022-03-28
36119006900,36005027402,181,2022-03-28
36119007200,36005027402,163,2022-03-28
36119007300,36005027402,193,2022-03-28
36119007402,36005027402,76,2022-03-28
36119007800,36005027402,67,2022-03-28
36119008301,36005027402,97,2022-03-28
36119008500,36005027402,193,2022-03-28
36119008602,36005027402,61,2022-03-28
36119010300,36005027402,121,2022-03-28
36119010701,36005027402,217,2022-03-28
36119010702,36005027402,73,2022-03-28
36119010801,36005027402,73,2022-03-28
36119010903,36005027402,264,2022-03-28
34029710100,36005027402,85,2022-04-04
36005001900,36005027402,91,2022-04-04
36005002800,36005027402,80,2022-04-04
36005003500,36005027402,65,2022-04-04
36005004001,36005027402,374,2022-04-04
36005005400,36005027402,102,2022-04-04
36005006100,36005027402,197,2022-04-04
36005006300,36005027402,185,2022-04-04
36005006500,36005027402,70,2022-04-04
36005007200,36005027402,156,2022-04-04
36005007600,36005027402,72,2022-04-04
36005007900,36005027402,76,2022-04-04
36005009000,36005027402,917,2022-04-04
36005009200,36005027402,136,2022-04-04
36005009600,36005027402,335,2022-04-04
36005011900,36005027402,77,2022-04-04
36005012102,36005027402,73,2022-04-04
36005013000,36005027402,81,2022-04-04
36005013100,36005027402,110,2022-04-04
36005013200,36005027402,547,2022-04-04
36005013500,36005027402,112,2022-04-04
36005014400,36005027402,93,2022-04-04
36005015200,36005027402,232,2022-04-04
36005015800,36005027402,232,2022-04-04
36005018400,36005027402,431,2022-04-04
36005020000,36005027402,589,2022-04-04
36005020400,36005027402,110,2022-04-04
36005021001,36005027402,116,2022-04-04
36005022200,36005027402,367,2022-04-04
36005022404,36005027402,119,2022-04-04
36005025400,36005027402,72,2022-04-04
36005025600,36005027402,84,2022-04-04
36005026400,36005027402,159,2022-04-04
36005026601,36005027402,177,2022-04-04
36005026602,36005027402,1524,2022-04-04
36005027402,36005027402,589,2022-04-04
36005027600,36005027402,115,2022-04-04
36005028400,36005027402,443,2022-04-04
36005028600,36005027402,257,2022-04-04
36005029500,36005027402,80,2022-04-04
36005029600,36005027402,70,2022-04-04
36005030000,36005027402,329,2022-04-04
36005031000,36005027402,180,2022-04-04
36005031200,36005027402,79,2022-04-04
36005032600,36005027402,177,2022-04-04
36005033201,36005027402,111,2022-04-04
36005033400,36005027402,308,2022-04-04
36005035000,36005027402,91,2022-04-04
36005035800,36005027402,138,2022-04-04
36005038700,36005027402,118,2022-04-04
36005039000,36005027402,175,2022-04-04
36005039100,36005027402,67,2022-04-04
36005039700,36005027402,269,2022-04-04
36005041400,36005027402,91,2022-04-04
36005044400,36005027402,112,2022-04-04
36005044800,36005027402,72,2022-04-04
36005046000,36005027402,301,2022-04-04
36005046201,36005027402,642,2022-04-04
36005050400,36005027402,299,2022-04-04
36059303700,36005027402,102,2022-04-04
36061003700,36005027402,118,2022-04-04
36061005700,36005027402,70,2022-04-04
36061006800,36005027402,75,2022-04-04
36061007600,36005027402,96,2022-04-04
36061011201,36005027402,234,2022-04-04
36061011600,36005027402,88,2022-04-04
36061011800,36005027402,71,2022-04-04
36061012100,36005027402,108,2022-04-04
36061012500,36005027402,86,2022-04-04
36061012900,36005027402,65,2022-04-04
36061014000,36005027402,260,2022-04-04
36061014500,36005027402,184,2022-04-04
36061018900,36005027402,113,2022-04-04
36061021200,36005027402,133,2022-04-04
36081004300,36005027402,157,2022-04-04
36081033100,36005027402,92,2022-04-04
36081038302,36005027402,118,2022-04-04
36081075702,36005027402,95,2022-04-04
36081085300,36005027402,76,2022-04-04
36081087100,36005027402,79,2022-04-04
36081094500,36005027402,90,2022-04-04
36081138501,36005027402,85,2022-04-04
36081161700,36005027402,80,2022-04-04
36085014605,36005027402,101,2022-04-04
36087013100,36005027402,153,2022-04-04
36119002000,36005027402,163,2022-04-04
36119002105,36005027402,91,2022-04-04
36119002300,36005027402,98,2022-04-04
36119002600,36005027402,86,2022-04-04
36119004600,36005027402,93,2022-04-04
36119005002,36005027402,445,2022-04-04
36119005100,36005027402,73,2022-04-04
36119005300,36005027402,220,2022-04-04
36119005500,36005027402,319,2022-04-04
36119005701,36005027402,171,2022-04-04
36119005901,36005027402,80,2022-04-04
36119006000,36005027402,350,2022-04-04
36119006801,36005027402,65,2022-04-04
36119006802,36005027402,84,2022-04-04
36119006900,36005027402,78,2022-04-04
36119007100,36005027402,244,2022-04-04
36119007300,36005027402,74,2022-04-04
36119007800,36005027402,184,2022-04-04
36119008000,36005027402,65,2022-04-04
36119008302,36005027402,88,2022-04-04
36119008602,36005027402,89,2022-04-04
36119008800,36005027402,78,2022-04-04
36119009300,36005027402,80,2022-04-04
36119009400,36005027402,71,2022-04-04
36119010100,36005027402,82,2022-04-04
36119010803,36005027402,83,2022-04-04
36119010804,36005027402,90,2022-04-04
36119010902,36005027402,147,2022-04-04
36119011800,36005027402,202,2022-04-04
36119012000,36005027402,65,2022-04-04
36119013600,36005027402,130,2022-04-04
34003015200,36005027402,99,2022-04-11
34025809301,36005027402,79,2022-04-11
36005003500,36005027402,97,2022-04-11
36005004400,36005027402,82,2022-04-11
36005005400,36005027402,84,2022-04-11
36005006300,36005027402,613,2022-04-11
36005007000,36005027402,66,2022-04-11
36005007400,36005027402,92,2022-04-11
36005007700,36005027402,84,2022-04-11
36005007800,36005027402,114,2022-04-11
36005007900,36005027402,80,2022-04-11
36005009000,36005027402,878,2022-04-11
36005009200,36005027402,154,2022-04-11
36005009800,36005027402,92,2022-04-11
36005011000,36005027402,84,2022-04-11
36005011800,36005027402,328,2022-04-11
36005012300,36005027402,140,2022-04-11
36005013200,36005027402,319,2022-04-11
36005013800,36005027402,75,2022-04-11
36005015200,36005027402,307,2022-04-11
36005015800,36005027402,63,2022-04-11
36005016000,36005027402,124,2022-04-11
36005016400,36005027402,485,2022-04-11
36005016600,36005027402,109,2022-04-11
36005018400,36005027402,493,2022-04-11
36005019400,36005027402,251,2022-04-11
36005020000,36005027402,189,2022-04-11
36005021001,36005027402,155,2022-04-11
36005021002,36005027402,135,2022-04-11
36005021602,36005027402,98,2022-04-11
36005022200,36005027402,317,2022-04-11
36005022401,36005027402,89,2022-04-11
36005024000,36005027402,71,2022-04-11
36005026400,36005027402,164,2022-04-11
36005026601,36005027402,166,2022-04-11
36005026602,36005027402,2213,2022-04-11
36005027401,36005027402,182,2022-04-11
36005027402,36005027402,783,2022-04-11
36005028300,36005027402,69,2022-04-11
36005028400,36005027402,777,2022-04-11
36005028600,36005027402,243,2022-04-11
36005028800,36005027402,174,2022-04-11
36005030000,36005027402,911,2022-04-11
36005031000,36005027402,187,2022-04-11
36005033202,36005027402,69,2022-04-11
36005033400,36005027402,165,2022-04-11
36005036100,36005027402,103,2022-04-11
36005038500,36005027402,86,2022-04-11
36005039000,36005027402,190,2022-04-11
36005039100,36005027402,66,2022-04-11
36005039700,36005027402,79,2022-04-11
36005040900,36005027402,90,2022-04-11
36005042800,36005027402,68,2022-04-11
36005046000,36005027402,91,2022-04-11
36005046201,36005027402,866,2022-04-11
36005048400,36005027402,102,2022-04-11
36005050400,36005027402,443,2022-04-11
36047019700,36005027402,127,2022-04-11
36047055700,36005027402,89,2022-04-11
36047117400,36005027402,72,2022-04-11
36059415401,36005027402,87,2022-04-11
36059416000,36005027402,69,2022-04-11
36061003200,36005027402,69,2022-04-11
36061003700,36005027402,163,2022-04-11
36061004100,36005027402,63,2022-04-11
36061004200,36005027402,83,2022-04-11
36061006500,36005027402,63,2022-04-11
36061007600,36005027402,241,2022-04-11
36061010100,36005027402,152,2022-04-11
36061010200,36005027402,101,2022-04-11
36061011201,36005027402,69,2022-04-11
36061011202,36005027402,90,2022-04-11
36061012200,36005027402,63,2022-04-11
36061014000,36005027402,127,2022-04-11
36061014200,36005027402,146,2022-04-11
36061014300,36005027402,242,2022-04-11
36061014500,36005027402,78,2022-04-11
36081003400,36005027402,83,2022-04-11
36081006900,36005027402,79,2022-04-11
36081033100,36005027402,181,2022-04-11
36081038302,36005027402,121,2022-04-11
36081058300,36005027402,83,2022-04-11
36081067100,36005027402,63,2022-04-11
36081071600,36005027402,88,2022-04-11
36081090700,36005027402,125,2022-04-11
36087010702,36005027402,82,2022-04-11
36087011102,36005027402,117,2022-04-11
36087013100,36005027402,95,2022-04-11
36119001700,36005027402,177,2022-04-11
36119002404,36005027402,139,2022-04-11
36119002600,36005027402,148,2022-04-11
36119003800,36005027402,69,2022-04-11
36119005001,36005027402,299,2022-04-11
36119005002,36005027402,311,2022-04-11
36119005100,36005027402,160,2022-04-11
36119005300,36005027402,252,2022-04-11
36119005500,36005027402,285,2022-04-11
36119005701,36005027402,155,2022-04-11
36119005902,36005027402,113,2022-04-11
36119006000,36005027402,230,2022-04-11
36119006802,36005027402,161,2022-04-11
36119006900,36005027402,144,2022-04-11
36119007100,36005027402,65,2022-04-11
36119007900,36005027402,80,2022-04-11
36119008000,36005027402,77,2022-04-11
36119008602,36005027402,367,2022-04-11
36119009300,36005027402,154,2022-04-11
36119010803,36005027402,156,2022-04-11
36119010804,36005027402,105,2022-04-11
36119013000,36005027402,77,2022-04-11
36119014809,36005027402,105,2022-04-11
34023001701,36005027402,90,2022-04-18
36005001900,36005027402,455,2022-04-18
36005004200,36005027402,70,2022-04-18
36005005100,36005027402,74,2022-04-18
36005007000,36005027402,93,2022-04-18
36005007800,36005027402,147,2022-04-18
36005009000,36005027402,732,2022-04-18
36005009200,36005027402,148,2022-04-18
36005009300,36005027402,98,2022-04-18
36005009600,36005027402,70,2022-04-18
36005011000,36005027402,163,2022-04-18
36005011800,36005027402,201,2022-04-18
36005012300,36005027402,78,2022-04-18
36005012701,36005027402,76,2022-04-18
36005013200,36005027402,70,2022-04-18
36005013800,36005027402,235,2022-04-18
36005015200,36005027402,324,2022-04-18
36005015800,36005027402,93,2022-04-18
36005016200,36005027402,151,2022-04-18
36005016600,36005027402,269,2022-04-18
36005018302,36005027402,111,2022-04-18
36005018400,36005027402,456,2022-04-18
36005019400,36005027402,233,2022-04-18
36005021001,36005027402,95,2022-04-18
36005021602,36005027402,87,2022-04-18
36005021900,36005027402,93,2022-04-18
36005022200,36005027402,119,2022-04-18
36005022401,36005027402,74,2022-04-18
36005023800,36005027402,72,2022-04-18
36005024400,36005027402,76,2022-04-18
36005024600,36005027402,111,2022-04-18
36005024800,36005027402,68,2022-04-18
36005025400,36005027402,81,2022-04-18
36005025600,36005027402,114,2022-04-18
36005026400,36005027402,279,2022-04-18
36005026601,36005027402,578,2022-04-18
36005026602,36005027402,1124,2022-04-18
36005027401,36005027402,368,2022-04-18
36005027402,36005027402,351,2022-04-18
36005028400,36005027402,430,2022-04-18
36005028600,36005027402,122,2022-04-18
36005028800,36005027402,203,2022-04-18
36005029600,36005027402,235,2022-04-18
36005030000,36005027402,532,2022-04-18
36005031200,36005027402,93,2022-04-18
36005039100,36005027402,65,2022-04-18
36005039700,36005027402,88,2022-04-18
36005042600,36005027402,71,2022-04-18
36005042800,36005027402,72,2022-04-18
36005046201,36005027402,799,2022-04-18
36005046202,36005027402,65,2022-04-18
36005050400,36005027402,725,2022-04-18
36047039900,36005027402,72,2022-04-18
36047119200,36005027402,92,2022-04-18
36059405302,36005027402,197,2022-04-18
36059405900,36005027402,80,2022-04-18
36061000700,36005027402,93,2022-04-18
36061001600,36005027402,85,2022-04-18
36061003200,36005027402,76,2022-04-18
36061003700,36005027402,112,2022-04-18
36061005700,36005027402,87,2022-04-18
36061006800,36005027402,96,2022-04-18
36061007700,36005027402,65,2022-04-18
36061010900,36005027402,69,2022-04-18
36061011800,36005027402,77,2022-04-18
36061011900,36005027402,69,2022-04-18
36061012100,36005027402,186,2022-04-18
36061013100,36005027402,113,2022-04-18
36061014000,36005027402,152,2022-04-18
36061029900,36005027402,111,2022-04-18
36081004300,36005027402,150,2022-04-18
36081011500,36005027402,80,2022-04-18
36081017100,36005027402,80,2022-04-18
36081048100,36005027402,171,2022-04-18
36081049700,36005027402,103,2022-04-18
36081071600,36005027402,82,2022-04-18
36081071702,36005027402,78,2022-04-18
36081087100,36005027402,73,2022-04-18
36081090700,36005027402,118,2022-04-18
36085006700,36005027402,111,2022-04-18
36103146003,36005027402,78,2022-04-18
36103158304,36005027402,145,2022-04-18
36119001503,36005027402,73,2022-04-18
36119001504,36005027402,70,2022-04-18
36119002300,36005027402,65,2022-04-18
36119002404,36005027402,160,2022-04-18
36119002600,36005027402,223,2022-04-18
36119003000,36005027402,84,2022-04-18
36119003800,36005027402,84,2022-04-18
36119004600,36005027402,151,2022-04-18
36119005002,36005027402,508,2022-04-18
36119005100,36005027402,75,2022-04-18
36119005200,36005027402,112,2022-04-18
36119005300,36005027402,74,2022-04-18
36119005500,36005027402,410,2022-04-18
36119005701,36005027402,313,2022-04-18
36119006000,36005027402,535,2022-04-18
36119006100,36005027402,65,2022-04-18
36119006300,36005027402,70,2022-04-18
36119006500,36005027402,191,2022-04-18
36119006802,36005027402,85,2022-04-18
36119006900,36005027402,157,2022-04-18
36119007100,36005027402,65,2022-04-18
36119007800,36005027402,98,2022-04-18
36119008404,36005027402,83,2022-04-18
36119008602,36005027402,135,2022-04-18
36119009100,36005027402,87,2022-04-18
36119009400,36005027402,261,2022-04-18
36119010500,36005027402,82,2022-04-18
36119010701,36005027402,78,2022-04-18
36119010901,36005027402,291,2022-04-18
36119013103,36005027402,74,2022-04-18
36119014701,36005027402,109,2022-04-18
34025808500,36005027402,70,2022-04-25
34025808701,36005027402,57,2022-04-25
34025809301,36005027402,61,2022-04-25
34025809600,36005027402,60,2022-04-25
36005001600,36005027402,96,2022-04-25
36005002702,36005027402,69,2022-04-25
36005002800,36005027402,101,2022-04-25
36005003100,36005027402,86,2022-04-25
36005003500,36005027402,79,2022-04-25
36005004001,36005027402,98,2022-04-25
36005004200,36005027402,104,2022-04-25
36005006000,36005027402,76,2022-04-25
36005006300,36005027402,70,2022-04-25
36005009000,36005027402,745,2022-04-25
36005009200,36005027402,112,2022-04-25
36005009600,36005027402,76,2022-04-25
36005011000,36005027402,177,2022-04-25
36005011800,36005027402,99,2022-04-25
36005012300,36005027402,78,2022-04-25
36005012701,36005027402,70,2022-04-25
36005013000,36005027402,59,2022-04-25
36005013200,36005027402,246,2022-04-25
36005013800,36005027402,131,2022-04-25
36005014400,36005027402,67,2022-04-25
36005015200,36005027402,538,2022-04-25
36005016000,36005027402,156,2022-04-25
36005016200,36005027402,64,2022-04-25
36005016400,36005027402,193,2022-04-25
36005016600,36005027402,73,2022-04-25
36005018400,36005027402,670,2022-04-25
36005018900,36005027402,75,2022-04-25
36005019400,36005027402,235,2022-04-25
36005019500,36005027402,80,2022-04-25
36005020000,36005027402,126,2022-04-25
36005020400,36005027402,96,2022-04-25
36005022200,36005027402,302,2022-04-25
36005023000,36005027402,86,2022-04-25
36005026400,36005027402,270,2022-04-25
36005026601,36005027402,512,2022-04-25
36005026602,36005027402,1506,2022-04-25
36005027402,36005027402,978,2022-04-25
36005027600,36005027402,84,2022-04-25
36005028400,36005027402,276,2022-04-25
36005028700,36005027402,62,2022-04-25
36005029600,36005027402,143,2022-04-25
36005030000,36005027402,434,2022-04-25
36005032400,36005027402,75,2022-04-25
36005032600,36005027402,166,2022-04-25
36005033400,36005027402,240,2022-04-25
36005034200,36005027402,101,2022-04-25
36005037504,36005027402,185,2022-04-25
36005039300,36005027402,73,2022-04-25
36005039700,36005027402,330,2022-04-25
36005040900,36005027402,216,2022-04-25
36005041400,36005027402,94,2022-04-25
36005041900,36005027402,154,2022-04-25
36005042100,36005027402,62,2022-04-25
36005042600,36005027402,69,2022-04-25
36005042800,36005027402,67,2022-04-25
36005044400,36005027402,194,2022-04-25
36005046000,36005027402,222,2022-04-25
36005046201,36005027402,683,2022-04-25
36005046202,36005027402,79,2022-04-25
36005050400,36005027402,277,2022-04-25
36005051600,36005027402,142,2022-04-25
36047012902,36005027402,92,2022-04-25
36059404800,36005027402,135,2022-04-25
36059520402,36005027402,67,2022-04-25
36059521700,36005027402,103,2022-04-25
36061000202,36005027402,59,2022-04-25
36061003700,36005027402,232,2022-04-25
36061006800,36005027402,71,2022-04-25
36061007600,36005027402,73,2022-04-25
36061009900,36005027402,167,2022-04-25
36061011100,36005027402,182,2022-04-25
36061011201,36005027402,110,2022-04-25
36061011202,36005027402,103,2022-04-25
36061011900,36005027402,59,2022-04-25
36061012200,36005027402,86,2022-04-25
36061012900,36005027402,73,2022-04-25
36061014000,36005027402,112,2022-04-25
36061018200,36005027402,62,2022-04-25
36061018300,36005027402,161,2022-04-25
36061018900,36005027402,210,2022-04-25
36061022102,36005027402,62,2022-04-25
36081010300,36005027402,122,2022-04-25
36081071600,36005027402,79,2022-04-25
36081075702,36005027402,100,2022-04-25
36081094500,36005027402,94,2022-04-25
36087010101,36005027402,77,2022-04-25
36087013100,36005027402,120,2022-04-25
36119001301,36005027402,65,2022-04-25
36119002000,36005027402,335,2022-04-25
36119002101,36005027402,123,2022-04-25
36119002104,36005027402,60,2022-04-25
36119002404,36005027402,123,2022-04-25
36119003900,36005027402,126,2022-04-25
36119004600,36005027402,179,2022-04-25
36119005002,36005027402,419,2022-04-25
36119005100,36005027402,214,2022-04-25
36119005200,36005027402,169,2022-04-25
36119005400,36005027402,62,2022-04-25
36119005500,36005027402,272,2022-04-25
36119005701,36005027402,189,2022-04-25
36119005902,36005027402,63,2022-04-25
36119006000,36005027402,76,2022-04-25
36119006100,36005027402,86,2022-04-25
36119006801,36005027402,169,2022-04-25
36119006802,36005027402,202,2022-04-25
36119006900,36005027402,200,2022-04-25
36119007100,36005027402,68,2022-04-25
36119007200,36005027402,78,2022-04-25
36119008000,36005027402,67,2022-04-25
36119008401,36005027402,67,2022-04-25
36119008602,36005027402,256,2022-04-25
36119009300,36005027402,72,2022-04-25
36119010400,36005027402,61,2022-04-25
36119010701,36005027402,97,2022-04-25
36119010702,36005027402,151,2022-04-25
36119010801,36005027402,62,2022-04-25
36119012000,36005027402,107,2022-04-25
36119012301,36005027402,86,2022-04-25
36119013600,36005027402,98,2022-04-25
36119014100,36005027402,139,2022-04-25
34017016400,36005027600,142,2019-12-30
36005002000,36005027600,129,2019-12-30
36005006100,36005027600,279,2019-12-30
36005007100,36005027600,134,2019-12-30
36005019400,36005027600,278,2019-12-30
36005022403,36005027600,134,2019-12-30
36005026601,36005027600,123,2019-12-30
36005026602,36005027600,96,2019-12-30
36005027402,36005027600,196,2019-12-30
36005027600,36005027600,158,2019-12-30
36005028400,36005027600,159,2019-12-30
36005029600,36005027600,234,2019-12-30
36005030000,36005027600,612,2019-12-30
36005030200,36005027600,460,2019-12-30
36005033202,36005027600,151,2019-12-30
36005039100,36005027600,103,2019-12-30
36005046201,36005027600,295,2019-12-30
36005046202,36005027600,157,2019-12-30
36005050400,36005027600,525,2019-12-30
36047055100,36005027600,149,2019-12-30
36061004000,36005027600,101,2019-12-30
36061006100,36005027600,101,2019-12-30
36061006200,36005027600,104,2019-12-30
36061011100,36005027600,130,2019-12-30
36061011201,36005027600,107,2019-12-30
36061011402,36005027600,109,2019-12-30
36061015900,36005027600,106,2019-12-30
36061017500,36005027600,126,2019-12-30
36061025100,36005027600,148,2019-12-30
36061031703,36005027600,197,2019-12-30
36081006300,36005027600,123,2019-12-30
36103135003,36005027600,109,2019-12-30
36119002105,36005027600,109,2019-12-30
36119004000,36005027600,199,2019-12-30
36119005500,36005027600,220,2019-12-30
36119005702,36005027600,110,2019-12-30
36119009400,36005027600,175,2019-12-30
34013980200,36005027600,83,2020-01-06
36005004200,36005027600,148,2020-01-06
36005006800,36005027600,121,2020-01-06
36005009000,36005027600,117,2020-01-06
36005009800,36005027600,162,2020-01-06
36005015800,36005027600,124,2020-01-06
36005016400,36005027600,110,2020-01-06
36005018400,36005027600,222,2020-01-06
36005019400,36005027600,263,2020-01-06
36005020000,36005027600,135,2020-01-06
36005020200,36005027600,473,2020-01-06
36005026601,36005027600,119,2020-01-06
36005026602,36005027600,697,2020-01-06
36005027600,36005027600,139,2020-01-06
36005028400,36005027600,104,2020-01-06
36005030000,36005027600,317,2020-01-06
36005030200,36005027600,441,2020-01-06
36005031000,36005027600,87,2020-01-06
36005033000,36005027600,86,2020-01-06
36005033202,36005027600,182,2020-01-06
36005040400,36005027600,153,2020-01-06
36005046201,36005027600,460,2020-01-06
36005046202,36005027600,135,2020-01-06
36005048400,36005027600,112,2020-01-06
36005050400,36005027600,117,2020-01-06
36047055100,36005027600,99,2020-01-06
36061009900,36005027600,92,2020-01-06
36061010100,36005027600,95,2020-01-06
36061011900,36005027600,108,2020-01-06
36061016800,36005027600,155,2020-01-06
36061017900,36005027600,141,2020-01-06
36061019600,36005027600,89,2020-01-06
36061024302,36005027600,118,2020-01-06
36081021400,36005027600,105,2020-01-06
36119002000,36005027600,96,2020-01-06
36119002404,36005027600,192,2020-01-06
36119002600,36005027600,103,2020-01-06
36119004600,36005027600,85,2020-01-06
36119004800,36005027600,171,2020-01-06
36119005500,36005027600,114,2020-01-06
36119006000,36005027600,207,2020-01-06
36119006300,36005027600,142,2020-01-06
36119009400,36005027600,97,2020-01-06
36005006100,36005027600,120,2020-01-13
36005009000,36005027600,309,2020-01-13
36005009200,36005027600,97,2020-01-13
36005015200,36005027600,98,2020-01-13
36005015800,36005027600,138,2020-01-13
36005016600,36005027600,99,2020-01-13
36005018400,36005027600,120,2020-01-13
36005019400,36005027600,205,2020-01-13
36005026602,36005027600,563,2020-01-13
36005028400,36005027600,153,2020-01-13
36005030200,36005027600,473,2020-01-13
36005031000,36005027600,115,2020-01-13
36005033000,36005027600,201,2020-01-13
36005033400,36005027600,137,2020-01-13
36005046201,36005027600,351,2020-01-13
36061010300,36005027600,92,2020-01-13
36061012100,36005027600,99,2020-01-13
36061014802,36005027600,89,2020-01-13
36061017100,36005027600,102,2020-01-13
36061017300,36005027600,170,2020-01-13
36081071600,36005027600,135,2020-01-13
36119002404,36005027600,210,2020-01-13
36119002600,36005027600,107,2020-01-13
36119004800,36005027600,176,2020-01-13
36119005500,36005027600,102,2020-01-13
36119005800,36005027600,93,2020-01-13
36119009400,36005027600,97,2020-01-13
36119010702,36005027600,88,2020-01-13
36119010801,36005027600,97,2020-01-13
34017016400,36005027600,129,2020-01-20
36005006100,36005027600,230,2020-01-20
36005006900,36005027600,195,2020-01-20
36005015200,36005027600,107,2020-01-20
36005016400,36005027600,165,2020-01-20
36005019400,36005027600,263,2020-01-20
36005021001,36005027600,155,2020-01-20
36005026602,36005027600,805,2020-01-20
36005028400,36005027600,157,2020-01-20
36005028500,36005027600,130,2020-01-20
36005030000,36005027600,309,2020-01-20
36005030200,36005027600,312,2020-01-20
36005031000,36005027600,216,2020-01-20
36005033201,36005027600,169,2020-01-20
36005033202,36005027600,184,2020-01-20
36005046201,36005027600,91,2020-01-20
36005050400,36005027600,270,2020-01-20
36047001500,36005027600,183,2020-01-20
36061008100,36005027600,133,2020-01-20
36061011100,36005027600,290,2020-01-20
36061011600,36005027600,200,2020-01-20
36061012400,36005027600,172,2020-01-20
36061014802,36005027600,131,2020-01-20
36061016800,36005027600,133,2020-01-20
36061025700,36005027600,119,2020-01-20
36061031703,36005027600,280,2020-01-20
36081000100,36005027600,278,2020-01-20
36081098700,36005027600,142,2020-01-20
36119000900,36005027600,104,2020-01-20
36119004800,36005027600,190,2020-01-20
36119005500,36005027600,205,2020-01-20
36119005701,36005027600,97,2020-01-20
36119005800,36005027600,115,2020-01-20
36119005901,36005027600,135,2020-01-20
36119010400,36005027600,184,2020-01-20
36119010702,36005027600,179,2020-01-20
36005009600,36005027600,109,2020-01-27
36005015200,36005027600,112,2020-01-27
36005015800,36005027600,151,2020-01-27
36005018400,36005027600,127,2020-01-27
36005019400,36005027600,573,2020-01-27
36005020501,36005027600,174,2020-01-27
36005022200,36005027600,110,2020-01-27
36005023800,36005027600,108,2020-01-27
36005024800,36005027600,231,2020-01-27
36005025500,36005027600,142,2020-01-27
36005026602,36005027600,955,2020-01-27
36005027600,36005027600,237,2020-01-27
36005028400,36005027600,293,2020-01-27
36005028800,36005027600,118,2020-01-27
36005030000,36005027600,478,2020-01-27
36005032600,36005027600,129,2020-01-27
36005038700,36005027600,119,2020-01-27
36005040702,36005027600,339,2020-01-27
36005041400,36005027600,300,2020-01-27
36005046201,36005027600,323,2020-01-27
36005046202,36005027600,573,2020-01-27
36005050400,36005027600,142,2020-01-27
36047090000,36005027600,129,2020-01-27
36047114400,36005027600,143,2020-01-27
36061009400,36005027600,167,2020-01-27
36061010400,36005027600,157,2020-01-27
36061011201,36005027600,134,2020-01-27
36061012900,36005027600,122,2020-01-27
36061014802,36005027600,103,2020-01-27
36061017500,36005027600,114,2020-01-27
36061019600,36005027600,102,2020-01-27
36061019800,36005027600,146,2020-01-27
36061023200,36005027600,134,2020-01-27
36061023600,36005027600,173,2020-01-27
36081027800,36005027600,202,2020-01-27
36081061400,36005027600,146,2020-01-27
36005008700,36005027600,90,2020-02-03
36005015200,36005027600,101,2020-02-03
36005015800,36005027600,112,2020-02-03
36005016600,36005027600,117,2020-02-03
36005018400,36005027600,81,2020-02-03
36005019400,36005027600,191,2020-02-03
36005022200,36005027600,89,2020-02-03
36005022800,36005027600,128,2020-02-03
36005025400,36005027600,93,2020-02-03
36005026602,36005027600,193,2020-02-03
36005027600,36005027600,113,2020-02-03
36005030000,36005027600,173,2020-02-03
36005039700,36005027600,165,2020-02-03
36005046201,36005027600,182,2020-02-03
36005050400,36005027600,204,2020-02-03
36061010400,36005027600,100,2020-02-03
36061011100,36005027600,162,2020-02-03
36061011900,36005027600,113,2020-02-03
36061015900,36005027600,77,2020-02-03
36061020901,36005027600,86,2020-02-03
36081017900,36005027600,86,2020-02-03
36119005701,36005027600,73,2020-02-03
36119005800,36005027600,124,2020-02-03
36119010400,36005027600,295,2020-02-03
36005001900,36005027600,106,2020-02-10
36005002702,36005027600,97,2020-02-10
36005004200,36005027600,109,2020-02-10
36005009000,36005027600,101,2020-02-10
36005009300,36005027600,114,2020-02-10
36005011800,36005027600,135,2020-02-10
36005015800,36005027600,85,2020-02-10
36005019400,36005027600,339,2020-02-10
36005020000,36005027600,96,2020-02-10
36005022403,36005027600,100,2020-02-10
36005026601,36005027600,86,2020-02-10
36005026602,36005027600,509,2020-02-10
36005029600,36005027600,164,2020-02-10
36005030000,36005027600,82,2020-02-10
36005030200,36005027600,139,2020-02-10
36005031000,36005027600,210,2020-02-10
36005032800,36005027600,84,2020-02-10
36005033000,36005027600,147,2020-02-10
36005033400,36005027600,211,2020-02-10
36005038302,36005027600,91,2020-02-10
36005038900,36005027600,82,2020-02-10
36005046201,36005027600,612,2020-02-10
36005050400,36005027600,215,2020-02-10
36047114400,36005027600,139,2020-02-10
36059411800,36005027600,99,2020-02-10
36061010400,36005027600,199,2020-02-10
36061011100,36005027600,263,2020-02-10
36061011300,36005027600,88,2020-02-10
36061012500,36005027600,127,2020-02-10
36061017300,36005027600,80,2020-02-10
36061017500,36005027600,97,2020-02-10
36061023502,36005027600,90,2020-02-10
36061028700,36005027600,146,2020-02-10
36119000103,36005027600,108,2020-02-10
36119001800,36005027600,140,2020-02-10
36119002600,36005027600,81,2020-02-10
36119004800,36005027600,146,2020-02-10
36119005500,36005027600,80,2020-02-10
36119005701,36005027600,79,2020-02-10
36119005702,36005027600,72,2020-02-10
36119007100,36005027600,85,2020-02-10
36119009400,36005027600,292,2020-02-10
34003012001,36005027600,141,2020-02-17
36005009000,36005027600,119,2020-02-17
36005009800,36005027600,120,2020-02-17
36005018102,36005027600,141,2020-02-17
36005018400,36005027600,191,2020-02-17
36005019400,36005027600,528,2020-02-17
36005021200,36005027600,121,2020-02-17
36005023301,36005027600,126,2020-02-17
36005026601,36005027600,93,2020-02-17
36005026602,36005027600,421,2020-02-17
36005029600,36005027600,273,2020-02-17
36005030000,36005027600,120,2020-02-17
36005033202,36005027600,98,2020-02-17
36005035600,36005027600,107,2020-02-17
36005038200,36005027600,185,2020-02-17
36005038600,36005027600,129,2020-02-17
36005041800,36005027600,111,2020-02-17
36005046201,36005027600,975,2020-02-17
36005046202,36005027600,298,2020-02-17
36005050400,36005027600,120,2020-02-17
36059410300,36005027600,90,2020-02-17
36061008603,36005027600,106,2020-02-17
36061008700,36005027600,92,2020-02-17
36061008800,36005027600,129,2020-02-17
36061011100,36005027600,101,2020-02-17
36061011201,36005027600,127,2020-02-17
36061013100,36005027600,110,2020-02-17
36061014601,36005027600,91,2020-02-17
36061015700,36005027600,150,2020-02-17
36061017300,36005027600,344,2020-02-17
36061017500,36005027600,117,2020-02-17
36061023502,36005027600,138,2020-02-17
36081061400,36005027600,123,2020-02-17
36081063200,36005027600,90,2020-02-17
36119002000,36005027600,87,2020-02-17
36119002404,36005027600,197,2020-02-17
36119002600,36005027600,213,2020-02-17
36119005701,36005027600,133,2020-02-17
36119006000,36005027600,362,2020-02-17
36119007100,36005027600,123,2020-02-17
36119009400,36005027600,345,2020-02-17
36119010400,36005027600,289,2020-02-17
34017007700,36005027600,104,2020-02-24
36005018400,36005027600,78,2020-02-24
36005020000,36005027600,84,2020-02-24
36005020400,36005027600,119,2020-02-24
36005026602,36005027600,802,2020-02-24
36005027402,36005027600,92,2020-02-24
36005027600,36005027600,258,2020-02-24
36005028400,36005027600,161,2020-02-24
36005030000,36005027600,430,2020-02-24
36005033202,36005027600,94,2020-02-24
36005046202,36005027600,104,2020-02-24
36005050400,36005027600,278,2020-02-24
36061010200,36005027600,100,2020-02-24
36061010400,36005027600,78,2020-02-24
36061011203,36005027600,138,2020-02-24
36061011402,36005027600,92,2020-02-24
36061012100,36005027600,112,2020-02-24
36061015900,36005027600,88,2020-02-24
36061017300,36005027600,123,2020-02-24
36103122300,36005027600,86,2020-02-24
36119005500,36005027600,151,2020-02-24
36119006300,36005027600,240,2020-02-24
36119007100,36005027600,96,2020-02-24
36119009400,36005027600,234,2020-02-24
36005009000,36005027600,99,2020-03-02
36005016600,36005027600,73,2020-03-02
36005018400,36005027600,82,2020-03-02
36005019400,36005027600,425,2020-03-02
36005020000,36005027600,73,2020-03-02
36005020200,36005027600,144,2020-03-02
36005026602,36005027600,173,2020-03-02
36005027600,36005027600,111,2020-03-02
36005028400,36005027600,110,2020-03-02
36005028500,36005027600,234,2020-03-02
36005030000,36005027600,198,2020-03-02
36005030200,36005027600,249,2020-03-02
36005033202,36005027600,278,2020-03-02
36005033800,36005027600,78,2020-03-02
36005043100,36005027600,108,2020-03-02
36005046201,36005027600,278,2020-03-02
36005050400,36005027600,100,2020-03-02
36061010400,36005027600,115,2020-03-02
36061011402,36005027600,76,2020-03-02
36061016100,36005027600,79,2020-03-02
36061028300,36005027600,79,2020-03-02
36061029100,36005027600,94,2020-03-02
36119005701,36005027600,93,2020-03-02
36119005800,36005027600,74,2020-03-02
36119007100,36005027600,99,2020-03-02
34003042500,36005027600,68,2020-03-09
36005009000,36005027600,95,2020-03-09
36005015800,36005027600,101,2020-03-09
36005019400,36005027600,149,2020-03-09
36005027402,36005027600,124,2020-03-09
36005027600,36005027600,128,2020-03-09
36005028500,36005027600,147,2020-03-09
36005028700,36005027600,104,2020-03-09
36005030000,36005027600,302,2020-03-09
36005030200,36005027600,110,2020-03-09
36005034000,36005027600,108,2020-03-09
36005039700,36005027600,91,2020-03-09
36005043100,36005027600,100,2020-03-09
36005046201,36005027600,227,2020-03-09
36005050400,36005027600,106,2020-03-09
36061000900,36005027600,253,2020-03-09
36061009900,36005027600,130,2020-03-09
36061017300,36005027600,95,2020-03-09
36081021600,36005027600,153,2020-03-09
36103201100,36005027600,90,2020-03-09
36119005500,36005027600,182,2020-03-09
36119005701,36005027600,175,2020-03-09
36119013800,36005027600,130,2020-03-09
36005004200,36005027600,201,2020-03-16
36005019400,36005027600,185,2020-03-16
36005026601,36005027600,157,2020-03-16
36005026602,36005027600,193,2020-03-16
36005030000,36005027600,115,2020-03-16
36005050400,36005027600,326,2020-03-16
36061012000,36005027600,138,2020-03-16
36103145605,36005027600,163,2020-03-16
36119009400,36005027600,166,2020-03-16
36005009000,36005027600,232,2020-03-23
36005030000,36005027600,184,2020-03-23
36005030200,36005027600,460,2020-03-23
36005033202,36005027600,203,2020-03-23
36005033400,36005027600,207,2020-03-23
36005050400,36005027600,189,2020-03-23
36047113400,36005027600,170,2020-03-23
36119005500,36005027600,132,2020-03-23
36005009000,36005027600,177,2020-03-30
36005020400,36005027600,151,2020-03-30
36005020900,36005027600,134,2020-03-30
36005022403,36005027600,202,2020-03-30
36005026602,36005027600,395,2020-03-30
36005027401,36005027600,143,2020-03-30
36005030000,36005027600,862,2020-03-30
36005030200,36005027600,175,2020-03-30
36005033202,36005027600,291,2020-03-30
36005050400,36005027600,341,2020-03-30
36061020000,36005027600,135,2020-03-30
36119005500,36005027600,138,2020-03-30
36119005701,36005027600,214,2020-03-30
36005016600,36005027600,162,2020-04-06
36005020400,36005027600,188,2020-04-06
36005026602,36005027600,471,2020-04-06
36005027402,36005027600,172,2020-04-06
36005028400,36005027600,166,2020-04-06
36005030000,36005027600,173,2020-04-06
36005030200,36005027600,684,2020-04-06
36005034800,36005027600,166,2020-04-06
36005050400,36005027600,370,2020-04-06
36061015700,36005027600,159,2020-04-06
36119005701,36005027600,133,2020-04-06
36005026602,36005027600,604,2020-04-13
36005027402,36005027600,140,2020-04-13
36005027600,36005027600,284,2020-04-13
36005030200,36005027600,780,2020-04-13
36005050400,36005027600,236,2020-04-13
36061003100,36005027600,239,2020-04-13
36061010400,36005027600,140,2020-04-13
36061015700,36005027600,189,2020-04-13
36061030700,36005027600,238,2020-04-13
36005001600,36005027600,244,2020-04-20
36005020100,36005027600,253,2020-04-20
36005026601,36005027600,230,2020-04-20
36005026602,36005027600,410,2020-04-20
36005030000,36005027600,303,2020-04-20
36005030200,36005027600,563,2020-04-20
36005033201,36005027600,490,2020-04-20
36047113400,36005027600,252,2020-04-20
36047115600,36005027600,251,2020-04-20
36005009000,36005027600,140,2020-04-27
36005011000,36005027600,190,2020-04-27
36005026602,36005027600,218,2020-04-27
36005027402,36005027600,133,2020-04-27
36005030000,36005027600,329,2020-04-27
36005030200,36005027600,810,2020-04-27
36005050400,36005027600,187,2020-04-27
36061016002,36005027600,197,2020-04-27
36119005701,36005027600,134,2020-04-27
36005022403,36005027600,155,2020-05-04
36005026601,36005027600,123,2020-05-04
36005030200,36005027600,313,2020-05-04
36005036000,36005027600,132,2020-05-04
36005039600,36005027600,135,2020-05-04
36005050400,36005027600,146,2020-05-04
36061015700,36005027600,138,2020-05-04
36119005500,36005027600,123,2020-05-04
36119008000,36005027600,107,2020-05-04
36005004600,36005027600,147,2020-05-11
36005022403,36005027600,128,2020-05-11
36005026602,36005027600,128,2020-05-11
36005030200,36005027600,496,2020-05-11
36005035800,36005027600,106,2020-05-11
36005046202,36005027600,133,2020-05-11
36005050400,36005027600,245,2020-05-11
36061002601,36005027600,149,2020-05-11
36119005500,36005027600,122,2020-05-11
36119008000,36005027600,121,2020-05-11
36005009000,36005027600,130,2020-05-18
36005022000,36005027600,125,2020-05-18
36005026601,36005027600,120,2020-05-18
36005030000,36005027600,272,2020-05-18
36005030200,36005027600,804,2020-05-18
36005036000,36005027600,150,2020-05-18
36005046201,36005027600,112,2020-05-18
36005050400,36005027600,166,2020-05-18
36061015700,36005027600,148,2020-05-18
36061030700,36005027600,189,2020-05-18
36081006501,36005027600,129,2020-05-18
36103122802,36005027600,105,2020-05-18
36103145605,36005027600,193,2020-05-18
36103145703,36005027600,121,2020-05-18
36119005701,36005027600,201,2020-05-18
34003042400,36005027600,86,2020-05-25
36005016100,36005027600,154,2020-05-25
36005019300,36005027600,161,2020-05-25
36005019900,36005027600,140,2020-05-25
36005020601,36005027600,121,2020-05-25
36005026601,36005027600,105,2020-05-25
36005026602,36005027600,265,2020-05-25
36005027600,36005027600,177,2020-05-25
36005030000,36005027600,143,2020-05-25
36005030200,36005027600,690,2020-05-25
36005031000,36005027600,109,2020-05-25
36005050400,36005027600,287,2020-05-25
36061002900,36005027600,151,2020-05-25
36061005600,36005027600,220,2020-05-25
36061011600,36005027600,156,2020-05-25
36061019600,36005027600,117,2020-05-25
36061030700,36005027600,163,2020-05-25
36119006000,36005027600,161,2020-05-25
36005007200,36005027600,103,2020-06-01
36005009000,36005027600,125,2020-06-01
36005015700,36005027600,173,2020-06-01
36005026601,36005027600,112,2020-06-01
36005026602,36005027600,119,2020-06-01
36005027401,36005027600,108,2020-06-01
36005028800,36005027600,104,2020-06-01
36005030000,36005027600,357,2020-06-01
36005030200,36005027600,411,2020-06-01
36005031000,36005027600,284,2020-06-01
36005032800,36005027600,165,2020-06-01
36005034000,36005027600,107,2020-06-01
36005034800,36005027600,98,2020-06-01
36005036901,36005027600,160,2020-06-01
36005050400,36005027600,146,2020-06-01
36047070203,36005027600,146,2020-06-01
36061011600,36005027600,156,2020-06-01
36061017100,36005027600,123,2020-06-01
36061019500,36005027600,134,2020-06-01
36061026500,36005027600,159,2020-06-01
36061027900,36005027600,116,2020-06-01
36061029300,36005027600,308,2020-06-01
36119005901,36005027600,147,2020-06-01
36119005902,36005027600,164,2020-06-01
36005005001,36005027600,240,2020-06-08
36005009000,36005027600,115,2020-06-08
36005009300,36005027600,219,2020-06-08
36005011000,36005027600,163,2020-06-08
36005020200,36005027600,120,2020-06-08
36005021602,36005027600,116,2020-06-08
36005026601,36005027600,139,2020-06-08
36005027402,36005027600,459,2020-06-08
36005029600,36005027600,134,2020-06-08
36005030000,36005027600,102,2020-06-08
36005031000,36005027600,107,2020-06-08
36005040502,36005027600,216,2020-06-08
36005046202,36005027600,104,2020-06-08
36005050400,36005027600,390,2020-06-08
36061011600,36005027600,350,2020-06-08
36061021900,36005027600,107,2020-06-08
36061023300,36005027600,135,2020-06-08
36061027900,36005027600,113,2020-06-08
36061028700,36005027600,133,2020-06-08
36061029100,36005027600,154,2020-06-08
36061030300,36005027600,130,2020-06-08
36119005500,36005027600,110,2020-06-08
36119005701,36005027600,184,2020-06-08
36119005902,36005027600,193,2020-06-08
36119008000,36005027600,97,2020-06-08
36119014805,36005027600,110,2020-06-08
36005011000,36005027600,196,2020-06-15
36005026601,36005027600,115,2020-06-15
36005026602,36005027600,134,2020-06-15
36005030000,36005027600,132,2020-06-15
36005030200,36005027600,124,2020-06-15
36005036901,36005027600,185,2020-06-15
36047117000,36005027600,236,2020-06-15
36059416900,36005027600,155,2020-06-15
36061005502,36005027600,108,2020-06-15
36061005800,36005027600,139,2020-06-15
36061026500,36005027600,168,2020-06-15
36061027100,36005027600,218,2020-06-15
36119002600,36005027600,120,2020-06-15
36119004000,36005027600,145,2020-06-15
36119005701,36005027600,264,2020-06-15
36119006100,36005027600,179,2020-06-15
36119009400,36005027600,145,2020-06-15
36005011000,36005027600,191,2020-06-22
36005019300,36005027600,193,2020-06-22
36005022401,36005027600,118,2020-06-22
36005026601,36005027600,236,2020-06-22
36005026602,36005027600,889,2020-06-22
36005028600,36005027600,133,2020-06-22
36005030200,36005027600,195,2020-06-22
36005033202,36005027600,145,2020-06-22
36005034200,36005027600,124,2020-06-22
36005041800,36005027600,122,2020-06-22
36005042902,36005027600,143,2020-06-22
36005046201,36005027600,286,2020-06-22
36005050400,36005027600,238,2020-06-22
36061003100,36005027600,127,2020-06-22
36061010602,36005027600,188,2020-06-22
36119000900,36005027600,134,2020-06-22
36005006900,36005027600,244,2020-06-29
36005007800,36005027600,116,2020-06-29
36005009000,36005027600,297,2020-06-29
36005011000,36005027600,189,2020-06-29
36005011900,36005027600,104,2020-06-29
36005026601,36005027600,282,2020-06-29
36005026602,36005027600,266,2020-06-29
36005030000,36005027600,598,2020-06-29
36005036000,36005027600,152,2020-06-29
36005046201,36005027600,429,2020-06-29
36005050400,36005027600,164,2020-06-29
36061001300,36005027600,113,2020-06-29
36061011600,36005027600,343,2020-06-29
36061017300,36005027600,211,2020-06-29
36061018700,36005027600,148,2020-06-29
36061024302,36005027600,128,2020-06-29
36119002107,36005027600,128,2020-06-29
36119002600,36005027600,264,2020-06-29
36119004000,36005027600,153,2020-06-29
36119005701,36005027600,171,2020-06-29
36119009400,36005027600,122,2020-06-29
36005009000,36005027600,120,2020-07-06
36005023200,36005027600,180,2020-07-06
36005023302,36005027600,105,2020-07-06
36005026601,36005027600,125,2020-07-06
36005026602,36005027600,279,2020-07-06
36005029700,36005027600,180,2020-07-06
36005030000,36005027600,416,2020-07-06
36005030200,36005027600,134,2020-07-06
36005034800,36005027600,105,2020-07-06
36005050400,36005027600,320,2020-07-06
36005051600,36005027600,117,2020-07-06
36047000900,36005027600,176,2020-07-06
36059405500,36005027600,124,2020-07-06
36059407301,36005027600,135,2020-07-06
36059416900,36005027600,143,2020-07-06
36061002900,36005027600,130,2020-07-06
36061011202,36005027600,105,2020-07-06
36061023400,36005027600,118,2020-07-06
36061026500,36005027600,161,2020-07-06
36119006000,36005027600,109,2020-07-06
36119007900,36005027600,122,2020-07-06
36119009400,36005027600,170,2020-07-06
34029717300,36005027600,292,2020-07-13
36005002701,36005027600,111,2020-07-13
36005002702,36005027600,168,2020-07-13
36005008500,36005027600,134,2020-07-13
36005009000,36005027600,151,2020-07-13
36005015800,36005027600,206,2020-07-13
36005022701,36005027600,118,2020-07-13
36005022901,36005027600,187,2020-07-13
36005025600,36005027600,185,2020-07-13
36005026601,36005027600,288,2020-07-13
36005026602,36005027600,619,2020-07-13
36005030000,36005027600,303,2020-07-13
36005030200,36005027600,114,2020-07-13
36005033000,36005027600,122,2020-07-13
36005033800,36005027600,164,2020-07-13
36005034000,36005027600,109,2020-07-13
36005037300,36005027600,177,2020-07-13
36005046201,36005027600,382,2020-07-13
36005050400,36005027600,237,2020-07-13
36047034500,36005027600,127,2020-07-13
36061010400,36005027600,181,2020-07-13
36061021800,36005027600,124,2020-07-13
36061030700,36005027600,159,2020-07-13
36081094500,36005027600,113,2020-07-13
36081094700,36005027600,166,2020-07-13
36119002600,36005027600,363,2020-07-13
36119005701,36005027600,132,2020-07-13
36119008000,36005027600,113,2020-07-13
36119009400,36005027600,441,2020-07-13
36005004200,36005027600,123,2020-07-20
36005011000,36005027600,174,2020-07-20
36005014701,36005027600,177,2020-07-20
36005014702,36005027600,150,2020-07-20
36005021800,36005027600,151,2020-07-20
36005022403,36005027600,105,2020-07-20
36005026601,36005027600,138,2020-07-20
36005027401,36005027600,162,2020-07-20
36005028400,36005027600,154,2020-07-20
36005030000,36005027600,131,2020-07-20
36005030200,36005027600,178,2020-07-20
36005035000,36005027600,124,2020-07-20
36005038302,36005027600,257,2020-07-20
36005039700,36005027600,165,2020-07-20
36005046202,36005027600,123,2020-07-20
36005050400,36005027600,201,2020-07-20
36047077400,36005027600,116,2020-07-20
36061003100,36005027600,181,2020-07-20
36061015700,36005027600,123,2020-07-20
36061026500,36005027600,249,2020-07-20
36119005100,36005027600,111,2020-07-20
36005006900,36005027600,164,2020-07-27
36005014702,36005027600,140,2020-07-27
36005015200,36005027600,228,2020-07-27
36005026602,36005027600,114,2020-07-27
36005027600,36005027600,159,2020-07-27
36005030000,36005027600,110,2020-07-27
36005030200,36005027600,131,2020-07-27
36005042100,36005027600,184,2020-07-27
36005043100,36005027600,204,2020-07-27
36005046201,36005027600,104,2020-07-27
36005046202,36005027600,106,2020-07-27
36005050400,36005027600,150,2020-07-27
36061015400,36005027600,158,2020-07-27
36061023600,36005027600,122,2020-07-27
36119006000,36005027600,93,2020-07-27
36119010803,36005027600,96,2020-07-27
36119012900,36005027600,93,2020-07-27
36005006900,36005027600,158,2020-08-03
36005009000,36005027600,153,2020-08-03
36005011000,36005027600,174,2020-08-03
36005011800,36005027600,152,2020-08-03
36005014701,36005027600,96,2020-08-03
36005018400,36005027600,137,2020-08-03
36005019400,36005027600,122,2020-08-03
36005027402,36005027600,116,2020-08-03
36005027600,36005027600,160,2020-08-03
36005030000,36005027600,119,2020-08-03
36005050400,36005027600,222,2020-08-03
36005051600,36005027600,232,2020-08-03
36059416900,36005027600,131,2020-08-03
36061014602,36005027600,156,2020-08-03
36119005902,36005027600,132,2020-08-03
36119006600,36005027600,130,2020-08-03
36119007200,36005027600,103,2020-08-03
34017019800,36005027600,103,2020-08-10
36005002701,36005027600,116,2020-08-10
36005009000,36005027600,179,2020-08-10
36005011000,36005027600,164,2020-08-10
36005014701,36005027600,141,2020-08-10
36005015800,36005027600,94,2020-08-10
36005018400,36005027600,119,2020-08-10
36005024700,36005027600,126,2020-08-10
36005025200,36005027600,121,2020-08-10
36005026601,36005027600,199,2020-08-10
36005026602,36005027600,415,2020-08-10
36005028400,36005027600,406,2020-08-10
36005029600,36005027600,469,2020-08-10
36005031000,36005027600,104,2020-08-10
36005038100,36005027600,127,2020-08-10
36005039902,36005027600,135,2020-08-10
36005050400,36005027600,122,2020-08-10
36061003100,36005027600,139,2020-08-10
36061026500,36005027600,152,2020-08-10
36081099705,36005027600,125,2020-08-10
36119002000,36005027600,202,2020-08-10
36119002104,36005027600,153,2020-08-10
36119002404,36005027600,102,2020-08-10
36119004600,36005027600,104,2020-08-10
36119004800,36005027600,154,2020-08-10
36119005701,36005027600,160,2020-08-10
36005000400,36005027600,157,2020-08-17
36005004200,36005027600,265,2020-08-17
36005014500,36005027600,143,2020-08-17
36005019400,36005027600,244,2020-08-17
36005023200,36005027600,128,2020-08-17
36005026602,36005027600,188,2020-08-17
36005027600,36005027600,156,2020-08-17
36005028800,36005027600,133,2020-08-17
36005031200,36005027600,131,2020-08-17
36061010400,36005027600,122,2020-08-17
36061029100,36005027600,248,2020-08-17
36119004600,36005027600,115,2020-08-17
36119005500,36005027600,105,2020-08-17
36119005701,36005027600,104,2020-08-17
36119005902,36005027600,131,2020-08-17
36119013304,36005027600,95,2020-08-17
34023002701,36005027600,122,2020-08-24
34029735103,36005027600,105,2020-08-24
36005011800,36005027600,184,2020-08-24
36005014500,36005027600,161,2020-08-24
36005023200,36005027600,192,2020-08-24
36005026602,36005027600,402,2020-08-24
36005030000,36005027600,147,2020-08-24
36005046201,36005027600,113,2020-08-24
36005046202,36005027600,117,2020-08-24
36005050400,36005027600,395,2020-08-24
36005051600,36005027600,135,2020-08-24
36061026900,36005027600,100,2020-08-24
36119002000,36005027600,232,2020-08-24
36119006600,36005027600,374,2020-08-24
36119007700,36005027600,122,2020-08-24
36119011200,36005027600,125,2020-08-24
36005009000,36005027600,105,2020-08-31
36005009800,36005027600,97,2020-08-31
36005022200,36005027600,132,2020-08-31
36005026400,36005027600,153,2020-08-31
36005026602,36005027600,428,2020-08-31
36005027402,36005027600,129,2020-08-31
36005030000,36005027600,212,2020-08-31
36005033400,36005027600,274,2020-08-31
36005046201,36005027600,130,2020-08-31
36005050400,36005027600,171,2020-08-31
36047114400,36005027600,91,2020-08-31
36059518900,36005027600,100,2020-08-31
36061012100,36005027600,157,2020-08-31
36061013500,36005027600,122,2020-08-31
36061017300,36005027600,171,2020-08-31
36119005500,36005027600,126,2020-08-31
36119005902,36005027600,177,2020-08-31
36119008000,36005027600,100,2020-08-31
34003013001,36005027600,105,2020-09-07
36005004300,36005027600,142,2020-09-07
36005009000,36005027600,417,2020-09-07
36005009200,36005027600,98,2020-09-07
36005018400,36005027600,109,2020-09-07
36005026602,36005027600,260,2020-09-07
36005028400,36005027600,212,2020-09-07
36005030000,36005027600,136,2020-09-07
36005037400,36005027600,145,2020-09-07
36005038302,36005027600,117,2020-09-07
36005039700,36005027600,540,2020-09-07
36005046201,36005027600,255,2020-09-07
36047058200,36005027600,149,2020-09-07
36047059100,36005027600,107,2020-09-07
36061003100,36005027600,121,2020-09-07
36061026500,36005027600,116,2020-09-07
36061027300,36005027600,114,2020-09-07
36061029900,36005027600,122,2020-09-07
36119002405,36005027600,107,2020-09-07
36119005500,36005027600,346,2020-09-07
36119005701,36005027600,103,2020-09-07
36119007700,36005027600,165,2020-09-07
36119008000,36005027600,97,2020-09-07
36119010701,36005027600,100,2020-09-07
34003013001,36005027600,255,2020-09-14
36005009000,36005027600,141,2020-09-14
36005015800,36005027600,135,2020-09-14
36005020000,36005027600,207,2020-09-14
36005021200,36005027600,123,2020-09-14
36005022200,36005027600,118,2020-09-14
36005022403,36005027600,130,2020-09-14
36005025000,36005027600,118,2020-09-14
36005026601,36005027600,109,2020-09-14
36005026602,36005027600,269,2020-09-14
36005028600,36005027600,191,2020-09-14
36005030000,36005027600,370,2020-09-14
36005045600,36005027600,105,2020-09-14
36005046201,36005027600,330,2020-09-14
36005050400,36005027600,138,2020-09-14
36047003900,36005027600,106,2020-09-14
36047052500,36005027600,105,2020-09-14
36047114400,36005027600,161,2020-09-14
36119001502,36005027600,108,2020-09-14
36119002404,36005027600,110,2020-09-14
36119005701,36005027600,305,2020-09-14
36119010500,36005027600,138,2020-09-14
36119012000,36005027600,281,2020-09-14
36005003900,36005027600,154,2020-09-21
36005011900,36005027600,164,2020-09-21
36005015200,36005027600,103,2020-09-21
36005016500,36005027600,143,2020-09-21
36005018400,36005027600,140,2020-09-21
36005026601,36005027600,139,2020-09-21
36005026602,36005027600,579,2020-09-21
36005029600,36005027600,245,2020-09-21
36005030000,36005027600,431,2020-09-21
36005031000,36005027600,266,2020-09-21
36005038900,36005027600,114,2020-09-21
36005050400,36005027600,155,2020-09-21
36047055100,36005027600,141,2020-09-21
36047055300,36005027600,139,2020-09-21
36047069800,36005027600,171,2020-09-21
36047114400,36005027600,235,2020-09-21
36047115200,36005027600,142,2020-09-21
36119002600,36005027600,118,2020-09-21
36119005500,36005027600,107,2020-09-21
36119006000,36005027600,137,2020-09-21
36005005400,36005027600,328,2020-09-28
36005011000,36005027600,169,2020-09-28
36005012101,36005027600,159,2020-09-28
36005012300,36005027600,148,2020-09-28
36005019400,36005027600,159,2020-09-28
36005026100,36005027600,223,2020-09-28
36005026601,36005027600,104,2020-09-28
36005026602,36005027600,102,2020-09-28
36005027402,36005027600,114,2020-09-28
36005030000,36005027600,251,2020-09-28
36005031000,36005027600,124,2020-09-28
36005034800,36005027600,138,2020-09-28
36005041400,36005027600,128,2020-09-28
36005046201,36005027600,100,2020-09-28
36005050400,36005027600,181,2020-09-28
36005051600,36005027600,111,2020-09-28
36047041300,36005027600,149,2020-09-28
36061015802,36005027600,121,2020-09-28
36061018300,36005027600,251,2020-09-28
36061021800,36005027600,109,2020-09-28
36061028500,36005027600,136,2020-09-28
36081029100,36005027600,134,2020-09-28
36081053900,36005027600,129,2020-09-28
36119005500,36005027600,129,2020-09-28
36119007100,36005027600,118,2020-09-28
36119012000,36005027600,152,2020-09-28
34003042500,36005027600,231,2020-10-05
36005004200,36005027600,144,2020-10-05
36005006300,36005027600,113,2020-10-05
36005009000,36005027600,136,2020-10-05
36005009800,36005027600,127,2020-10-05
36005011900,36005027600,102,2020-10-05
36005015200,36005027600,108,2020-10-05
36005018400,36005027600,127,2020-10-05
36005022403,36005027600,102,2020-10-05
36005026300,36005027600,138,2020-10-05
36005026400,36005027600,242,2020-10-05
36005026602,36005027600,220,2020-10-05
36005026702,36005027600,154,2020-10-05
36005027300,36005027600,130,2020-10-05
36005027401,36005027600,156,2020-10-05
36005030000,36005027600,120,2020-10-05
36005034800,36005027600,101,2020-10-05
36005035800,36005027600,126,2020-10-05
36005039100,36005027600,129,2020-10-05
36005041900,36005027600,149,2020-10-05
36005043100,36005027600,116,2020-10-05
36005045800,36005027600,147,2020-10-05
36005046201,36005027600,255,2020-10-05
36005050400,36005027600,239,2020-10-05
36047031400,36005027600,166,2020-10-05
36047043900,36005027600,102,2020-10-05
36047114400,36005027600,132,2020-10-05
36061010100,36005027600,135,2020-10-05
36061011800,36005027600,116,2020-10-05
36061026500,36005027600,139,2020-10-05
36061031703,36005027600,104,2020-10-05
36081021900,36005027600,210,2020-10-05
36119002000,36005027600,154,2020-10-05
36119002405,36005027600,189,2020-10-05
36119005002,36005027600,126,2020-10-05
36119005800,36005027600,118,2020-10-05
36119009400,36005027600,268,2020-10-05
36119010100,36005027600,108,2020-10-05
36005002400,36005027600,150,2020-10-12
36005004600,36005027600,108,2020-10-12
36005007600,36005027600,109,2020-10-12
36005009800,36005027600,148,2020-10-12
36005015200,36005027600,157,2020-10-12
36005026601,36005027600,95,2020-10-12
36005026602,36005027600,301,2020-10-12
36005027402,36005027600,170,2020-10-12
36005028400,36005027600,113,2020-10-12
36005029600,36005027600,112,2020-10-12
36005038900,36005027600,103,2020-10-12
36005046201,36005027600,165,2020-10-12
36005050400,36005027600,133,2020-10-12
36047114400,36005027600,165,2020-10-12
36061003100,36005027600,127,2020-10-12
36061012500,36005027600,131,2020-10-12
36061015700,36005027600,122,2020-10-12
36061027100,36005027600,104,2020-10-12
36081012301,36005027600,137,2020-10-12
36103169704,36005027600,98,2020-10-12
36103169800,36005027600,210,2020-10-12
36119002404,36005027600,95,2020-10-12
36119005701,36005027600,459,2020-10-12
36119012000,36005027600,103,2020-10-12
34031182400,36005027600,136,2020-10-19
34031183101,36005027600,84,2020-10-19
36005001900,36005027600,241,2020-10-19
36005015200,36005027600,148,2020-10-19
36005016200,36005027600,110,2020-10-19
36005026602,36005027600,448,2020-10-19
36005028400,36005027600,128,2020-10-19
36005031200,36005027600,149,2020-10-19
36005033400,36005027600,125,2020-10-19
36005033500,36005027600,145,2020-10-19
36005034400,36005027600,130,2020-10-19
36005034800,36005027600,109,2020-10-19
36005036000,36005027600,154,2020-10-19
36005046201,36005027600,265,2020-10-19
36047045300,36005027600,104,2020-10-19
36061010400,36005027600,327,2020-10-19
36061011201,36005027600,102,2020-10-19
36061013700,36005027600,222,2020-10-19
36061014300,36005027600,226,2020-10-19
36061017300,36005027600,143,2020-10-19
36103169704,36005027600,334,2020-10-19
36103169800,36005027600,196,2020-10-19
36119002600,36005027600,128,2020-10-19
36119005500,36005027600,115,2020-10-19
36119005701,36005027600,162,2020-10-19
36119006801,36005027600,103,2020-10-19
36119009400,36005027600,153,2020-10-19
36119012000,36005027600,222,2020-10-19
36119013202,36005027600,111,2020-10-19
34003012001,36005027600,130,2020-10-26
34031182400,36005027600,212,2020-10-26
36005004200,36005027600,128,2020-10-26
36005009000,36005027600,251,2020-10-26
36005011700,36005027600,243,2020-10-26
36005015200,36005027600,156,2020-10-26
36005016200,36005027600,303,2020-10-26
36005018400,36005027600,193,2020-10-26
36005019400,36005027600,121,2020-10-26
36005026400,36005027600,151,2020-10-26
36005026601,36005027600,350,2020-10-26
36005026602,36005027600,210,2020-10-26
36005031000,36005027600,264,2020-10-26
36005042500,36005027600,116,2020-10-26
36005046201,36005027600,285,2020-10-26
36047030700,36005027600,125,2020-10-26
36047031400,36005027600,137,2020-10-26
36059303201,36005027600,210,2020-10-26
36061010400,36005027600,153,2020-10-26
36061015300,36005027600,108,2020-10-26
36061016500,36005027600,164,2020-10-26
36061020901,36005027600,118,2020-10-26
36081055700,36005027600,112,2020-10-26
36081062700,36005027600,116,2020-10-26
36119002000,36005027600,387,2020-10-26
36119002105,36005027600,114,2020-10-26
36119004600,36005027600,252,2020-10-26
36119007000,36005027600,121,2020-10-26
36119007200,36005027600,107,2020-10-26
36119010801,36005027600,134,2020-10-26
36119012000,36005027600,173,2020-10-26
34003032103,36005027600,112,2020-11-02
34031182302,36005027600,125,2020-11-02
36005002000,36005027600,200,2020-11-02
36005011000,36005027600,162,2020-11-02
36005015800,36005027600,175,2020-11-02
36005026601,36005027600,103,2020-11-02
36005026602,36005027600,168,2020-11-02
36005027402,36005027600,130,2020-11-02
36005030000,36005027600,126,2020-11-02
36005031000,36005027600,113,2020-11-02
36005039901,36005027600,140,2020-11-02
36005046202,36005027600,145,2020-11-02
36047030900,36005027600,135,2020-11-02
36047044900,36005027600,170,2020-11-02
36047114400,36005027600,134,2020-11-02
36061001002,36005027600,166,2020-11-02
36061011202,36005027600,153,2020-11-02
36061014300,36005027600,135,2020-11-02
36061017300,36005027600,139,2020-11-02
36085027302,36005027600,240,2020-11-02
36119001503,36005027600,99,2020-11-02
36119002202,36005027600,162,2020-11-02
36119005500,36005027600,203,2020-11-02
36119006300,36005027600,124,2020-11-02
36119009400,36005027600,101,2020-11-02
36119010600,36005027600,138,2020-11-02
36119012102,36005027600,125,2020-11-02
36005009000,36005027600,254,2020-11-09
36005015200,36005027600,127,2020-11-09
36005019400,36005027600,238,2020-11-09
36005026601,36005027600,104,2020-11-09
36005026602,36005027600,224,2020-11-09
36005026702,36005027600,138,2020-11-09
36005027600,36005027600,167,2020-11-09
36005030000,36005027600,264,2020-11-09
36005030900,36005027600,355,2020-11-09
36005031000,36005027600,129,2020-11-09
36005040900,36005027600,130,2020-11-09
36005046201,36005027600,173,2020-11-09
36061011201,36005027600,107,2020-11-09
36061026500,36005027600,148,2020-11-09
36081015500,36005027600,130,2020-11-09
36119002107,36005027600,98,2020-11-09
36119005002,36005027600,109,2020-11-09
36119006500,36005027600,157,2020-11-09
36119012000,36005027600,196,2020-11-09
36005026400,36005027600,157,2020-11-16
36005026602,36005027600,153,2020-11-16
36005027401,36005027600,170,2020-11-16
36005030000,36005027600,448,2020-11-16
36005041300,36005027600,114,2020-11-16
36061002000,36005027600,212,2020-11-16
36061011201,36005027600,129,2020-11-16
36119002404,36005027600,120,2020-11-16
36119006900,36005027600,108,2020-11-16
36119007401,36005027600,115,2020-11-16
36005007200,36005027600,130,2020-11-23
36005007300,36005027600,143,2020-11-23
36005009000,36005027600,157,2020-11-23
36005011000,36005027600,173,2020-11-23
36005023200,36005027600,144,2020-11-23
36005026602,36005027600,139,2020-11-23
36005033400,36005027600,133,2020-11-23
36005046201,36005027600,154,2020-11-23
36005050400,36005027600,145,2020-11-23
36061011201,36005027600,102,2020-11-23
36061014300,36005027600,284,2020-11-23
36061019500,36005027600,143,2020-11-23
36061023801,36005027600,136,2020-11-23
36119004600,36005027600,130,2020-11-23
36119005500,36005027600,253,2020-11-23
36119005701,36005027600,121,2020-11-23
36119007100,36005027600,147,2020-11-23
36005019400,36005027600,247,2020-11-30
36005020000,36005027600,101,2020-11-30
36005026602,36005027600,464,2020-11-30
36005027600,36005027600,170,2020-11-30
36005030200,36005027600,155,2020-11-30
36005046201,36005027600,111,2020-11-30
36005050400,36005027600,231,2020-11-30
36061017300,36005027600,190,2020-11-30
36081083700,36005027600,108,2020-11-30
36119002404,36005027600,242,2020-11-30
36119006000,36005027600,138,2020-11-30
36119012000,36005027600,237,2020-11-30
34039034500,36005027600,92,2020-12-07
36005001600,36005027600,124,2020-12-07
36005004200,36005027600,128,2020-12-07
36005007300,36005027600,133,2020-12-07
36005009000,36005027600,116,2020-12-07
36005015200,36005027600,101,2020-12-07
36005019400,36005027600,213,2020-12-07
36005020000,36005027600,129,2020-12-07
36005021700,36005027600,155,2020-12-07
36005026400,36005027600,121,2020-12-07
36005026602,36005027600,489,2020-12-07
36005028400,36005027600,122,2020-12-07
36005029600,36005027600,193,2020-12-07
36005030000,36005027600,569,2020-12-07
36005046201,36005027600,106,2020-12-07
36005050400,36005027600,190,2020-12-07
36047107000,36005027600,183,2020-12-07
36061015700,36005027600,129,2020-12-07
36081010300,36005027600,331,2020-12-07
36119005500,36005027600,237,2020-12-07
36119006300,36005027600,148,2020-12-07
36119009400,36005027600,164,2020-12-07
34013009200,36005027600,93,2020-12-14
34039035400,36005027600,124,2020-12-14
36005002800,36005027600,123,2020-12-14
36005006300,36005027600,131,2020-12-14
36005009000,36005027600,151,2020-12-14
36005009800,36005027600,157,2020-12-14
36005014500,36005027600,137,2020-12-14
36005019400,36005027600,203,2020-12-14
36005024700,36005027600,135,2020-12-14
36005026601,36005027600,106,2020-12-14
36005026602,36005027600,115,2020-12-14
36005026702,36005027600,114,2020-12-14
36005031000,36005027600,172,2020-12-14
36005046201,36005027600,352,2020-12-14
36005050400,36005027600,160,2020-12-14
36047114400,36005027600,139,2020-12-14
36061016900,36005027600,136,2020-12-14
36119002105,36005027600,111,2020-12-14
36119005500,36005027600,101,2020-12-14
36119009400,36005027600,178,2020-12-14
36005002800,36005027600,105,2020-12-21
36005026601,36005027600,117,2020-12-21
36005026602,36005027600,665,2020-12-21
36005028400,36005027600,133,2020-12-21
36005030000,36005027600,123,2020-12-21
36005031000,36005027600,126,2020-12-21
36005032400,36005027600,213,2020-12-21
36005038200,36005027600,167,2020-12-21
36005038700,36005027600,136,2020-12-21
36005050400,36005027600,302,2020-12-21
36061010400,36005027600,161,2020-12-21
36061015400,36005027600,174,2020-12-21
36061015700,36005027600,136,2020-12-21
36005019400,36005027600,205,2020-12-28
36005026601,36005027600,190,2020-12-28
36005026602,36005027600,406,2020-12-28
36005030200,36005027600,201,2020-12-28
36005035600,36005027600,161,2020-12-28
36005046201,36005027600,291,2020-12-28
36005050400,36005027600,156,2020-12-28
36061010400,36005027600,164,2020-12-28
36061011201,36005027600,137,2020-12-28
36061014300,36005027600,167,2020-12-28
36061021000,36005027600,188,2020-12-28
36005004200,36005027600,154,2021-01-04
36005005200,36005027600,110,2021-01-04
36005012300,36005027600,135,2021-01-04
36005015200,36005027600,165,2021-01-04
36005026602,36005027600,389,2021-01-04
36005026702,36005027600,154,2021-01-04
36005030000,36005027600,127,2021-01-04
36005034000,36005027600,125,2021-01-04
36005046201,36005027600,123,2021-01-04
36059303201,36005027600,222,2021-01-04
36061015700,36005027600,324,2021-01-04
36061021000,36005027600,169,2021-01-04
36119002404,36005027600,115,2021-01-04
36119009300,36005027600,145,2021-01-04
36005005200,36005027600,147,2021-01-11
36005008700,36005027600,192,2021-01-11
36005026602,36005027600,374,2021-01-11
36005031000,36005027600,130,2021-01-11
36005046201,36005027600,176,2021-01-11
36061011700,36005027600,194,2021-01-11
36061013100,36005027600,122,2021-01-11
36061017300,36005027600,132,2021-01-11
36061026500,36005027600,118,2021-01-11
36119005002,36005027600,118,2021-01-11
36119005701,36005027600,119,2021-01-11
36119009400,36005027600,104,2021-01-11
34017014400,36005027600,113,2021-01-18
36005005400,36005027600,121,2021-01-18
36005007500,36005027600,217,2021-01-18
36005019400,36005027600,172,2021-01-18
36005026601,36005027600,292,2021-01-18
36005026602,36005027600,440,2021-01-18
36005030000,36005027600,147,2021-01-18
36005032600,36005027600,156,2021-01-18
36061015001,36005027600,146,2021-01-18
36081007300,36005027600,163,2021-01-18
36119001800,36005027600,128,2021-01-18
36119005500,36005027600,116,2021-01-18
36119005701,36005027600,117,2021-01-18
36119009200,36005027600,146,2021-01-18
34003046300,36005027600,174,2021-01-25
36005002800,36005027600,127,2021-01-25
36005007500,36005027600,274,2021-01-25
36005009000,36005027600,151,2021-01-25
36005019400,36005027600,233,2021-01-25
36005020000,36005027600,132,2021-01-25
36005026400,36005027600,153,2021-01-25
36005026601,36005027600,156,2021-01-25
36005026602,36005027600,323,2021-01-25
36005030000,36005027600,139,2021-01-25
36005031000,36005027600,205,2021-01-25
36061014802,36005027600,122,2021-01-25
36081027300,36005027600,125,2021-01-25
36081034700,36005027600,139,2021-01-25
36081040300,36005027600,198,2021-01-25
34003002200,36005027600,107,2021-02-01
36005002800,36005027600,126,2021-02-01
36005007200,36005027600,146,2021-02-01
36005007500,36005027600,133,2021-02-01
36005008500,36005027600,182,2021-02-01
36005015200,36005027600,229,2021-02-01
36005019400,36005027600,179,2021-02-01
36005026601,36005027600,114,2021-02-01
36005026602,36005027600,285,2021-02-01
36005029600,36005027600,482,2021-02-01
36005030000,36005027600,133,2021-02-01
36005050400,36005027600,160,2021-02-01
36005051600,36005027600,169,2021-02-01
36047020700,36005027600,129,2021-02-01
36047031400,36005027600,158,2021-02-01
36061011401,36005027600,123,2021-02-01
36061012000,36005027600,138,2021-02-01
36061012900,36005027600,111,2021-02-01
36061027700,36005027600,185,2021-02-01
36081089200,36005027600,120,2021-02-01
36085003900,36005027600,276,2021-02-01
36087013401,36005027600,422,2021-02-01
36119002000,36005027600,125,2021-02-01
36119002404,36005027600,423,2021-02-01
36119004800,36005027600,222,2021-02-01
36005006200,36005027600,170,2021-02-08
36005006500,36005027600,130,2021-02-08
36005009600,36005027600,114,2021-02-08
36005015200,36005027600,207,2021-02-08
36005019400,36005027600,107,2021-02-08
36005024900,36005027600,194,2021-02-08
36005026601,36005027600,172,2021-02-08
36005026602,36005027600,211,2021-02-08
36005027600,36005027600,182,2021-02-08
36005029600,36005027600,313,2021-02-08
36005032800,36005027600,135,2021-02-08
36005033800,36005027600,135,2021-02-08
36005039100,36005027600,125,2021-02-08
36005046201,36005027600,132,2021-02-08
36005046202,36005027600,124,2021-02-08
36005050400,36005027600,162,2021-02-08
36047081000,36005027600,161,2021-02-08
36061007200,36005027600,107,2021-02-08
36061010200,36005027600,175,2021-02-08
36061012400,36005027600,172,2021-02-08
36061013200,36005027600,115,2021-02-08
36061026900,36005027600,172,2021-02-08
36081068300,36005027600,121,2021-02-08
36119002204,36005027600,161,2021-02-08
36119002404,36005027600,110,2021-02-08
36119004600,36005027600,159,2021-02-08
36119005500,36005027600,168,2021-02-08
36119005702,36005027600,128,2021-02-08
36119006100,36005027600,119,2021-02-08
36119007700,36005027600,136,2021-02-08
36119009000,36005027600,207,2021-02-08
36119009100,36005027600,109,2021-02-08
36119009400,36005027600,168,2021-02-08
36005005001,36005027600,138,2021-02-15
36005006500,36005027600,186,2021-02-15
36005007900,36005027600,144,2021-02-15
36005019400,36005027600,108,2021-02-15
36005026400,36005027600,190,2021-02-15
36005033400,36005027600,151,2021-02-15
36005038200,36005027600,184,2021-02-15
36005050400,36005027600,170,2021-02-15
36061010000,36005027600,144,2021-02-15
36061015700,36005027600,142,2021-02-15
36061029500,36005027600,147,2021-02-15
36119002404,36005027600,505,2021-02-15
36119010803,36005027600,130,2021-02-15
36119010902,36005027600,136,2021-02-15
34013980200,36005027600,154,2021-02-22
36005009000,36005027600,313,2021-02-22
36005015800,36005027600,235,2021-02-22
36005026602,36005027600,131,2021-02-22
36005029600,36005027600,545,2021-02-22
36005030200,36005027600,204,2021-02-22
36005033800,36005027600,242,2021-02-22
36005040303,36005027600,204,2021-02-22
36005042902,36005027600,142,2021-02-22
36005043100,36005027600,138,2021-02-22
36081071600,36005027600,125,2021-02-22
36119002101,36005027600,118,2021-02-22
36119004600,36005027600,179,2021-02-22
36119005100,36005027600,173,2021-02-22
36119010100,36005027600,147,2021-02-22
36119010803,36005027600,158,2021-02-22
36005009000,36005027600,367,2021-03-01
36005015900,36005027600,267,2021-03-01
36005017300,36005027600,154,2021-03-01
36005020200,36005027600,182,2021-03-01
36005026602,36005027600,140,2021-03-01
36005029600,36005027600,710,2021-03-01
36005042800,36005027600,148,2021-03-01
36005050400,36005027600,179,2021-03-01
36047080400,36005027600,141,2021-03-01
36047088000,36005027600,232,2021-03-01
36059407502,36005027600,302,2021-03-01
36061001200,36005027600,253,2021-03-01
36061001501,36005027600,485,2021-03-01
36081028500,36005027600,150,2021-03-01
36081048500,36005027600,161,2021-03-01
36081087100,36005027600,149,2021-03-01
36119002101,36005027600,145,2021-03-01
36119005902,36005027600,149,2021-03-01
36119981000,36005027600,312,2021-03-01
36005009000,36005027600,128,2021-03-08
36005015200,36005027600,259,2021-03-08
36005016200,36005027600,193,2021-03-08
36005018400,36005027600,175,2021-03-08
36005019400,36005027600,196,2021-03-08
36005022403,36005027600,155,2021-03-08
36005025700,36005027600,207,2021-03-08
36005026602,36005027600,665,2021-03-08
36005027600,36005027600,184,2021-03-08
36005029600,36005027600,756,2021-03-08
36005046201,36005027600,334,2021-03-08
36005050400,36005027600,202,2021-03-08
36061025100,36005027600,134,2021-03-08
36081026700,36005027600,158,2021-03-08
36119002404,36005027600,354,2021-03-08
36119009300,36005027600,265,2021-03-08
36005006100,36005027600,184,2021-03-15
36005015900,36005027600,129,2021-03-15
36005018400,36005027600,125,2021-03-15
36005020000,36005027600,114,2021-03-15
36005021200,36005027600,141,2021-03-15
36005023900,36005027600,170,2021-03-15
36005026601,36005027600,252,2021-03-15
36005026602,36005027600,822,2021-03-15
36005029600,36005027600,266,2021-03-15
36005036901,36005027600,170,2021-03-15
36005050400,36005027600,245,2021-03-15
36061010400,36005027600,111,2021-03-15
36061021200,36005027600,239,2021-03-15
36061021500,36005027600,164,2021-03-15
36081087100,36005027600,252,2021-03-15
36087011102,36005027600,124,2021-03-15
36119000702,36005027600,179,2021-03-15
36119002404,36005027600,279,2021-03-15
36119005500,36005027600,207,2021-03-15
36119007000,36005027600,131,2021-03-15
36119010901,36005027600,149,2021-03-15
36005004400,36005027600,137,2021-03-22
36005006300,36005027600,182,2021-03-22
36005009600,36005027600,138,2021-03-22
36005025500,36005027600,183,2021-03-22
36005026602,36005027600,134,2021-03-22
36005027401,36005027600,149,2021-03-22
36005029600,36005027600,241,2021-03-22
36005031600,36005027600,108,2021-03-22
36005032400,36005027600,199,2021-03-22
36005033400,36005027600,197,2021-03-22
36005033800,36005027600,118,2021-03-22
36005034800,36005027600,233,2021-03-22
36005050400,36005027600,148,2021-03-22
36061011600,36005027600,265,2021-03-22
36061012400,36005027600,149,2021-03-22
36081011300,36005027600,173,2021-03-22
36081047100,36005027600,302,2021-03-22
36081077300,36005027600,204,2021-03-22
36119002105,36005027600,129,2021-03-22
36119002404,36005027600,116,2021-03-22
36119005902,36005027600,239,2021-03-22
36005004200,36005027600,112,2021-03-29
36005009000,36005027600,291,2021-03-29
36005015200,36005027600,308,2021-03-29
36005017300,36005027600,163,2021-03-29
36005026602,36005027600,331,2021-03-29
36005026702,36005027600,158,2021-03-29
36005030000,36005027600,231,2021-03-29
36005034800,36005027600,167,2021-03-29
36005038500,36005027600,173,2021-03-29
36005046201,36005027600,121,2021-03-29
36005050400,36005027600,166,2021-03-29
36061012000,36005027600,126,2021-03-29
36061012400,36005027600,168,2021-03-29
36081027300,36005027600,150,2021-03-29
36081027500,36005027600,138,2021-03-29
36119002104,36005027600,449,2021-03-29
36119010701,36005027600,131,2021-03-29
36005019400,36005027600,554,2021-04-05
36005027600,36005027600,174,2021-04-05
36005038200,36005027600,128,2021-04-05
36081006300,36005027600,107,2021-04-05
36119008000,36005027600,125,2021-04-05
36005019400,36005027600,448,2021-04-12
36005026400,36005027600,259,2021-04-12
36005026602,36005027600,127,2021-04-12
36005027600,36005027600,212,2021-04-12
36005030000,36005027600,125,2021-04-12
36061019300,36005027600,220,2021-04-12
36005019400,36005027600,327,2021-04-19
36005026602,36005027600,124,2021-04-19
36005027402,36005027600,185,2021-04-19
36119005500,36005027600,155,2021-04-19
36119005701,36005027600,124,2021-04-19
36005000400,36005027600,155,2021-04-26
36005009600,36005027600,123,2021-04-26
36005013200,36005027600,155,2021-04-26
36005016600,36005027600,177,2021-04-26
36005050400,36005027600,164,2021-04-26
36005004300,36005027600,148,2021-05-03
36005022401,36005027600,165,2021-05-03
36005026602,36005027600,284,2021-05-03
36005027402,36005027600,160,2021-05-03
36005027600,36005027600,176,2021-05-03
36005030000,36005027600,141,2021-05-03
36005044200,36005027600,176,2021-05-03
36005046201,36005027600,323,2021-05-03
36005050400,36005027600,160,2021-05-03
36047001100,36005027600,182,2021-05-03
36047003500,36005027600,378,2021-05-03
36047011200,36005027600,143,2021-05-03
36047025901,36005027600,172,2021-05-03
36047034900,36005027600,148,2021-05-03
36047037300,36005027600,129,2021-05-03
36061004500,36005027600,136,2021-05-03
36081090700,36005027600,207,2021-05-03
36081147100,36005027600,173,2021-05-03
36119005500,36005027600,248,2021-05-03
36119005701,36005027600,124,2021-05-03
36119007600,36005027600,142,2021-05-03
36119009400,36005027600,173,2021-05-03
36119010801,36005027600,130,2021-05-03
36005011000,36005027600,202,2021-05-10
36005019400,36005027600,814,2021-05-10
36005023200,36005027600,123,2021-05-10
36005026400,36005027600,141,2021-05-10
36005026602,36005027600,114,2021-05-10
36005044200,36005027600,172,2021-05-10
36005046201,36005027600,201,2021-05-10
36005046202,36005027600,154,2021-05-10
36005050400,36005027600,159,2021-05-10
36047003500,36005027600,125,2021-05-10
36047017700,36005027600,130,2021-05-10
36047031500,36005027600,203,2021-05-10
36047034100,36005027600,180,2021-05-10
36061006800,36005027600,132,2021-05-10
36061015002,36005027600,170,2021-05-10
36061017300,36005027600,183,2021-05-10
36061025900,36005027600,315,2021-05-10
36061030300,36005027600,181,2021-05-10
36081026100,36005027600,112,2021-05-10
36119005100,36005027600,112,2021-05-10
36005007800,36005027600,152,2021-05-17
36005011900,36005027600,133,2021-05-17
36005026602,36005027600,133,2021-05-17
36005027600,36005027600,179,2021-05-17
36005036000,36005027600,137,2021-05-17
36005050400,36005027600,164,2021-05-17
36047001500,36005027600,135,2021-05-17
36047013300,36005027600,142,2021-05-17
36047024700,36005027600,109,2021-05-17
36047024900,36005027600,120,2021-05-17
36047031300,36005027600,367,2021-05-17
36047031500,36005027600,109,2021-05-17
36047034100,36005027600,180,2021-05-17
36047037700,36005027600,129,2021-05-17
36047037900,36005027600,144,2021-05-17
36047051300,36005027600,217,2021-05-17
36061000900,36005027600,134,2021-05-17
36061005600,36005027600,213,2021-05-17
36061006800,36005027600,154,2021-05-17
36061025900,36005027600,192,2021-05-17
36081071600,36005027600,125,2021-05-17
34023003700,36005027600,116,2021-05-24
36005018400,36005027600,121,2021-05-24
36005019400,36005027600,228,2021-05-24
36005026400,36005027600,144,2021-05-24
36005026602,36005027600,230,2021-05-24
36005027402,36005027600,198,2021-05-24
36005030000,36005027600,150,2021-05-24
36005036000,36005027600,133,2021-05-24
36005046201,36005027600,199,2021-05-24
36005050400,36005027600,155,2021-05-24
36047024500,36005027600,113,2021-05-24
36047029700,36005027600,190,2021-05-24
36047032700,36005027600,142,2021-05-24
36047037500,36005027600,189,2021-05-24
36061006400,36005027600,138,2021-05-24
36061011201,36005027600,188,2021-05-24
36061013300,36005027600,126,2021-05-24
36061013700,36005027600,128,2021-05-24
36061015300,36005027600,123,2021-05-24
36061017300,36005027600,530,2021-05-24
36081026700,36005027600,252,2021-05-24
36119005701,36005027600,107,2021-05-24
36119009400,36005027600,160,2021-05-24
36005018400,36005027600,132,2021-05-31
36005020200,36005027600,223,2021-05-31
36005026602,36005027600,121,2021-05-31
36005027401,36005027600,141,2021-05-31
36005029700,36005027600,111,2021-05-31
36005046201,36005027600,323,2021-05-31
36005050400,36005027600,283,2021-05-31
36047030500,36005027600,134,2021-05-31
36047034100,36005027600,157,2021-05-31
36061006800,36005027600,174,2021-05-31
36061009700,36005027600,146,2021-05-31
36061011402,36005027600,103,2021-05-31
36061017300,36005027600,134,2021-05-31
36081071600,36005027600,245,2021-05-31
36119006801,36005027600,292,2021-05-31
34025805400,36005027600,117,2021-06-07
34025805800,36005027600,98,2021-06-07
36005019400,36005027600,716,2021-06-07
36005022403,36005027600,167,2021-06-07
36005030000,36005027600,271,2021-06-07
36005031000,36005027600,154,2021-06-07
36005050400,36005027600,166,2021-06-07
36081001400,36005027600,120,2021-06-07
36081118500,36005027600,238,2021-06-07
36119002105,36005027600,113,2021-06-07
36119002202,36005027600,113,2021-06-07
36119009400,36005027600,170,2021-06-07
36005018400,36005027600,138,2021-06-14
36005020200,36005027600,122,2021-06-14
36005026601,36005027600,126,2021-06-14
36005026602,36005027600,343,2021-06-14
36005028400,36005027600,125,2021-06-14
36005030000,36005027600,151,2021-06-14
36061006800,36005027600,145,2021-06-14
36061008800,36005027600,155,2021-06-14
36061010400,36005027600,197,2021-06-14
36061011800,36005027600,256,2021-06-14
36061014802,36005027600,114,2021-06-14
36061017300,36005027600,243,2021-06-14
36081011000,36005027600,184,2021-06-14
36081071600,36005027600,335,2021-06-14
36103159406,36005027600,168,2021-06-14
36103169800,36005027600,146,2021-06-14
36119000101,36005027600,205,2021-06-14
36119007300,36005027600,129,2021-06-14
36119007401,36005027600,239,2021-06-14
36119008404,36005027600,713,2021-06-14
36005005200,36005027600,158,2021-06-21
36005007300,36005027600,160,2021-06-21
36005007800,36005027600,150,2021-06-21
36005020000,36005027600,128,2021-06-21
36005020200,36005027600,118,2021-06-21
36005026400,36005027600,180,2021-06-21
36005027600,36005027600,185,2021-06-21
36005028400,36005027600,122,2021-06-21
36005030000,36005027600,469,2021-06-21
36005031000,36005027600,147,2021-06-21
36005041300,36005027600,162,2021-06-21
36061003900,36005027600,125,2021-06-21
36061017500,36005027600,124,2021-06-21
36081026100,36005027600,135,2021-06-21
36119005701,36005027600,127,2021-06-21
36119007200,36005027600,180,2021-06-21
36119008404,36005027600,140,2021-06-21
36005009600,36005027600,133,2021-06-28
36005014300,36005027600,173,2021-06-28
36005026602,36005027600,255,2021-06-28
36005028400,36005027600,165,2021-06-28
36005030000,36005027600,299,2021-06-28
36005031000,36005027600,131,2021-06-28
36005046201,36005027600,122,2021-06-28
36059302200,36005027600,114,2021-06-28
36059414501,36005027600,136,2021-06-28
36059414502,36005027600,268,2021-06-28
36059415401,36005027600,211,2021-06-28
36061031703,36005027600,280,2021-06-28
36081014900,36005027600,148,2021-06-28
36103122801,36005027600,109,2021-06-28
36119005500,36005027600,159,2021-06-28
36119007100,36005027600,150,2021-06-28
36119007401,36005027600,273,2021-06-28
36005009000,36005027600,107,2021-07-05
36005015200,36005027600,131,2021-07-05
36005016600,36005027600,146,2021-07-05
36005019400,36005027600,161,2021-07-05
36005020000,36005027600,149,2021-07-05
36005026400,36005027600,405,2021-07-05
36005026602,36005027600,763,2021-07-05
36005030000,36005027600,250,2021-07-05
36005050400,36005027600,139,2021-07-05
36061011402,36005027600,158,2021-07-05
36061013400,36005027600,124,2021-07-05
36081071600,36005027600,158,2021-07-05
36081071702,36005027600,167,2021-07-05
36087010703,36005027600,156,2021-07-05
36119002404,36005027600,107,2021-07-05
36005007600,36005027600,138,2021-07-12
36005009600,36005027600,141,2021-07-12
36005014300,36005027600,162,2021-07-12
36005016600,36005027600,166,2021-07-12
36005020200,36005027600,124,2021-07-12
36005026400,36005027600,146,2021-07-12
36005026601,36005027600,124,2021-07-12
36005026602,36005027600,443,2021-07-12
36005030000,36005027600,164,2021-07-12
36005043100,36005027600,126,2021-07-12
36005046201,36005027600,330,2021-07-12
36005050400,36005027600,159,2021-07-12
36061008800,36005027600,176,2021-07-12
36061011402,36005027600,128,2021-07-12
36061015300,36005027600,124,2021-07-12
36119006801,36005027600,148,2021-07-12
36119007401,36005027600,250,2021-07-12
36119011000,36005027600,108,2021-07-12
36119012102,36005027600,200,2021-07-12
36005020000,36005027600,141,2021-07-19
36005020200,36005027600,136,2021-07-19
36005026601,36005027600,312,2021-07-19
36005026602,36005027600,119,2021-07-19
36005028500,36005027600,204,2021-07-19
36005030000,36005027600,317,2021-07-19
36005043500,36005027600,168,2021-07-19
36005050400,36005027600,164,2021-07-19
36047049900,36005027600,138,2021-07-19
36119006300,36005027600,164,2021-07-19
36005014300,36005027600,136,2021-07-26
36005026602,36005027600,159,2021-07-26
36005028400,36005027600,149,2021-07-26
36005028500,36005027600,195,2021-07-26
36005030000,36005027600,110,2021-07-26
36005036000,36005027600,176,2021-07-26
36005041300,36005027600,122,2021-07-26
36047041300,36005027600,131,2021-07-26
36081071600,36005027600,163,2021-07-26
36119002000,36005027600,192,2021-07-26
36119007200,36005027600,129,2021-07-26
36119009300,36005027600,121,2021-07-26
36119010400,36005027600,168,2021-07-26
36119010902,36005027600,477,2021-07-26
36005017300,36005027600,297,2021-08-02
36005019400,36005027600,411,2021-08-02
36005022200,36005027600,180,2021-08-02
36005026602,36005027600,395,2021-08-02
36005031000,36005027600,132,2021-08-02
36005050400,36005027600,337,2021-08-02
36087011700,36005027600,117,2021-08-02
36119007100,36005027600,142,2021-08-02
36005007600,36005027600,120,2021-08-09
36005009000,36005027600,172,2021-08-09
36005015200,36005027600,125,2021-08-09
36005017300,36005027600,149,2021-08-09
36005019400,36005027600,300,2021-08-09
36005020200,36005027600,176,2021-08-09
36005026602,36005027600,336,2021-08-09
36005027402,36005027600,112,2021-08-09
36005031000,36005027600,147,2021-08-09
36047002100,36005027600,125,2021-08-09
36047003700,36005027600,138,2021-08-09
36061015900,36005027600,132,2021-08-09
36119002405,36005027600,187,2021-08-09
36119002600,36005027600,123,2021-08-09
36119006100,36005027600,144,2021-08-09
36005009800,36005027600,167,2021-08-16
36005017300,36005027600,121,2021-08-16
36005022200,36005027600,198,2021-08-16
36005022401,36005027600,132,2021-08-16
36005022403,36005027600,159,2021-08-16
36005026400,36005027600,125,2021-08-16
36005026602,36005027600,227,2021-08-16
36005028100,36005027600,225,2021-08-16
36005029600,36005027600,260,2021-08-16
36005030000,36005027600,141,2021-08-16
36005038200,36005027600,126,2021-08-16
36005041300,36005027600,162,2021-08-16
36005046201,36005027600,121,2021-08-16
36005050400,36005027600,325,2021-08-16
36005051600,36005027600,136,2021-08-16
36047041300,36005027600,216,2021-08-16
36047113200,36005027600,139,2021-08-16
36061011202,36005027600,287,2021-08-16
36061011402,36005027600,123,2021-08-16
36061021600,36005027600,133,2021-08-16
36061021800,36005027600,127,2021-08-16
36005026602,36005027600,294,2021-08-23
36005028100,36005027600,275,2021-08-23
36005033000,36005027600,130,2021-08-23
36005041100,36005027600,148,2021-08-23
36005046201,36005027600,465,2021-08-23
36005050400,36005027600,246,2021-08-23
36061010400,36005027600,143,2021-08-23
36061011900,36005027600,125,2021-08-23
36061029300,36005027600,167,2021-08-23
36005026602,36005027600,125,2021-08-30
36005030000,36005027600,145,2021-08-30
36005046201,36005027600,217,2021-08-30
36061011201,36005027600,127,2021-08-30
36119006000,36005027600,188,2021-08-30
34013020800,36005027600,198,2021-09-06
36005014900,36005027600,134,2021-09-06
36005020200,36005027600,148,2021-09-06
36005025600,36005027600,148,2021-09-06
36005026400,36005027600,183,2021-09-06
36005026601,36005027600,184,2021-09-06
36005026602,36005027600,153,2021-09-06
36005028100,36005027600,234,2021-09-06
36005030000,36005027600,157,2021-09-06
36005031000,36005027600,266,2021-09-06
36005034800,36005027600,162,2021-09-06
36005036000,36005027600,134,2021-09-06
36047041300,36005027600,142,2021-09-06
36061027100,36005027600,133,2021-09-06
36081071600,36005027600,133,2021-09-06
36081089200,36005027600,123,2021-09-06
36081112300,36005027600,124,2021-09-06
36119002600,36005027600,121,2021-09-06
36119007100,36005027600,113,2021-09-06
36119009400,36005027600,485,2021-09-06
36005015800,36005027600,272,2021-09-13
36005019400,36005027600,165,2021-09-13
36005026601,36005027600,136,2021-09-13
36005026602,36005027600,701,2021-09-13
36005043500,36005027600,158,2021-09-13
36047038500,36005027600,148,2021-09-13
36047114400,36005027600,151,2021-09-13
36061010400,36005027600,153,2021-09-13
36061029300,36005027600,110,2021-09-13
36005015200,36005027600,131,2021-09-20
36005019400,36005027600,236,2021-09-20
36005020200,36005027600,153,2021-09-20
36005028400,36005027600,142,2021-09-20
36005030000,36005027600,141,2021-09-20
36005031000,36005027600,271,2021-09-20
36005046201,36005027600,148,2021-09-20
36061031703,36005027600,194,2021-09-20
36119002000,36005027600,180,2021-09-20
36119005701,36005027600,123,2021-09-20
36119007100,36005027600,139,2021-09-20
36005011800,36005027600,486,2021-09-27
36005016200,36005027600,150,2021-09-27
36005026601,36005027600,146,2021-09-27
36005026602,36005027600,438,2021-09-27
36005031000,36005027600,227,2021-09-27
36005036000,36005027600,135,2021-09-27
36061017300,36005027600,176,2021-09-27
36119004600,36005027600,121,2021-09-27
36119005702,36005027600,133,2021-09-27
36005004200,36005027600,166,2021-10-04
36005006300,36005027600,113,2021-10-04
36005014500,36005027600,141,2021-10-04
36005015800,36005027600,150,2021-10-04
36005019400,36005027600,230,2021-10-04
36005020200,36005027600,190,2021-10-04
36005026601,36005027600,148,2021-10-04
36005026602,36005027600,220,2021-10-04
36005030000,36005027600,132,2021-10-04
36005037400,36005027600,187,2021-10-04
36005046201,36005027600,396,2021-10-04
36061003100,36005027600,391,2021-10-04
36119002105,36005027600,134,2021-10-04
36119002405,36005027600,165,2021-10-04
36119009400,36005027600,329,2021-10-04
36119010701,36005027600,125,2021-10-04
36119011500,36005027600,189,2021-10-04
36119013000,36005027600,143,2021-10-04
36005015800,36005027600,453,2021-10-11
36005019400,36005027600,191,2021-10-11
36005026602,36005027600,377,2021-10-11
36005027600,36005027600,170,2021-10-11
36005028100,36005027600,208,2021-10-11
36005036000,36005027600,180,2021-10-11
36005046201,36005027600,328,2021-10-11
36061009900,36005027600,170,2021-10-11
36061011100,36005027600,371,2021-10-11
36061011202,36005027600,202,2021-10-11
36119002000,36005027600,309,2021-10-11
36119005800,36005027600,115,2021-10-11
36119009400,36005027600,122,2021-10-11
36005000400,36005027600,143,2021-10-18
36005009000,36005027600,364,2021-10-18
36005015800,36005027600,195,2021-10-18
36005018400,36005027600,142,2021-10-18
36005019400,36005027600,231,2021-10-18
36005020200,36005027600,161,2021-10-18
36005026400,36005027600,143,2021-10-18
36005026601,36005027600,498,2021-10-18
36005026602,36005027600,218,2021-10-18
36005028400,36005027600,399,2021-10-18
36005029600,36005027600,244,2021-10-18
36005030000,36005027600,146,2021-10-18
36047041300,36005027600,122,2021-10-18
36119002105,36005027600,116,2021-10-18
36119005701,36005027600,125,2021-10-18
36119010903,36005027600,151,2021-10-18
36119011101,36005027600,133,2021-10-18
36119011500,36005027600,116,2021-10-18
36119014704,36005027600,422,2021-10-18
36005009000,36005027600,135,2021-10-25
36005026602,36005027600,239,2021-10-25
36005028400,36005027600,193,2021-10-25
36005028500,36005027600,118,2021-10-25
36005036000,36005027600,147,2021-10-25
36005036400,36005027600,162,2021-10-25
36047058600,36005027600,126,2021-10-25
36061008800,36005027600,143,2021-10-25
36061011100,36005027600,187,2021-10-25
36061011202,36005027600,257,2021-10-25
36061016100,36005027600,203,2021-10-25
36061017500,36005027600,122,2021-10-25
36119002105,36005027600,150,2021-10-25
36119005500,36005027600,122,2021-10-25
36119005701,36005027600,121,2021-10-25
36119005800,36005027600,128,2021-10-25
36005011800,36005027600,267,2021-11-01
36005015800,36005027600,305,2021-11-01
36005019400,36005027600,229,2021-11-01
36005026602,36005027600,301,2021-11-01
36005030000,36005027600,556,2021-11-01
36005031000,36005027600,137,2021-11-01
36005038800,36005027600,141,2021-11-01
36061010000,36005027600,109,2021-11-01
36061011201,36005027600,292,2021-11-01
36061011202,36005027600,159,2021-11-01
36061011203,36005027600,188,2021-11-01
36061011402,36005027600,123,2021-11-01
36061014300,36005027600,120,2021-11-01
36061015300,36005027600,141,2021-11-01
36061019600,36005027600,129,2021-11-01
36061020901,36005027600,121,2021-11-01
36119006000,36005027600,203,2021-11-01
36119013304,36005027600,138,2021-11-01
36005009600,36005027600,151,2021-11-08
36005011502,36005027600,144,2021-11-08
36005015800,36005027600,155,2021-11-08
36005018400,36005027600,138,2021-11-08
36005020000,36005027600,132,2021-11-08
36005026400,36005027600,144,2021-11-08
36005026601,36005027600,137,2021-11-08
36005026602,36005027600,112,2021-11-08
36005027402,36005027600,198,2021-11-08
36005046201,36005027600,246,2021-11-08
36005050400,36005027600,142,2021-11-08
36061011203,36005027600,133,2021-11-08
36061012100,36005027600,139,2021-11-08
36061013100,36005027600,137,2021-11-08
36061017300,36005027600,153,2021-11-08
36061031703,36005027600,149,2021-11-08
36119002000,36005027600,124,2021-11-08
36119011101,36005027600,134,2021-11-08
36005004400,36005027600,180,2021-11-15
36005009000,36005027600,289,2021-11-15
36005009300,36005027600,156,2021-11-15
36005016200,36005027600,119,2021-11-15
36005016400,36005027600,115,2021-11-15
36005019400,36005027600,156,2021-11-15
36005020000,36005027600,119,2021-11-15
36005026400,36005027600,153,2021-11-15
36005026601,36005027600,131,2021-11-15
36005026602,36005027600,536,2021-11-15
36005027600,36005027600,442,2021-11-15
36005029600,36005027600,217,2021-11-15
36005030000,36005027600,136,2021-11-15
36005031000,36005027600,244,2021-11-15
36005046201,36005027600,201,2021-11-15
36059406400,36005027600,210,2021-11-15
36061011203,36005027600,130,2021-11-15
36061011402,36005027600,122,2021-11-15
36061013700,36005027600,156,2021-11-15
36061016800,36005027600,154,2021-11-15
36061018300,36005027600,126,2021-11-15
36103123201,36005027600,225,2021-11-15
36119002000,36005027600,127,2021-11-15
36119005701,36005027600,117,2021-11-15
36119007401,36005027600,125,2021-11-15
36119009703,36005027600,268,2021-11-15
36005009300,36005027600,123,2021-11-22
36005026400,36005027600,94,2021-11-22
36005026602,36005027600,83,2021-11-22
36005028100,36005027600,177,2021-11-22
36005030000,36005027600,103,2021-11-22
36061011202,36005027600,182,2021-11-22
36087010901,36005027600,394,2021-11-22
36119002405,36005027600,103,2021-11-22
36119002600,36005027600,374,2021-11-22
36119009400,36005027600,211,2021-11-22
36005009300,36005027600,263,2021-11-29
36005013800,36005027600,110,2021-11-29
36005015200,36005027600,85,2021-11-29
36005015800,36005027600,284,2021-11-29
36005026601,36005027600,87,2021-11-29
36005026602,36005027600,288,2021-11-29
36005028400,36005027600,126,2021-11-29
36005041300,36005027600,369,2021-11-29
36061010400,36005027600,194,2021-11-29
36061011202,36005027600,100,2021-11-29
36061011401,36005027600,186,2021-11-29
36061017100,36005027600,115,2021-11-29
36061017300,36005027600,118,2021-11-29
36061025300,36005027600,85,2021-11-29
36061026100,36005027600,103,2021-11-29
36085002900,36005027600,122,2021-11-29
36119002107,36005027600,118,2021-11-29
36005007600,36005027600,95,2021-12-06
36005009300,36005027600,266,2021-12-06
36005011900,36005027600,104,2021-12-06
36005015800,36005027600,127,2021-12-06
36005026602,36005027600,198,2021-12-06
36005027600,36005027600,150,2021-12-06
36005030000,36005027600,101,2021-12-06
36005040900,36005027600,135,2021-12-06
36005050400,36005027600,131,2021-12-06
36061011100,36005027600,96,2021-12-06
36061011202,36005027600,113,2021-12-06
36061012900,36005027600,186,2021-12-06
36081030904,36005027600,257,2021-12-06
36119002101,36005027600,142,2021-12-06
36119002105,36005027600,97,2021-12-06
36119007100,36005027600,126,2021-12-06
36119009400,36005027600,91,2021-12-06
34003016000,36005027600,114,2021-12-13
36005000100,36005027600,324,2021-12-13
36005009300,36005027600,241,2021-12-13
36005011502,36005027600,104,2021-12-13
36005012901,36005027600,291,2021-12-13
36005013200,36005027600,150,2021-12-13
36005018400,36005027600,105,2021-12-13
36005028400,36005027600,156,2021-12-13
36005030000,36005027600,116,2021-12-13
36005036000,36005027600,123,2021-12-13
36005041300,36005027600,267,2021-12-13
36061010000,36005027600,87,2021-12-13
36061010400,36005027600,95,2021-12-13
36061011100,36005027600,258,2021-12-13
36061012900,36005027600,100,2021-12-13
36061013700,36005027600,111,2021-12-13
36061014300,36005027600,122,2021-12-13
36119005701,36005027600,102,2021-12-13
36005008700,36005027600,128,2021-12-20
36005012901,36005027600,98,2021-12-20
36005016600,36005027600,96,2021-12-20
36005020000,36005027600,104,2021-12-20
36005026400,36005027600,118,2021-12-20
36005026602,36005027600,182,2021-12-20
36005029600,36005027600,105,2021-12-20
36005030000,36005027600,98,2021-12-20
36005041100,36005027600,116,2021-12-20
36005050400,36005027600,143,2021-12-20
36061010000,36005027600,96,2021-12-20
36061011201,36005027600,92,2021-12-20
36061011202,36005027600,102,2021-12-20
36061017300,36005027600,120,2021-12-20
36119002000,36005027600,325,2021-12-20
36119004600,36005027600,110,2021-12-20
36119005701,36005027600,123,2021-12-20
36119005702,36005027600,121,2021-12-20
36119006000,36005027600,104,2021-12-20
36005009000,36005027600,137,2021-12-27
36005009300,36005027600,104,2021-12-27
36005015200,36005027600,103,2021-12-27
36005026602,36005027600,584,2021-12-27
36005028400,36005027600,146,2021-12-27
36005030000,36005027600,114,2021-12-27
36005038000,36005027600,91,2021-12-27
36005046201,36005027600,89,2021-12-27
36061011100,36005027600,112,2021-12-27
36061016500,36005027600,154,2021-12-27
36081030904,36005027600,222,2021-12-27
36081071600,36005027600,258,2021-12-27
36119002000,36005027600,137,2021-12-27
36005006800,36005027600,102,2022-01-03
36005009000,36005027600,97,2022-01-03
36005015800,36005027600,97,2022-01-03
36005016000,36005027600,163,2022-01-03
36005019400,36005027600,84,2022-01-03
36005026400,36005027600,113,2022-01-03
36005028400,36005027600,101,2022-01-03
36061011202,36005027600,134,2022-01-03
36061012100,36005027600,112,2022-01-03
36061012900,36005027600,296,2022-01-03
36061031703,36005027600,152,2022-01-03
36005000400,36005027600,119,2022-01-10
36005004600,36005027600,135,2022-01-10
36005007200,36005027600,103,2022-01-10
36005008600,36005027600,143,2022-01-10
36005011900,36005027600,93,2022-01-10
36005016100,36005027600,97,2022-01-10
36005023800,36005027600,115,2022-01-10
36005026400,36005027600,112,2022-01-10
36005026602,36005027600,133,2022-01-10
36005028400,36005027600,138,2022-01-10
36005030000,36005027600,124,2022-01-10
36005030200,36005027600,299,2022-01-10
36005031000,36005027600,132,2022-01-10
36005037100,36005027600,130,2022-01-10
36005046201,36005027600,137,2022-01-10
36061009500,36005027600,98,2022-01-10
36061012100,36005027600,110,2022-01-10
36061012900,36005027600,178,2022-01-10
36061026100,36005027600,157,2022-01-10
36005008600,36005027600,118,2022-01-17
36005011700,36005027600,140,2022-01-17
36005020000,36005027600,90,2022-01-17
36005041300,36005027600,90,2022-01-17
36005042500,36005027600,132,2022-01-17
36005050400,36005027600,151,2022-01-17
36047002100,36005027600,133,2022-01-17
36061012900,36005027600,201,2022-01-17
36005004200,36005027600,131,2022-01-24
36005009000,36005027600,161,2022-01-24
36005009300,36005027600,144,2022-01-24
36005012901,36005027600,481,2022-01-24
36005029600,36005027600,172,2022-01-24
36005038100,36005027600,139,2022-01-24
36061009600,36005027600,138,2022-01-24
36061012900,36005027600,216,2022-01-24
36119002404,36005027600,102,2022-01-24
36005009000,36005027600,97,2022-01-31
36005012102,36005027600,107,2022-01-31
36005020000,36005027600,207,2022-01-31
36005026400,36005027600,124,2022-01-31
36005031000,36005027600,114,2022-01-31
36005039400,36005027600,129,2022-01-31
36005046201,36005027600,252,2022-01-31
36005046202,36005027600,109,2022-01-31
36047055400,36005027600,119,2022-01-31
36061010000,36005027600,128,2022-01-31
36061012100,36005027600,100,2022-01-31
36061012900,36005027600,264,2022-01-31
36119006900,36005027600,223,2022-01-31
36005007200,36005027600,163,2022-02-07
36005026400,36005027600,122,2022-02-07
36005026602,36005027600,138,2022-02-07
36005030200,36005027600,139,2022-02-07
36005031200,36005027600,97,2022-02-07
36005035800,36005027600,148,2022-02-07
36005037100,36005027600,392,2022-02-07
36005039400,36005027600,112,2022-02-07
36005041300,36005027600,97,2022-02-07
36005046201,36005027600,118,2022-02-07
36061010000,36005027600,158,2022-02-07
36061012900,36005027600,221,2022-02-07
36061014000,36005027600,120,2022-02-07
36081014300,36005027600,97,2022-02-07
36103112001,36005027600,144,2022-02-07
36119005701,36005027600,244,2022-02-07
36005002800,36005027600,136,2022-02-14
36005012101,36005027600,102,2022-02-14
36005020000,36005027600,100,2022-02-14
36005027600,36005027600,137,2022-02-14
36005028400,36005027600,115,2022-02-14
36005030000,36005027600,148,2022-02-14
36005030200,36005027600,138,2022-02-14
36005033400,36005027600,119,2022-02-14
36005042200,36005027600,119,2022-02-14
36005046201,36005027600,323,2022-02-14
36005046202,36005027600,129,2022-02-14
36005050400,36005027600,232,2022-02-14
36047002100,36005027600,108,2022-02-14
36061011900,36005027600,110,2022-02-14
36061012400,36005027600,159,2022-02-14
36061012900,36005027600,113,2022-02-14
36061014300,36005027600,99,2022-02-14
36061019600,36005027600,126,2022-02-14
36081004300,36005027600,105,2022-02-14
36081006900,36005027600,89,2022-02-14
36081021600,36005027600,143,2022-02-14
36081033100,36005027600,101,2022-02-14
36081071600,36005027600,96,2022-02-14
36005000200,36005027600,113,2022-02-21
36005003900,36005027600,112,2022-02-21
36005018400,36005027600,77,2022-02-21
36005026400,36005027600,224,2022-02-21
36005026601,36005027600,90,2022-02-21
36005027600,36005027600,99,2022-02-21
36005028400,36005027600,117,2022-02-21
36005030200,36005027600,228,2022-02-21
36005036400,36005027600,73,2022-02-21
36005041300,36005027600,65,2022-02-21
36005046201,36005027600,123,2022-02-21
36005046202,36005027600,105,2022-02-21
36047053100,36005027600,96,2022-02-21
36061002800,36005027600,90,2022-02-21
36061009200,36005027600,78,2022-02-21
36061019600,36005027600,71,2022-02-21
36081003300,36005027600,119,2022-02-21
36081003700,36005027600,72,2022-02-21
36081007100,36005027600,129,2022-02-21
36081007700,36005027600,97,2022-02-21
36081008500,36005027600,77,2022-02-21
36081018102,36005027600,73,2022-02-21
36081071600,36005027600,92,2022-02-21
36119002404,36005027600,72,2022-02-21
36119002405,36005027600,90,2022-02-21
36119009400,36005027600,71,2022-02-21
36005001900,36005027600,64,2022-02-28
36005003900,36005027600,98,2022-02-28
36005004200,36005027600,157,2022-02-28
36005007200,36005027600,93,2022-02-28
36005027401,36005027600,57,2022-02-28
36005028400,36005027600,115,2022-02-28
36005030200,36005027600,321,2022-02-28
36005031000,36005027600,101,2022-02-28
36005033000,36005027600,72,2022-02-28
36005041300,36005027600,97,2022-02-28
36005046201,36005027600,88,2022-02-28
36005046202,36005027600,68,2022-02-28
36047042500,36005027600,77,2022-02-28
36061009400,36005027600,98,2022-02-28
36081003300,36005027600,281,2022-02-28
36081004500,36005027600,103,2022-02-28
36081033100,36005027600,82,2022-02-28
36081116700,36005027600,57,2022-02-28
36119005500,36005027600,66,2022-02-28
36119006000,36005027600,88,2022-02-28
36119010500,36005027600,95,2022-02-28
36005009300,36005027600,101,2022-03-07
36005009600,36005027600,84,2022-03-07
36005014400,36005027600,87,2022-03-07
36005025600,36005027600,79,2022-03-07
36005026601,36005027600,68,2022-03-07
36005026602,36005027600,98,2022-03-07
36005028300,36005027600,68,2022-03-07
36005028400,36005027600,78,2022-03-07
36005029600,36005027600,71,2022-03-07
36005031000,36005027600,82,2022-03-07
36005046202,36005027600,102,2022-03-07
36047119600,36005027600,81,2022-03-07
36061012700,36005027600,137,2022-03-07
36061012900,36005027600,168,2022-03-07
36061021703,36005027600,100,2022-03-07
36081004300,36005027600,117,2022-03-07
36081004500,36005027600,243,2022-03-07
36081007100,36005027600,68,2022-03-07
36081007700,36005027600,157,2022-03-07
36081009700,36005027600,63,2022-03-07
36005004200,36005027600,77,2022-03-14
36005011700,36005027600,62,2022-03-14
36005014400,36005027600,93,2022-03-14
36005026602,36005027600,103,2022-03-14
36005027600,36005027600,100,2022-03-14
36005029600,36005027600,217,2022-03-14
36005030000,36005027600,309,2022-03-14
36005033400,36005027600,96,2022-03-14
36005046202,36005027600,82,2022-03-14
36061004900,36005027600,69,2022-03-14
36061018700,36005027600,95,2022-03-14
36061019600,36005027600,71,2022-03-14
36061029300,36005027600,103,2022-03-14
36081003300,36005027600,137,2022-03-14
36081004300,36005027600,126,2022-03-14
36081004500,36005027600,96,2022-03-14
36081006900,36005027600,109,2022-03-14
36119002000,36005027600,67,2022-03-14
36119002107,36005027600,89,2022-03-14
36119002600,36005027600,130,2022-03-14
36119012802,36005027600,100,2022-03-14
36005004600,36005027600,79,2022-03-21
36005025400,36005027600,113,2022-03-21
36005026602,36005027600,175,2022-03-21
36061024200,36005027600,58,2022-03-21
36081004300,36005027600,122,2022-03-21
36081004500,36005027600,162,2022-03-21
36081007100,36005027600,63,2022-03-21
36081007700,36005027600,98,2022-03-21
34013980200,36005027600,85,2022-03-28
36005012101,36005027600,96,2022-03-28
36005014400,36005027600,82,2022-03-28
36005017702,36005027600,116,2022-03-28
36005023900,36005027600,83,2022-03-28
36005027600,36005027600,88,2022-03-28
36005028400,36005027600,212,2022-03-28
36005030000,36005027600,79,2022-03-28
36005040900,36005027600,82,2022-03-28
36005041300,36005027600,109,2022-03-28
36005046202,36005027600,123,2022-03-28
36005050400,36005027600,92,2022-03-28
36059410900,36005027600,75,2022-03-28
36061008700,36005027600,87,2022-03-28
36061010300,36005027600,67,2022-03-28
36061011402,36005027600,61,2022-03-28
36081004401,36005027600,69,2022-03-28
36081004500,36005027600,93,2022-03-28
36081005100,36005027600,91,2022-03-28
36081007700,36005027600,71,2022-03-28
36005006300,36005027600,92,2022-04-04
36005011700,36005027600,195,2022-04-04
36005012300,36005027600,72,2022-04-04
36005020000,36005027600,81,2022-04-04
36005023100,36005027600,67,2022-04-04
36005028400,36005027600,108,2022-04-04
36005041100,36005027600,79,2022-04-04
36005041300,36005027600,240,2022-04-04
36005046201,36005027600,73,2022-04-04
36005046202,36005027600,75,2022-04-04
36005048400,36005027600,74,2022-04-04
36061009400,36005027600,80,2022-04-04
36061011402,36005027600,77,2022-04-04
36061012900,36005027600,209,2022-04-04
36061014500,36005027600,73,2022-04-04
36081004500,36005027600,75,2022-04-04
36081071600,36005027600,65,2022-04-04
36119002600,36005027600,75,2022-04-04
36119009400,36005027600,77,2022-04-04
36005008900,36005027600,98,2022-04-11
36005025400,36005027600,105,2022-04-11
36005026601,36005027600,71,2022-04-11
36005029600,36005027600,75,2022-04-11
36005046201,36005027600,190,2022-04-11
36005046202,36005027600,120,2022-04-11
36061011600,36005027600,145,2022-04-11
36061012900,36005027600,240,2022-04-11
36061029300,36005027600,111,2022-04-11
36079010500,36005027600,97,2022-04-11
36081004300,36005027600,142,2022-04-11
36081004500,36005027600,68,2022-04-11
36081006100,36005027600,69,2022-04-11
36081007100,36005027600,70,2022-04-11
36081007700,36005027600,90,2022-04-11
36119005701,36005027600,73,2022-04-11
36119006300,36005027600,100,2022-04-11
36119006900,36005027600,81,2022-04-11
34017014600,36005027600,88,2022-04-18
36005004200,36005027600,100,2022-04-18
36005006100,36005027600,113,2022-04-18
36005006300,36005027600,81,2022-04-18
36005019400,36005027600,76,2022-04-18
36005027600,36005027600,97,2022-04-18
36005029600,36005027600,97,2022-04-18
36005030000,36005027600,105,2022-04-18
36005031400,36005027600,216,2022-04-18
36005033400,36005027600,192,2022-04-18
36005041300,36005027600,154,2022-04-18
36005046201,36005027600,125,2022-04-18
36061005700,36005027600,97,2022-04-18
36061011600,36005027600,98,2022-04-18
36061020901,36005027600,73,2022-04-18
36081003300,36005027600,171,2022-04-18
36081004500,36005027600,103,2022-04-18
36081008500,36005027600,69,2022-04-18
36081071600,36005027600,90,2022-04-18
36119002000,36005027600,101,2022-04-18
36119002404,36005027600,81,2022-04-18
36119005701,36005027600,76,2022-04-18
36005005400,36005027600,77,2022-04-25
36005009000,36005027600,72,2022-04-25
36005026602,36005027600,80,2022-04-25
36005028400,36005027600,200,2022-04-25
36005030000,36005027600,152,2022-04-25
36005031000,36005027600,74,2022-04-25
36005031400,36005027600,126,2022-04-25
36005036300,36005027600,66,2022-04-25
36005036800,36005027600,197,2022-04-25
36005046201,36005027600,183,2022-04-25
36005050400,36005027600,79,2022-04-25
36047002100,36005027600,63,2022-04-25
36047074600,36005027600,80,2022-04-25
36061011100,36005027600,138,2022-04-25
36061011900,36005027600,63,2022-04-25
36061012900,36005027600,139,2022-04-25
36061014500,36005027600,172,2022-04-25
36061020901,36005027600,58,2022-04-25
36079010500,36005027600,134,2022-04-25
36081003300,36005027600,125,2022-04-25
36081004300,36005027600,110,2022-04-25
36119005800,36005027600,68,2022-04-25
34003042500,36005045600,103,2019-12-30
36005000100,36005045600,217,2019-12-30
36005002701,36005045600,114,2019-12-30
36005004200,36005045600,137,2019-12-30
36005004800,36005045600,150,2019-12-30
36005007100,36005045600,113,2019-12-30
36005007300,36005045600,123,2019-12-30
36005009000,36005045600,140,2019-12-30
36005009200,36005045600,263,2019-12-30
36005009600,36005045600,320,2019-12-30
36005014400,36005045600,148,2019-12-30
36005014500,36005045600,119,2019-12-30
36005015300,36005045600,153,2019-12-30
36005016100,36005045600,258,2019-12-30
36005021800,36005045600,288,2019-12-30
36005022401,36005045600,131,2019-12-30
36005023000,36005045600,120,2019-12-30
36005023200,36005045600,155,2019-12-30
36005024800,36005045600,199,2019-12-30
36005025100,36005045600,192,2019-12-30
36005027900,36005045600,181,2019-12-30
36005028400,36005045600,198,2019-12-30
36005029600,36005045600,666,2019-12-30
36005030000,36005045600,160,2019-12-30
36005030100,36005045600,121,2019-12-30
36005031000,36005045600,127,2019-12-30
36005033400,36005045600,139,2019-12-30
36005033500,36005045600,104,2019-12-30
36005033700,36005045600,112,2019-12-30
36005033800,36005045600,233,2019-12-30
36005034000,36005045600,126,2019-12-30
36005034400,36005045600,186,2019-12-30
36005035600,36005045600,122,2019-12-30
36005035800,36005045600,162,2019-12-30
36005036000,36005045600,123,2019-12-30
36005036400,36005045600,161,2019-12-30
36005037300,36005045600,171,2019-12-30
36005037504,36005045600,135,2019-12-30
36005038000,36005045600,120,2019-12-30
36005038600,36005045600,147,2019-12-30
36005038900,36005045600,103,2019-12-30
36005039100,36005045600,183,2019-12-30
36005039600,36005045600,265,2019-12-30
36005039902,36005045600,103,2019-12-30
36005040600,36005045600,129,2019-12-30
36005040900,36005045600,148,2019-12-30
36005041800,36005045600,231,2019-12-30
36005042000,36005045600,161,2019-12-30
36005042600,36005045600,1231,2019-12-30
36005042800,36005045600,142,2019-12-30
36005043400,36005045600,329,2019-12-30
36005045101,36005045600,123,2019-12-30
36005045600,36005045600,1452,2019-12-30
36005046201,36005045600,1661,2019-12-30
36005046202,36005045600,839,2019-12-30
36005048400,36005045600,629,2019-12-30
36005050400,36005045600,153,2019-12-30
36005051600,36005045600,119,2019-12-30
36047012902,36005045600,150,2019-12-30
36047033900,36005045600,256,2019-12-30
36061004700,36005045600,102,2019-12-30
36061005800,36005045600,216,2019-12-30
36061006900,36005045600,162,2019-12-30
36061007400,36005045600,148,2019-12-30
36061007800,36005045600,113,2019-12-30
36061008700,36005045600,108,2019-12-30
36061009900,36005045600,275,2019-12-30
36061010300,36005045600,119,2019-12-30
36061011203,36005045600,138,2019-12-30
36061012500,36005045600,136,2019-12-30
36061012700,36005045600,117,2019-12-30
36061013100,36005045600,136,2019-12-30
36061013300,36005045600,274,2019-12-30
36061014300,36005045600,263,2019-12-30
36061017200,36005045600,117,2019-12-30
36061018500,36005045600,121,2019-12-30
36061018900,36005045600,111,2019-12-30
36061019400,36005045600,127,2019-12-30
36061020500,36005045600,135,2019-12-30
36061021303,36005045600,150,2019-12-30
36061021600,36005045600,108,2019-12-30
36061022102,36005045600,117,2019-12-30
36061022200,36005045600,109,2019-12-30
36061024500,36005045600,110,2019-12-30
36061027100,36005045600,134,2019-12-30
36081020500,36005045600,157,2019-12-30
36081033100,36005045600,139,2019-12-30
36081071600,36005045600,152,2019-12-30
36081115900,36005045600,229,2019-12-30
36087011102,36005045600,133,2019-12-30
36119000103,36005045600,137,2019-12-30
36119000300,36005045600,118,2019-12-30
36119000600,36005045600,173,2019-12-30
36119000702,36005045600,152,2019-12-30
36119000900,36005045600,359,2019-12-30
36119001401,36005045600,121,2019-12-30
36119001503,36005045600,100,2019-12-30
36119001800,36005045600,173,2019-12-30
36119002000,36005045600,358,2019-12-30
36119002104,36005045600,151,2019-12-30
36119002105,36005045600,449,2019-12-30
36119002202,36005045600,161,2019-12-30
36119002404,36005045600,109,2019-12-30
36119002600,36005045600,1223,2019-12-30
36119002700,36005045600,385,2019-12-30
36119002800,36005045600,147,2019-12-30
36119002900,36005045600,194,2019-12-30
36119003000,36005045600,121,2019-12-30
36119003100,36005045600,371,2019-12-30
36119003300,36005045600,446,2019-12-30
36119003400,36005045600,144,2019-12-30
36119004000,36005045600,140,2019-12-30
36119004600,36005045600,180,2019-12-30
36119005002,36005045600,238,2019-12-30
36119005300,36005045600,155,2019-12-30
36119005400,36005045600,210,2019-12-30
36119005500,36005045600,2068,2019-12-30
36119005701,36005045600,213,2019-12-30
36119005902,36005045600,144,2019-12-30
36119006300,36005045600,106,2019-12-30
36119008301,36005045600,206,2019-12-30
36119008602,36005045600,128,2019-12-30
36119009300,36005045600,96,2019-12-30
36119009400,36005045600,205,2019-12-30
36119009900,36005045600,96,2019-12-30
36119010701,36005045600,261,2019-12-30
36119011000,36005045600,157,2019-12-30
36119011500,36005045600,195,2019-12-30
36119013700,36005045600,218,2019-12-30
36119981000,36005045600,144,2019-12-30
34013011300,36005045600,124,2020-01-06
34023006703,36005045600,85,2020-01-06
36005000400,36005045600,153,2020-01-06
36005004200,36005045600,98,2020-01-06
36005005100,36005045600,95,2020-01-06
36005007600,36005045600,236,2020-01-06
36005009600,36005045600,177,2020-01-06
36005011800,36005045600,400,2020-01-06
36005016700,36005045600,197,2020-01-06
36005018302,36005045600,135,2020-01-06
36005020400,36005045600,113,2020-01-06
36005020601,36005045600,126,2020-01-06
36005021502,36005045600,102,2020-01-06
36005022000,36005045600,114,2020-01-06
36005022403,36005045600,109,2020-01-06
36005025000,36005045600,104,2020-01-06
36005028400,36005045600,120,2020-01-06
36005028600,36005045600,142,2020-01-06
36005028700,36005045600,152,2020-01-06
36005028900,36005045600,207,2020-01-06
36005029600,36005045600,189,2020-01-06
36005030200,36005045600,121,2020-01-06
36005031000,36005045600,237,2020-01-06
36005031200,36005045600,114,2020-01-06
36005033000,36005045600,86,2020-01-06
36005033202,36005045600,200,2020-01-06
36005033400,36005045600,342,2020-01-06
36005033800,36005045600,108,2020-01-06
36005034800,36005045600,123,2020-01-06
36005035600,36005045600,89,2020-01-06
36005036400,36005045600,105,2020-01-06
36005037200,36005045600,189,2020-01-06
36005037300,36005045600,166,2020-01-06
36005037400,36005045600,106,2020-01-06
36005037504,36005045600,261,2020-01-06
36005037800,36005045600,98,2020-01-06
36005038500,36005045600,112,2020-01-06
36005038600,36005045600,125,2020-01-06
36005038900,36005045600,124,2020-01-06
36005039100,36005045600,109,2020-01-06
36005039300,36005045600,417,2020-01-06
36005039600,36005045600,113,2020-01-06
36005040302,36005045600,184,2020-01-06
36005040304,36005045600,124,2020-01-06
36005040600,36005045600,235,2020-01-06
36005041400,36005045600,189,2020-01-06
36005041800,36005045600,312,2020-01-06
36005042200,36005045600,342,2020-01-06
36005042400,36005045600,153,2020-01-06
36005042500,36005045600,106,2020-01-06
36005042600,36005045600,1508,2020-01-06
36005042800,36005045600,129,2020-01-06
36005043400,36005045600,199,2020-01-06
36005044902,36005045600,113,2020-01-06
36005045600,36005045600,519,2020-01-06
36005046000,36005045600,385,2020-01-06
36005046201,36005045600,2075,2020-01-06
36005046202,36005045600,498,2020-01-06
36005048400,36005045600,827,2020-01-06
36005050400,36005045600,234,2020-01-06
36005051600,36005045600,98,2020-01-06
36047020000,36005045600,112,2020-01-06
36047038300,36005045600,203,2020-01-06
36047054200,36005045600,88,2020-01-06
36047082400,36005045600,196,2020-01-06
36061000700,36005045600,118,2020-01-06
36061001501,36005045600,108,2020-01-06
36061001502,36005045600,200,2020-01-06
36061001800,36005045600,116,2020-01-06
36061003001,36005045600,98,2020-01-06
36061004300,36005045600,119,2020-01-06
36061005200,36005045600,93,2020-01-06
36061005700,36005045600,95,2020-01-06
36061007600,36005045600,103,2020-01-06
36061007700,36005045600,80,2020-01-06
36061008400,36005045600,295,2020-01-06
36061009200,36005045600,128,2020-01-06
36061009400,36005045600,93,2020-01-06
36061009900,36005045600,91,2020-01-06
36061010100,36005045600,90,2020-01-06
36061010800,36005045600,93,2020-01-06
36061011600,36005045600,132,2020-01-06
36061012500,36005045600,253,2020-01-06
36061012700,36005045600,185,2020-01-06
36061013100,36005045600,112,2020-01-06
36061014300,36005045600,116,2020-01-06
36061014801,36005045600,90,2020-01-06
36061015300,36005045600,107,2020-01-06
36061016300,36005045600,83,2020-01-06
36061017800,36005045600,116,2020-01-06
36061017900,36005045600,107,2020-01-06
36061019600,36005045600,204,2020-01-06
36061019800,36005045600,104,2020-01-06
36061020000,36005045600,317,2020-01-06
36061020901,36005045600,169,2020-01-06
36061021600,36005045600,79,2020-01-06
36061021900,36005045600,98,2020-01-06
36061022500,36005045600,85,2020-01-06
36061023501,36005045600,131,2020-01-06
36061025100,36005045600,109,2020-01-06
36061026900,36005045600,92,2020-01-06
36061028300,36005045600,105,2020-01-06
36061030300,36005045600,164,2020-01-06
36061030700,36005045600,122,2020-01-06
36081003400,36005045600,150,2020-01-06
36081033100,36005045600,132,2020-01-06
36081071600,36005045600,99,2020-01-06
36081090700,36005045600,207,2020-01-06
36119000103,36005045600,126,2020-01-06
36119000900,36005045600,91,2020-01-06
36119001700,36005045600,96,2020-01-06
36119002000,36005045600,103,2020-01-06
36119002105,36005045600,107,2020-01-06
36119002404,36005045600,354,2020-01-06
36119002600,36005045600,1861,2020-01-06
36119002700,36005045600,191,2020-01-06
36119002800,36005045600,262,2020-01-06
36119002900,36005045600,148,2020-01-06
36119003100,36005045600,191,2020-01-06
36119003300,36005045600,91,2020-01-06
36119003400,36005045600,140,2020-01-06
36119003600,36005045600,143,2020-01-06
36119004600,36005045600,92,2020-01-06
36119005002,36005045600,175,2020-01-06
36119005300,36005045600,110,2020-01-06
36119005400,36005045600,444,2020-01-06
36119005500,36005045600,1483,2020-01-06
36119005902,36005045600,102,2020-01-06
36119006000,36005045600,672,2020-01-06
36119006802,36005045600,100,2020-01-06
36119007100,36005045600,230,2020-01-06
36119007900,36005045600,107,2020-01-06
36119008000,36005045600,81,2020-01-06
36119009300,36005045600,158,2020-01-06
36119009701,36005045600,251,2020-01-06
36119010701,36005045600,403,2020-01-06
36119013000,36005045600,146,2020-01-06
36119981000,36005045600,113,2020-01-06
36005002702,36005045600,102,2020-01-13
36005006100,36005045600,116,2020-01-13
36005006300,36005045600,105,2020-01-13
36005007000,36005045600,121,2020-01-13
36005007100,36005045600,275,2020-01-13
36005007200,36005045600,105,2020-01-13
36005009000,36005045600,122,2020-01-13
36005009200,36005045600,270,2020-01-13
36005014702,36005045600,201,2020-01-13
36005016700,36005045600,177,2020-01-13
36005017702,36005045600,150,2020-01-13
36005018102,36005045600,107,2020-01-13
36005018400,36005045600,137,2020-01-13
36005020000,36005045600,138,2020-01-13
36005021501,36005045600,113,2020-01-13
36005022000,36005045600,372,2020-01-13
36005022200,36005045600,138,2020-01-13
36005022404,36005045600,101,2020-01-13
36005023200,36005045600,145,2020-01-13
36005023800,36005045600,156,2020-01-13
36005028300,36005045600,120,2020-01-13
36005028400,36005045600,135,2020-01-13
36005028900,36005045600,115,2020-01-13
36005030000,36005045600,207,2020-01-13
36005030100,36005045600,186,2020-01-13
36005031000,36005045600,322,2020-01-13
36005031600,36005045600,108,2020-01-13
36005032800,36005045600,107,2020-01-13
36005033000,36005045600,108,2020-01-13
36005033400,36005045600,137,2020-01-13
36005035800,36005045600,274,2020-01-13
36005035900,36005045600,140,2020-01-13
36005036400,36005045600,100,2020-01-13
36005036800,36005045600,191,2020-01-13
36005037300,36005045600,106,2020-01-13
36005037400,36005045600,93,2020-01-13
36005037504,36005045600,114,2020-01-13
36005037800,36005045600,105,2020-01-13
36005038000,36005045600,315,2020-01-13
36005038302,36005045600,99,2020-01-13
36005038600,36005045600,101,2020-01-13
36005038900,36005045600,125,2020-01-13
36005039600,36005045600,100,2020-01-13
36005039700,36005045600,242,2020-01-13
36005040100,36005045600,218,2020-01-13
36005040600,36005045600,95,2020-01-13
36005041400,36005045600,153,2020-01-13
36005041800,36005045600,249,2020-01-13
36005042600,36005045600,1446,2020-01-13
36005042800,36005045600,480,2020-01-13
36005043100,36005045600,112,2020-01-13
36005043400,36005045600,254,2020-01-13
36005044200,36005045600,122,2020-01-13
36005045600,36005045600,301,2020-01-13
36005046000,36005045600,275,2020-01-13
36005046201,36005045600,1977,2020-01-13
36005046202,36005045600,616,2020-01-13
36005048400,36005045600,1517,2020-01-13
36005050400,36005045600,132,2020-01-13
36047051400,36005045600,92,2020-01-13
36047082400,36005045600,208,2020-01-13
36061000700,36005045600,99,2020-01-13
36061001300,36005045600,258,2020-01-13
36061001502,36005045600,96,2020-01-13
36061002100,36005045600,91,2020-01-13
36061003300,36005045600,485,2020-01-13
36061005800,36005045600,104,2020-01-13
36061007400,36005045600,105,2020-01-13
36061007600,36005045600,83,2020-01-13
36061007700,36005045600,89,2020-01-13
36061009200,36005045600,219,2020-01-13
36061009600,36005045600,96,2020-01-13
36061010300,36005045600,98,2020-01-13
36061010900,36005045600,205,2020-01-13
36061011000,36005045600,91,2020-01-13
36061011500,36005045600,106,2020-01-13
36061011700,36005045600,145,2020-01-13
36061012500,36005045600,145,2020-01-13
36061012700,36005045600,310,2020-01-13
36061012900,36005045600,219,2020-01-13
36061013300,36005045600,236,2020-01-13
36061014300,36005045600,99,2020-01-13
36061017800,36005045600,121,2020-01-13
36061017900,36005045600,104,2020-01-13
36061019701,36005045600,117,2020-01-13
36061020000,36005045600,115,2020-01-13
36061020500,36005045600,304,2020-01-13
36061020800,36005045600,137,2020-01-13
36061021600,36005045600,109,2020-01-13
36061021800,36005045600,104,2020-01-13
36061021900,36005045600,290,2020-01-13
36061022200,36005045600,194,2020-01-13
36061023501,36005045600,124,2020-01-13
36061024500,36005045600,140,2020-01-13
36061025100,36005045600,155,2020-01-13
36061025500,36005045600,178,2020-01-13
36061027100,36005045600,83,2020-01-13
36061027900,36005045600,101,2020-01-13
36081013700,36005045600,136,2020-01-13
36081071600,36005045600,85,2020-01-13
36119000702,36005045600,161,2020-01-13
36119000900,36005045600,83,2020-01-13
36119001102,36005045600,150,2020-01-13
36119001503,36005045600,106,2020-01-13
36119001900,36005045600,159,2020-01-13
36119002000,36005045600,231,2020-01-13
36119002600,36005045600,1363,2020-01-13
36119002700,36005045600,208,2020-01-13
36119003100,36005045600,100,2020-01-13
36119003300,36005045600,290,2020-01-13
36119003400,36005045600,150,2020-01-13
36119003600,36005045600,324,2020-01-13
36119005002,36005045600,159,2020-01-13
36119005400,36005045600,331,2020-01-13
36119005500,36005045600,1807,2020-01-13
36119005701,36005045600,91,2020-01-13
36119006000,36005045600,539,2020-01-13
36119006100,36005045600,101,2020-01-13
36119006200,36005045600,124,2020-01-13
36119006300,36005045600,121,2020-01-13
36119006500,36005045600,93,2020-01-13
36119006802,36005045600,92,2020-01-13
36119007800,36005045600,188,2020-01-13
36119007900,36005045600,287,2020-01-13
36119008500,36005045600,221,2020-01-13
36119008602,36005045600,161,2020-01-13
36119010701,36005045600,124,2020-01-13
36119010803,36005045600,263,2020-01-13
36119013000,36005045600,310,2020-01-13
36005001900,36005045600,160,2020-01-20
36005004200,36005045600,198,2020-01-20
36005006100,36005045600,111,2020-01-20
36005006400,36005045600,183,2020-01-20
36005007200,36005045600,257,2020-01-20
36005007300,36005045600,111,2020-01-20
36005007700,36005045600,115,2020-01-20
36005009000,36005045600,307,2020-01-20
36005009200,36005045600,105,2020-01-20
36005014400,36005045600,228,2020-01-20
36005014702,36005045600,132,2020-01-20
36005017500,36005045600,148,2020-01-20
36005017702,36005045600,167,2020-01-20
36005017902,36005045600,157,2020-01-20
36005018102,36005045600,114,2020-01-20
36005020000,36005045600,268,2020-01-20
36005021001,36005045600,202,2020-01-20
36005022500,36005045600,186,2020-01-20
36005022901,36005045600,159,2020-01-20
36005023000,36005045600,134,2020-01-20
36005028300,36005045600,120,2020-01-20
36005029600,36005045600,456,2020-01-20
36005030000,36005045600,104,2020-01-20
36005031000,36005045600,226,2020-01-20
36005031200,36005045600,89,2020-01-20
36005033400,36005045600,119,2020-01-20
36005035000,36005045600,118,2020-01-20
36005035600,36005045600,127,2020-01-20
36005035800,36005045600,265,2020-01-20
36005036800,36005045600,243,2020-01-20
36005037400,36005045600,260,2020-01-20
36005037504,36005045600,260,2020-01-20
36005038000,36005045600,193,2020-01-20
36005038302,36005045600,107,2020-01-20
36005038700,36005045600,226,2020-01-20
36005039300,36005045600,105,2020-01-20
36005040100,36005045600,211,2020-01-20
36005040304,36005045600,122,2020-01-20
36005040600,36005045600,237,2020-01-20
36005041800,36005045600,105,2020-01-20
36005042000,36005045600,149,2020-01-20
36005042100,36005045600,184,2020-01-20
36005042600,36005045600,2027,2020-01-20
36005042800,36005045600,139,2020-01-20
36005043400,36005045600,379,2020-01-20
36005043600,36005045600,127,2020-01-20
36005044902,36005045600,156,2020-01-20
36005045101,36005045600,133,2020-01-20
36005045600,36005045600,701,2020-01-20
36005046000,36005045600,152,2020-01-20
36005046201,36005045600,1936,2020-01-20
36005046202,36005045600,373,2020-01-20
36005048400,36005045600,1609,2020-01-20
36005050400,36005045600,135,2020-01-20
36005051600,36005045600,100,2020-01-20
36047078800,36005045600,149,2020-01-20
36047082400,36005045600,103,2020-01-20
36059302700,36005045600,108,2020-01-20
36059410900,36005045600,104,2020-01-20
36061001300,36005045600,146,2020-01-20
36061001501,36005045600,243,2020-01-20
36061001502,36005045600,149,2020-01-20
36061005000,36005045600,106,2020-01-20
36061005800,36005045600,231,2020-01-20
36061006300,36005045600,89,2020-01-20
36061007200,36005045600,119,2020-01-20
36061007300,36005045600,89,2020-01-20
36061007400,36005045600,117,2020-01-20
36061008400,36005045600,111,2020-01-20
36061010100,36005045600,121,2020-01-20
36061010900,36005045600,89,2020-01-20
36061011402,36005045600,96,2020-01-20
36061012200,36005045600,111,2020-01-20
36061012500,36005045600,268,2020-01-20
36061014300,36005045600,116,2020-01-20
36061014802,36005045600,98,2020-01-20
36061015002,36005045600,107,2020-01-20
36061016002,36005045600,270,2020-01-20
36061016600,36005045600,100,2020-01-20
36061017000,36005045600,232,2020-01-20
36061017200,36005045600,111,2020-01-20
36061017300,36005045600,151,2020-01-20
36061018200,36005045600,239,2020-01-20
36061019600,36005045600,117,2020-01-20
36061020500,36005045600,488,2020-01-20
36061021100,36005045600,104,2020-01-20
36061022200,36005045600,125,2020-01-20
36061022301,36005045600,124,2020-01-20
36061022700,36005045600,100,2020-01-20
36061023501,36005045600,168,2020-01-20
36061025100,36005045600,111,2020-01-20
36061025700,36005045600,150,2020-01-20
36081003300,36005045600,379,2020-01-20
36081008500,36005045600,227,2020-01-20
36081020500,36005045600,111,2020-01-20
36081044601,36005045600,131,2020-01-20
36081126700,36005045600,354,2020-01-20
36119000103,36005045600,244,2020-01-20
36119000600,36005045600,216,2020-01-20
36119001503,36005045600,109,2020-01-20
36119001504,36005045600,452,2020-01-20
36119001700,36005045600,103,2020-01-20
36119002107,36005045600,120,2020-01-20
36119002404,36005045600,98,2020-01-20
36119002600,36005045600,1507,2020-01-20
36119002700,36005045600,110,2020-01-20
36119003100,36005045600,110,2020-01-20
36119003300,36005045600,95,2020-01-20
36119003400,36005045600,258,2020-01-20
36119003600,36005045600,355,2020-01-20
36119005002,36005045600,350,2020-01-20
36119005200,36005045600,99,2020-01-20
36119005300,36005045600,130,2020-01-20
36119005400,36005045600,297,2020-01-20
36119005500,36005045600,1791,2020-01-20
36119005701,36005045600,316,2020-01-20
36119005902,36005045600,107,2020-01-20
36119006000,36005045600,454,2020-01-20
36119006100,36005045600,105,2020-01-20
36119007900,36005045600,113,2020-01-20
36119008000,36005045600,209,2020-01-20
36119008301,36005045600,344,2020-01-20
36119010701,36005045600,254,2020-01-20
36119011500,36005045600,162,2020-01-20
34029735103,36005045600,166,2020-01-27
36005002500,36005045600,193,2020-01-27
36005002800,36005045600,203,2020-01-27
36005004400,36005045600,104,2020-01-27
36005006100,36005045600,161,2020-01-27
36005006300,36005045600,98,2020-01-27
36005006500,36005045600,270,2020-01-27
36005006700,36005045600,100,2020-01-27
36005009000,36005045600,289,2020-01-27
36005009600,36005045600,180,2020-01-27
36005011800,36005045600,263,2020-01-27
36005013800,36005045600,169,2020-01-27
36005016700,36005045600,320,2020-01-27
36005018302,36005045600,175,2020-01-27
36005018400,36005045600,130,2020-01-27
36005019500,36005045600,112,2020-01-27
36005020000,36005045600,154,2020-01-27
36005021302,36005045600,265,2020-01-27
36005021602,36005045600,158,2020-01-27
36005022000,36005045600,136,2020-01-27
36005022200,36005045600,111,2020-01-27
36005022901,36005045600,135,2020-01-27
36005023000,36005045600,210,2020-01-27
36005025100,36005045600,177,2020-01-27
36005025400,36005045600,184,2020-01-27
36005026300,36005045600,187,2020-01-27
36005026400,36005045600,119,2020-01-27
36005026602,36005045600,147,2020-01-27
36005026701,36005045600,141,2020-01-27
36005026702,36005045600,242,2020-01-27
36005028400,36005045600,427,2020-01-27
36005028500,36005045600,168,2020-01-27
36005028800,36005045600,110,2020-01-27
36005028900,36005045600,215,2020-01-27
36005029600,36005045600,202,2020-01-27
36005030200,36005045600,288,2020-01-27
36005031000,36005045600,218,2020-01-27
36005033202,36005045600,226,2020-01-27
36005033400,36005045600,938,2020-01-27
36005033600,36005045600,138,2020-01-27
36005033800,36005045600,126,2020-01-27
36005034300,36005045600,160,2020-01-27
36005034400,36005045600,139,2020-01-27
36005034800,36005045600,105,2020-01-27
36005035000,36005045600,128,2020-01-27
36005035800,36005045600,364,2020-01-27
36005036100,36005045600,249,2020-01-27
36005036300,36005045600,172,2020-01-27
36005037200,36005045600,254,2020-01-27
36005037400,36005045600,441,2020-01-27
36005037600,36005045600,199,2020-01-27
36005037800,36005045600,114,2020-01-27
36005038000,36005045600,105,2020-01-27
36005038200,36005045600,218,2020-01-27
36005038302,36005045600,231,2020-01-27
36005038600,36005045600,206,2020-01-27
36005039300,36005045600,164,2020-01-27
36005039400,36005045600,364,2020-01-27
36005040600,36005045600,620,2020-01-27
36005041400,36005045600,211,2020-01-27
36005041800,36005045600,129,2020-01-27
36005042000,36005045600,131,2020-01-27
36005042100,36005045600,510,2020-01-27
36005042200,36005045600,122,2020-01-27
36005042600,36005045600,911,2020-01-27
36005042800,36005045600,461,2020-01-27
36005043100,36005045600,111,2020-01-27
36005043400,36005045600,257,2020-01-27
36005043500,36005045600,402,2020-01-27
36005043600,36005045600,120,2020-01-27
36005044400,36005045600,227,2020-01-27
36005044901,36005045600,111,2020-01-27
36005045600,36005045600,2976,2020-01-27
36005045800,36005045600,208,2020-01-27
36005046000,36005045600,732,2020-01-27
36005046201,36005045600,2609,2020-01-27
36005046202,36005045600,1329,2020-01-27
36005048400,36005045600,2085,2020-01-27
36005050400,36005045600,393,2020-01-27
36005051600,36005045600,208,2020-01-27
36047005300,36005045600,230,2020-01-27
36047011900,36005045600,180,2020-01-27
36047027100,36005045600,98,2020-01-27
36047033900,36005045600,159,2020-01-27
36059302400,36005045600,201,2020-01-27
36059302700,36005045600,112,2020-01-27
36059302900,36005045600,102,2020-01-27
36059410900,36005045600,118,2020-01-27
36061000700,36005045600,202,2020-01-27
36061001300,36005045600,405,2020-01-27
36061001502,36005045600,249,2020-01-27
36061002100,36005045600,130,2020-01-27
36061003100,36005045600,276,2020-01-27
36061003300,36005045600,261,2020-01-27
36061003700,36005045600,183,2020-01-27
36061003900,36005045600,160,2020-01-27
36061004200,36005045600,108,2020-01-27
36061005000,36005045600,203,2020-01-27
36061005800,36005045600,114,2020-01-27
36061009400,36005045600,127,2020-01-27
36061009500,36005045600,162,2020-01-27
36061009800,36005045600,171,2020-01-27
36061010900,36005045600,234,2020-01-27
36061011202,36005045600,167,2020-01-27
36061011500,36005045600,290,2020-01-27
36061011700,36005045600,477,2020-01-27
36061011900,36005045600,119,2020-01-27
36061012500,36005045600,164,2020-01-27
36061012700,36005045600,151,2020-01-27
36061013200,36005045600,142,2020-01-27
36061014300,36005045600,245,2020-01-27
36061014802,36005045600,136,2020-01-27
36061015200,36005045600,157,2020-01-27
36061015900,36005045600,98,2020-01-27
36061016100,36005045600,103,2020-01-27
36061016700,36005045600,103,2020-01-27
36061016900,36005045600,92,2020-01-27
36061017000,36005045600,109,2020-01-27
36061017200,36005045600,100,2020-01-27
36061018100,36005045600,134,2020-01-27
36061018900,36005045600,102,2020-01-27
36061019000,36005045600,134,2020-01-27
36061019600,36005045600,102,2020-01-27
36061019800,36005045600,128,2020-01-27
36061021303,36005045600,124,2020-01-27
36061021900,36005045600,174,2020-01-27
36061022200,36005045600,106,2020-01-27
36061022301,36005045600,138,2020-01-27
36061022400,36005045600,118,2020-01-27
36061022800,36005045600,200,2020-01-27
36061023501,36005045600,142,2020-01-27
36061024500,36005045600,193,2020-01-27
36061025700,36005045600,108,2020-01-27
36061026100,36005045600,121,2020-01-27
36061029300,36005045600,262,2020-01-27
36079011800,36005045600,251,2020-01-27
36081014500,36005045600,211,2020-01-27
36081014800,36005045600,169,2020-01-27
36081015500,36005045600,114,2020-01-27
36081015802,36005045600,277,2020-01-27
36081025700,36005045600,181,2020-01-27
36081038302,36005045600,138,2020-01-27
36081061301,36005045600,126,2020-01-27
36081071600,36005045600,120,2020-01-27
36081109300,36005045600,181,2020-01-27
36081115900,36005045600,318,2020-01-27
36119000600,36005045600,483,2020-01-27
36119001102,36005045600,170,2020-01-27
36119001301,36005045600,138,2020-01-27
36119001502,36005045600,114,2020-01-27
36119001504,36005045600,217,2020-01-27
36119001600,36005045600,379,2020-01-27
36119002000,36005045600,187,2020-01-27
36119002300,36005045600,104,2020-01-27
36119002404,36005045600,257,2020-01-27
36119002600,36005045600,1889,2020-01-27
36119002700,36005045600,113,2020-01-27
36119002800,36005045600,224,2020-01-27
36119002900,36005045600,185,2020-01-27
36119003000,36005045600,309,2020-01-27
36119003100,36005045600,227,2020-01-27
36119003300,36005045600,326,2020-01-27
36119003400,36005045600,230,2020-01-27
36119003500,36005045600,199,2020-01-27
36119003800,36005045600,174,2020-01-27
36119004000,36005045600,175,2020-01-27
36119004100,36005045600,256,2020-01-27
36119004600,36005045600,227,2020-01-27
36119004800,36005045600,98,2020-01-27
36119005002,36005045600,262,2020-01-27
36119005300,36005045600,110,2020-01-27
36119005400,36005045600,846,2020-01-27
36119005500,36005045600,2690,2020-01-27
36119005701,36005045600,523,2020-01-27
36119005901,36005045600,155,2020-01-27
36119006000,36005045600,919,2020-01-27
36119006100,36005045600,301,2020-01-27
36119006802,36005045600,119,2020-01-27
36119006900,36005045600,92,2020-01-27
36119007000,36005045600,105,2020-01-27
36119007900,36005045600,149,2020-01-27
36119008901,36005045600,228,2020-01-27
36119009000,36005045600,159,2020-01-27
36119011500,36005045600,223,2020-01-27
36119012301,36005045600,245,2020-01-27
36119013304,36005045600,215,2020-01-27
36119014806,36005045600,337,2020-01-27
36119014908,36005045600,268,2020-01-27
36119981000,36005045600,104,2020-01-27
34003015400,36005045600,74,2020-02-03
34027041704,36005045600,158,2020-02-03
36005002800,36005045600,141,2020-02-03
36005003900,36005045600,140,2020-02-03
36005004200,36005045600,86,2020-02-03
36005005100,36005045600,123,2020-02-03
36005006100,36005045600,79,2020-02-03
36005006200,36005045600,138,2020-02-03
36005006300,36005045600,84,2020-02-03
36005007200,36005045600,102,2020-02-03
36005007900,36005045600,86,2020-02-03
36005009200,36005045600,100,2020-02-03
36005009600,36005045600,485,2020-02-03
36005012500,36005045600,88,2020-02-03
36005012901,36005045600,129,2020-02-03
36005013100,36005045600,116,2020-02-03
36005014500,36005045600,108,2020-02-03
36005015100,36005045600,98,2020-02-03
36005017902,36005045600,112,2020-02-03
36005018500,36005045600,486,2020-02-03
36005019500,36005045600,148,2020-02-03
36005020000,36005045600,231,2020-02-03
36005020200,36005045600,124,2020-02-03
36005020501,36005045600,96,2020-02-03
36005021002,36005045600,126,2020-02-03
36005021200,36005045600,76,2020-02-03
36005022000,36005045600,295,2020-02-03
36005022403,36005045600,180,2020-02-03
36005022701,36005045600,83,2020-02-03
36005022901,36005045600,105,2020-02-03
36005023301,36005045600,114,2020-02-03
36005023702,36005045600,82,2020-02-03
36005024100,36005045600,120,2020-02-03
36005024300,36005045600,110,2020-02-03
36005025100,36005045600,93,2020-02-03
36005025600,36005045600,101,2020-02-03
36005026601,36005045600,74,2020-02-03
36005027600,36005045600,113,2020-02-03
36005028400,36005045600,220,2020-02-03
36005029301,36005045600,142,2020-02-03
36005029600,36005045600,84,2020-02-03
36005030000,36005045600,257,2020-02-03
36005030200,36005045600,277,2020-02-03
36005033600,36005045600,91,2020-02-03
36005034800,36005045600,76,2020-02-03
36005035000,36005045600,95,2020-02-03
36005035600,36005045600,169,2020-02-03
36005035800,36005045600,248,2020-02-03
36005036000,36005045600,89,2020-02-03
36005037300,36005045600,108,2020-02-03
36005037400,36005045600,191,2020-02-03
36005037504,36005045600,157,2020-02-03
36005038600,36005045600,95,2020-02-03
36005038700,36005045600,95,2020-02-03
36005039300,36005045600,87,2020-02-03
36005039700,36005045600,365,2020-02-03
36005040400,36005045600,152,2020-02-03
36005040600,36005045600,95,2020-02-03
36005040900,36005045600,203,2020-02-03
36005041400,36005045600,77,2020-02-03
36005041800,36005045600,172,2020-02-03
36005042000,36005045600,185,2020-02-03
36005042400,36005045600,72,2020-02-03
36005042600,36005045600,1139,2020-02-03
36005043100,36005045600,220,2020-02-03
36005043400,36005045600,542,2020-02-03
36005043500,36005045600,134,2020-02-03
36005045600,36005045600,359,2020-02-03
36005046000,36005045600,81,2020-02-03
36005046201,36005045600,1906,2020-02-03
36005046202,36005045600,781,2020-02-03
36005048400,36005045600,987,2020-02-03
36005050400,36005045600,134,2020-02-03
36047001800,36005045600,102,2020-02-03
36047003700,36005045600,100,2020-02-03
36047041800,36005045600,102,2020-02-03
36047078800,36005045600,125,2020-02-03
36059302300,36005045600,75,2020-02-03
36059404902,36005045600,156,2020-02-03
36059405500,36005045600,100,2020-02-03
36059410000,36005045600,79,2020-02-03
36061000100,36005045600,153,2020-02-03
36061000600,36005045600,109,2020-02-03
36061000700,36005045600,153,2020-02-03
36061000900,36005045600,128,2020-02-03
36061001501,36005045600,70,2020-02-03
36061002100,36005045600,100,2020-02-03
36061003300,36005045600,143,2020-02-03
36061005600,36005045600,94,2020-02-03
36061005800,36005045600,156,2020-02-03
36061005900,36005045600,98,2020-02-03
36061006500,36005045600,89,2020-02-03
36061007100,36005045600,79,2020-02-03
36061007500,36005045600,174,2020-02-03
36061008000,36005045600,184,2020-02-03
36061008400,36005045600,197,2020-02-03
36061009100,36005045600,77,2020-02-03
36061009200,36005045600,107,2020-02-03
36061010100,36005045600,116,2020-02-03
36061010900,36005045600,190,2020-02-03
36061011000,36005045600,178,2020-02-03
36061011203,36005045600,74,2020-02-03
36061011300,36005045600,156,2020-02-03
36061011500,36005045600,209,2020-02-03
36061011900,36005045600,257,2020-02-03
36061012500,36005045600,105,2020-02-03
36061013300,36005045600,164,2020-02-03
36061013500,36005045600,192,2020-02-03
36061014801,36005045600,196,2020-02-03
36061014900,36005045600,99,2020-02-03
36061015300,36005045600,92,2020-02-03
36061015500,36005045600,113,2020-02-03
36061015801,36005045600,76,2020-02-03
36061016900,36005045600,101,2020-02-03
36061017200,36005045600,84,2020-02-03
36061017401,36005045600,103,2020-02-03
36061020500,36005045600,307,2020-02-03
36061021100,36005045600,78,2020-02-03
36061021303,36005045600,119,2020-02-03
36061021703,36005045600,127,2020-02-03
36061021900,36005045600,86,2020-02-03
36061022200,36005045600,256,2020-02-03
36061022301,36005045600,202,2020-02-03
36061031900,36005045600,91,2020-02-03
36079011200,36005045600,82,2020-02-03
36081015802,36005045600,180,2020-02-03
36081028800,36005045600,167,2020-02-03
36081029400,36005045600,83,2020-02-03
36081035700,36005045600,77,2020-02-03
36081037500,36005045600,82,2020-02-03
36081044302,36005045600,101,2020-02-03
36081045500,36005045600,123,2020-02-03
36081058000,36005045600,113,2020-02-03
36081071600,36005045600,165,2020-02-03
36081090700,36005045600,140,2020-02-03
36081134700,36005045600,83,2020-02-03
36119000103,36005045600,79,2020-02-03
36119000300,36005045600,198,2020-02-03
36119000600,36005045600,120,2020-02-03
36119000702,36005045600,95,2020-02-03
36119000801,36005045600,95,2020-02-03
36119000802,36005045600,201,2020-02-03
36119001502,36005045600,172,2020-02-03
36119001503,36005045600,80,2020-02-03
36119001504,36005045600,276,2020-02-03
36119001600,36005045600,364,2020-02-03
36119001700,36005045600,91,2020-02-03
36119002404,36005045600,276,2020-02-03
36119002600,36005045600,1388,2020-02-03
36119002700,36005045600,128,2020-02-03
36119003100,36005045600,210,2020-02-03
36119003600,36005045600,92,2020-02-03
36119004000,36005045600,169,2020-02-03
36119004800,36005045600,119,2020-02-03
36119005002,36005045600,187,2020-02-03
36119005300,36005045600,388,2020-02-03
36119005400,36005045600,251,2020-02-03
36119005500,36005045600,1974,2020-02-03
36119005701,36005045600,348,2020-02-03
36119006000,36005045600,528,2020-02-03
36119006100,36005045600,97,2020-02-03
36119008500,36005045600,185,2020-02-03
36119008800,36005045600,184,2020-02-03
36119008901,36005045600,197,2020-02-03
36119009300,36005045600,383,2020-02-03
36119009400,36005045600,112,2020-02-03
36119010400,36005045600,70,2020-02-03
36119010702,36005045600,199,2020-02-03
36119013000,36005045600,80,2020-02-03
36119013700,36005045600,258,2020-02-03
36119014703,36005045600,78,2020-02-03
36119014704,36005045600,77,2020-02-03
36119014908,36005045600,114,2020-02-03
36119981000,36005045600,89,2020-02-03
34013008000,36005045600,72,2020-02-10
34031246300,36005045600,102,2020-02-10
36005002702,36005045600,196,2020-02-10
36005005002,36005045600,118,2020-02-10
36005005100,36005045600,276,2020-02-10
36005005400,36005045600,118,2020-02-10
36005006100,36005045600,117,2020-02-10
36005006700,36005045600,92,2020-02-10
36005006800,36005045600,102,2020-02-10
36005007900,36005045600,262,2020-02-10
36005008500,36005045600,95,2020-02-10
36005009000,36005045600,255,2020-02-10
36005009600,36005045600,196,2020-02-10
36005011000,36005045600,125,2020-02-10
36005012901,36005045600,106,2020-02-10
36005014300,36005045600,96,2020-02-10
36005019700,36005045600,198,2020-02-10
36005020000,36005045600,82,2020-02-10
36005021100,36005045600,120,2020-02-10
36005022102,36005045600,101,2020-02-10
36005022403,36005045600,100,2020-02-10
36005022901,36005045600,110,2020-02-10
36005024800,36005045600,172,2020-02-10
36005025100,36005045600,144,2020-02-10
36005026300,36005045600,333,2020-02-10
36005026400,36005045600,167,2020-02-10
36005028400,36005045600,418,2020-02-10
36005028600,36005045600,160,2020-02-10
36005028900,36005045600,109,2020-02-10
36005029600,36005045600,131,2020-02-10
36005030000,36005045600,295,2020-02-10
36005030200,36005045600,96,2020-02-10
36005031200,36005045600,95,2020-02-10
36005032600,36005045600,105,2020-02-10
36005033400,36005045600,220,2020-02-10
36005034200,36005045600,207,2020-02-10
36005035600,36005045600,291,2020-02-10
36005035800,36005045600,313,2020-02-10
36005035900,36005045600,99,2020-02-10
36005036400,36005045600,72,2020-02-10
36005037200,36005045600,101,2020-02-10
36005037400,36005045600,96,2020-02-10
36005037800,36005045600,93,2020-02-10
36005038100,36005045600,127,2020-02-10
36005038600,36005045600,89,2020-02-10
36005038700,36005045600,101,2020-02-10
36005038900,36005045600,108,2020-02-10
36005039300,36005045600,129,2020-02-10
36005039902,36005045600,134,2020-02-10
36005040400,36005045600,136,2020-02-10
36005040600,36005045600,225,2020-02-10
36005041400,36005045600,90,2020-02-10
36005041800,36005045600,187,2020-02-10
36005042100,36005045600,365,2020-02-10
36005042200,36005045600,239,2020-02-10
36005042500,36005045600,234,2020-02-10
36005042600,36005045600,1565,2020-02-10
36005043000,36005045600,126,2020-02-10
36005043100,36005045600,306,2020-02-10
36005043400,36005045600,528,2020-02-10
36005043500,36005045600,108,2020-02-10
36005043600,36005045600,106,2020-02-10
36005044200,36005045600,88,2020-02-10
36005044901,36005045600,82,2020-02-10
36005045600,36005045600,314,2020-02-10
36005046000,36005045600,325,2020-02-10
36005046201,36005045600,1600,2020-02-10
36005046202,36005045600,811,2020-02-10
36005048400,36005045600,1331,2020-02-10
36005050400,36005045600,206,2020-02-10
36047001800,36005045600,356,2020-02-10
36047032700,36005045600,77,2020-02-10
36059405700,36005045600,83,2020-02-10
36059407301,36005045600,233,2020-02-10
36061000700,36005045600,117,2020-02-10
36061001300,36005045600,203,2020-02-10
36061001501,36005045600,341,2020-02-10
36061002100,36005045600,281,2020-02-10
36061002900,36005045600,115,2020-02-10
36061003100,36005045600,88,2020-02-10
36061004700,36005045600,76,2020-02-10
36061005400,36005045600,133,2020-02-10
36061005502,36005045600,141,2020-02-10
36061005800,36005045600,272,2020-02-10
36061006400,36005045600,101,2020-02-10
36061007200,36005045600,72,2020-02-10
36061007400,36005045600,118,2020-02-10
36061007900,36005045600,84,2020-02-10
36061008000,36005045600,105,2020-02-10
36061009100,36005045600,91,2020-02-10
36061009200,36005045600,404,2020-02-10
36061010000,36005045600,112,2020-02-10
36061010100,36005045600,452,2020-02-10
36061010400,36005045600,86,2020-02-10
36061010900,36005045600,135,2020-02-10
36061011202,36005045600,216,2020-02-10
36061011203,36005045600,84,2020-02-10
36061011300,36005045600,275,2020-02-10
36061011402,36005045600,246,2020-02-10
36061011500,36005045600,953,2020-02-10
36061011600,36005045600,402,2020-02-10
36061011900,36005045600,83,2020-02-10
36061012100,36005045600,115,2020-02-10
36061012400,36005045600,97,2020-02-10
36061012500,36005045600,318,2020-02-10
36061012600,36005045600,97,2020-02-10
36061013500,36005045600,94,2020-02-10
36061013600,36005045600,120,2020-02-10
36061015100,36005045600,108,2020-02-10
36061015900,36005045600,90,2020-02-10
36061017000,36005045600,186,2020-02-10
36061018900,36005045600,132,2020-02-10
36061021800,36005045600,126,2020-02-10
36061021900,36005045600,217,2020-02-10
36061022000,36005045600,140,2020-02-10
36061022200,36005045600,261,2020-02-10
36061022500,36005045600,103,2020-02-10
36061022800,36005045600,107,2020-02-10
36061023000,36005045600,193,2020-02-10
36061024500,36005045600,321,2020-02-10
36061029500,36005045600,99,2020-02-10
36079011300,36005045600,128,2020-02-10
36079011600,36005045600,90,2020-02-10
36079011800,36005045600,89,2020-02-10
36081014300,36005045600,503,2020-02-10
36081015400,36005045600,95,2020-02-10
36081015500,36005045600,76,2020-02-10
36081015802,36005045600,123,2020-02-10
36081024500,36005045600,93,2020-02-10
36081025900,36005045600,91,2020-02-10
36081028400,36005045600,73,2020-02-10
36081038302,36005045600,345,2020-02-10
36081043701,36005045600,116,2020-02-10
36081063000,36005045600,257,2020-02-10
36081084000,36005045600,117,2020-02-10
36081133900,36005045600,78,2020-02-10
36119000101,36005045600,111,2020-02-10
36119000201,36005045600,96,2020-02-10
36119000401,36005045600,147,2020-02-10
36119000900,36005045600,79,2020-02-10
36119001102,36005045600,273,2020-02-10
36119001301,36005045600,92,2020-02-10
36119001505,36005045600,99,2020-02-10
36119001600,36005045600,169,2020-02-10
36119002101,36005045600,81,2020-02-10
36119002105,36005045600,198,2020-02-10
36119002202,36005045600,153,2020-02-10
36119002404,36005045600,84,2020-02-10
36119002600,36005045600,1234,2020-02-10
36119002900,36005045600,199,2020-02-10
36119003100,36005045600,183,2020-02-10
36119003300,36005045600,157,2020-02-10
36119003600,36005045600,100,2020-02-10
36119004100,36005045600,96,2020-02-10
36119005300,36005045600,77,2020-02-10
36119005400,36005045600,338,2020-02-10
36119005500,36005045600,2064,2020-02-10
36119005701,36005045600,245,2020-02-10
36119005702,36005045600,131,2020-02-10
36119006000,36005045600,201,2020-02-10
36119006100,36005045600,294,2020-02-10
36119007200,36005045600,87,2020-02-10
36119008602,36005045600,269,2020-02-10
36119009300,36005045600,277,2020-02-10
36119009400,36005045600,248,2020-02-10
36119010701,36005045600,472,2020-02-10
36119010702,36005045600,195,2020-02-10
36119010803,36005045600,81,2020-02-10
36119011101,36005045600,134,2020-02-10
36119011500,36005045600,178,2020-02-10
36119012200,36005045600,100,2020-02-10
36119014704,36005045600,102,2020-02-10
34003017400,36005045600,92,2020-02-17
36005000400,36005045600,95,2020-02-17
36005003900,36005045600,104,2020-02-17
36005004100,36005045600,93,2020-02-17
36005005400,36005045600,126,2020-02-17
36005006000,36005045600,166,2020-02-17
36005006100,36005045600,352,2020-02-17
36005006700,36005045600,111,2020-02-17
36005007300,36005045600,249,2020-02-17
36005009000,36005045600,109,2020-02-17
36005009200,36005045600,128,2020-02-17
36005009600,36005045600,101,2020-02-17
36005012901,36005045600,155,2020-02-17
36005013500,36005045600,124,2020-02-17
36005014300,36005045600,110,2020-02-17
36005015100,36005045600,123,2020-02-17
36005017901,36005045600,117,2020-02-17
36005018500,36005045600,174,2020-02-17
36005019400,36005045600,132,2020-02-17
36005019700,36005045600,105,2020-02-17
36005020000,36005045600,81,2020-02-17
36005020200,36005045600,305,2020-02-17
36005023000,36005045600,127,2020-02-17
36005024300,36005045600,131,2020-02-17
36005026300,36005045600,175,2020-02-17
36005028400,36005045600,111,2020-02-17
36005029600,36005045600,328,2020-02-17
36005030100,36005045600,196,2020-02-17
36005031000,36005045600,344,2020-02-17
36005031200,36005045600,88,2020-02-17
36005032800,36005045600,200,2020-02-17
36005033000,36005045600,289,2020-02-17
36005034400,36005045600,230,2020-02-17
36005034800,36005045600,328,2020-02-17
36005035000,36005045600,127,2020-02-17
36005035600,36005045600,348,2020-02-17
36005035800,36005045600,140,2020-02-17
36005036300,36005045600,133,2020-02-17
36005038900,36005045600,91,2020-02-17
36005039300,36005045600,137,2020-02-17
36005039600,36005045600,115,2020-02-17
36005039700,36005045600,94,2020-02-17
36005040900,36005045600,112,2020-02-17
36005041400,36005045600,209,2020-02-17
36005041800,36005045600,103,2020-02-17
36005042000,36005045600,110,2020-02-17
36005042100,36005045600,420,2020-02-17
36005042600,36005045600,1179,2020-02-17
36005042800,36005045600,101,2020-02-17
36005043400,36005045600,198,2020-02-17
36005044200,36005045600,93,2020-02-17
36005044400,36005045600,127,2020-02-17
36005045600,36005045600,406,2020-02-17
36005046000,36005045600,96,2020-02-17
36005046201,36005045600,1751,2020-02-17
36005046202,36005045600,1005,2020-02-17
36005048400,36005045600,1027,2020-02-17
36047000900,36005045600,117,2020-02-17
36047001800,36005045600,91,2020-02-17
36047005300,36005045600,141,2020-02-17
36047033900,36005045600,178,2020-02-17
36047089200,36005045600,100,2020-02-17
36059404800,36005045600,91,2020-02-17
36059405302,36005045600,92,2020-02-17
36059407301,36005045600,636,2020-02-17
36059412302,36005045600,112,2020-02-17
36059412400,36005045600,97,2020-02-17
36061000800,36005045600,94,2020-02-17
36061000900,36005045600,92,2020-02-17
36061001300,36005045600,95,2020-02-17
36061002100,36005045600,113,2020-02-17
36061003100,36005045600,116,2020-02-17
36061003700,36005045600,99,2020-02-17
36061004000,36005045600,93,2020-02-17
36061005600,36005045600,110,2020-02-17
36061005800,36005045600,190,2020-02-17
36061006800,36005045600,89,2020-02-17
36061007400,36005045600,319,2020-02-17
36061009200,36005045600,118,2020-02-17
36061009500,36005045600,87,2020-02-17
36061010100,36005045600,129,2020-02-17
36061010400,36005045600,95,2020-02-17
36061010601,36005045600,101,2020-02-17
36061010900,36005045600,97,2020-02-17
36061011100,36005045600,90,2020-02-17
36061011202,36005045600,83,2020-02-17
36061011500,36005045600,218,2020-02-17
36061011900,36005045600,115,2020-02-17
36061012100,36005045600,117,2020-02-17
36061012500,36005045600,553,2020-02-17
36061012700,36005045600,99,2020-02-17
36061012900,36005045600,94,2020-02-17
36061014000,36005045600,250,2020-02-17
36061016700,36005045600,222,2020-02-17
36061016800,36005045600,124,2020-02-17
36061016900,36005045600,97,2020-02-17
36061017000,36005045600,155,2020-02-17
36061017300,36005045600,177,2020-02-17
36061020500,36005045600,152,2020-02-17
36061021600,36005045600,100,2020-02-17
36061021800,36005045600,163,2020-02-17
36061022200,36005045600,127,2020-02-17
36061022301,36005045600,96,2020-02-17
36061022500,36005045600,92,2020-02-17
36061022800,36005045600,109,2020-02-17
36061022900,36005045600,131,2020-02-17
36061029300,36005045600,96,2020-02-17
36061029900,36005045600,185,2020-02-17
36061031703,36005045600,127,2020-02-17
36079011400,36005045600,81,2020-02-17
36081005100,36005045600,132,2020-02-17
36081006502,36005045600,108,2020-02-17
36081010600,36005045600,94,2020-02-17
36081014300,36005045600,235,2020-02-17
36081014500,36005045600,138,2020-02-17
36081030903,36005045600,81,2020-02-17
36081048400,36005045600,112,2020-02-17
36081064500,36005045600,88,2020-02-17
36081086400,36005045600,175,2020-02-17
36087011102,36005045600,270,2020-02-17
36119000402,36005045600,141,2020-02-17
36119000600,36005045600,127,2020-02-17
36119000900,36005045600,117,2020-02-17
36119001504,36005045600,373,2020-02-17
36119002000,36005045600,364,2020-02-17
36119002202,36005045600,136,2020-02-17
36119002404,36005045600,647,2020-02-17
36119002600,36005045600,1442,2020-02-17
36119002700,36005045600,119,2020-02-17
36119002900,36005045600,122,2020-02-17
36119003000,36005045600,111,2020-02-17
36119003100,36005045600,140,2020-02-17
36119003200,36005045600,114,2020-02-17
36119003300,36005045600,209,2020-02-17
36119003600,36005045600,165,2020-02-17
36119004000,36005045600,106,2020-02-17
36119004800,36005045600,127,2020-02-17
36119005002,36005045600,150,2020-02-17
36119005300,36005045600,439,2020-02-17
36119005400,36005045600,247,2020-02-17
36119005500,36005045600,1563,2020-02-17
36119005701,36005045600,182,2020-02-17
36119005902,36005045600,93,2020-02-17
36119006000,36005045600,538,2020-02-17
36119006100,36005045600,87,2020-02-17
36119006500,36005045600,167,2020-02-17
36119006600,36005045600,218,2020-02-17
36119007200,36005045600,85,2020-02-17
36119007700,36005045600,106,2020-02-17
36119007800,36005045600,96,2020-02-17
36119008000,36005045600,101,2020-02-17
36119008602,36005045600,196,2020-02-17
36119009100,36005045600,94,2020-02-17
36119010701,36005045600,130,2020-02-17
36119011000,36005045600,117,2020-02-17
36119011200,36005045600,108,2020-02-17
36119012301,36005045600,437,2020-02-17
36119013000,36005045600,137,2020-02-17
36119014806,36005045600,108,2020-02-17
34003032201,36005045600,81,2020-02-24
34003036100,36005045600,109,2020-02-24
34003042500,36005045600,88,2020-02-24
36005001900,36005045600,93,2020-02-24
36005002300,36005045600,137,2020-02-24
36005003900,36005045600,232,2020-02-24
36005006300,36005045600,91,2020-02-24
36005006500,36005045600,452,2020-02-24
36005006900,36005045600,253,2020-02-24
36005007500,36005045600,91,2020-02-24
36005009200,36005045600,94,2020-02-24
36005016600,36005045600,99,2020-02-24
36005018102,36005045600,207,2020-02-24
36005020000,36005045600,187,2020-02-24
36005021100,36005045600,122,2020-02-24
36005021602,36005045600,92,2020-02-24
36005022000,36005045600,376,2020-02-24
36005022102,36005045600,105,2020-02-24
36005022200,36005045600,241,2020-02-24
36005022901,36005045600,112,2020-02-24
36005023703,36005045600,152,2020-02-24
36005026300,36005045600,155,2020-02-24
36005026602,36005045600,93,2020-02-24
36005027600,36005045600,129,2020-02-24
36005028300,36005045600,120,2020-02-24
36005028400,36005045600,110,2020-02-24
36005028900,36005045600,103,2020-02-24
36005029600,36005045600,120,2020-02-24
36005031000,36005045600,108,2020-02-24
36005031800,36005045600,114,2020-02-24
36005032400,36005045600,139,2020-02-24
36005033400,36005045600,246,2020-02-24
36005035800,36005045600,305,2020-02-24
36005036400,36005045600,218,2020-02-24
36005037200,36005045600,264,2020-02-24
36005037300,36005045600,133,2020-02-24
36005038000,36005045600,236,2020-02-24
36005038600,36005045600,381,2020-02-24
36005039000,36005045600,321,2020-02-24
36005039400,36005045600,205,2020-02-24
36005039600,36005045600,111,2020-02-24
36005039700,36005045600,91,2020-02-24
36005039901,36005045600,98,2020-02-24
36005040600,36005045600,317,2020-02-24
36005040900,36005045600,122,2020-02-24
36005041400,36005045600,471,2020-02-24
36005041800,36005045600,227,2020-02-24
36005042000,36005045600,392,2020-02-24
36005042600,36005045600,2503,2020-02-24
36005042800,36005045600,108,2020-02-24
36005042902,36005045600,103,2020-02-24
36005043400,36005045600,436,2020-02-24
36005043600,36005045600,102,2020-02-24
36005044901,36005045600,93,2020-02-24
36005045101,36005045600,225,2020-02-24
36005045102,36005045600,122,2020-02-24
36005045600,36005045600,720,2020-02-24
36005046000,36005045600,258,2020-02-24
36005046201,36005045600,1722,2020-02-24
36005046202,36005045600,1151,2020-02-24
36005048400,36005045600,1012,2020-02-24
36005050400,36005045600,363,2020-02-24
36005051600,36005045600,214,2020-02-24
36047000900,36005045600,108,2020-02-24
36047001100,36005045600,119,2020-02-24
36047001800,36005045600,104,2020-02-24
36047003900,36005045600,87,2020-02-24
36047082400,36005045600,177,2020-02-24
36059303600,36005045600,87,2020-02-24
36059404500,36005045600,98,2020-02-24
36061001300,36005045600,183,2020-02-24
36061001501,36005045600,78,2020-02-24
36061001502,36005045600,84,2020-02-24
36061002100,36005045600,328,2020-02-24
36061003100,36005045600,205,2020-02-24
36061003300,36005045600,92,2020-02-24
36061005000,36005045600,189,2020-02-24
36061005700,36005045600,123,2020-02-24
36061005800,36005045600,498,2020-02-24
36061007400,36005045600,141,2020-02-24
36061007600,36005045600,135,2020-02-24
36061008000,36005045600,83,2020-02-24
36061008400,36005045600,108,2020-02-24
36061008900,36005045600,171,2020-02-24
36061009200,36005045600,109,2020-02-24
36061009400,36005045600,94,2020-02-24
36061009500,36005045600,105,2020-02-24
36061010400,36005045600,187,2020-02-24
36061010900,36005045600,78,2020-02-24
36061011000,36005045600,215,2020-02-24
36061011203,36005045600,99,2020-02-24
36061011300,36005045600,270,2020-02-24
36061011500,36005045600,485,2020-02-24
36061011700,36005045600,112,2020-02-24
36061011900,36005045600,139,2020-02-24
36061012100,36005045600,92,2020-02-24
36061013000,36005045600,123,2020-02-24
36061013500,36005045600,98,2020-02-24
36061014300,36005045600,86,2020-02-24
36061014801,36005045600,195,2020-02-24
36061015801,36005045600,102,2020-02-24
36061015900,36005045600,113,2020-02-24
36061016200,36005045600,152,2020-02-24
36061016900,36005045600,78,2020-02-24
36061017000,36005045600,111,2020-02-24
36061017200,36005045600,256,2020-02-24
36061018800,36005045600,95,2020-02-24
36061019600,36005045600,211,2020-02-24
36061019800,36005045600,88,2020-02-24
36061020500,36005045600,285,2020-02-24
36061021800,36005045600,88,2020-02-24
36061021900,36005045600,231,2020-02-24
36061022200,36005045600,100,2020-02-24
36061022500,36005045600,80,2020-02-24
36061023200,36005045600,98,2020-02-24
36061024200,36005045600,214,2020-02-24
36061025300,36005045600,129,2020-02-24
36061025500,36005045600,108,2020-02-24
36061029900,36005045600,108,2020-02-24
36079011800,36005045600,147,2020-02-24
36081003300,36005045600,204,2020-02-24
36081011900,36005045600,170,2020-02-24
36081013700,36005045600,173,2020-02-24
36081014900,36005045600,101,2020-02-24
36081030600,36005045600,167,2020-02-24
36081030903,36005045600,204,2020-02-24
36081033100,36005045600,132,2020-02-24
36081071600,36005045600,87,2020-02-24
36081075702,36005045600,122,2020-02-24
36081086400,36005045600,161,2020-02-24
36081097300,36005045600,78,2020-02-24
36081126700,36005045600,229,2020-02-24
36081134700,36005045600,85,2020-02-24
36087011102,36005045600,87,2020-02-24
36087011303,36005045600,171,2020-02-24
36119000103,36005045600,100,2020-02-24
36119000300,36005045600,293,2020-02-24
36119000702,36005045600,122,2020-02-24
36119000900,36005045600,327,2020-02-24
36119001504,36005045600,730,2020-02-24
36119002101,36005045600,112,2020-02-24
36119002600,36005045600,1207,2020-02-24
36119002700,36005045600,110,2020-02-24
36119003300,36005045600,458,2020-02-24
36119003500,36005045600,122,2020-02-24
36119003600,36005045600,421,2020-02-24
36119003800,36005045600,167,2020-02-24
36119004600,36005045600,117,2020-02-24
36119005002,36005045600,319,2020-02-24
36119005400,36005045600,251,2020-02-24
36119005500,36005045600,2088,2020-02-24
36119005701,36005045600,95,2020-02-24
36119005902,36005045600,83,2020-02-24
36119006000,36005045600,834,2020-02-24
36119006500,36005045600,255,2020-02-24
36119007800,36005045600,80,2020-02-24
36119008000,36005045600,84,2020-02-24
36119008602,36005045600,113,2020-02-24
36119009000,36005045600,128,2020-02-24
36119009300,36005045600,133,2020-02-24
36119009701,36005045600,224,2020-02-24
36119010701,36005045600,223,2020-02-24
36119011000,36005045600,302,2020-02-24
36119011200,36005045600,102,2020-02-24
36119012301,36005045600,378,2020-02-24
36119013000,36005045600,135,2020-02-24
36119014701,36005045600,161,2020-02-24
36119981000,36005045600,214,2020-02-24
36119984000,36005045600,164,2020-02-24
34003023402,36005045600,127,2020-03-02
34003054100,36005045600,242,2020-03-02
34013008000,36005045600,71,2020-03-02
34017016000,36005045600,95,2020-03-02
34027045300,36005045600,69,2020-03-02
34031154001,36005045600,133,2020-03-02
34039039800,36005045600,147,2020-03-02
36005001900,36005045600,81,2020-03-02
36005002500,36005045600,77,2020-03-02
36005003900,36005045600,108,2020-03-02
36005005400,36005045600,83,2020-03-02
36005006000,36005045600,99,2020-03-02
36005006300,36005045600,106,2020-03-02
36005006500,36005045600,76,2020-03-02
36005006700,36005045600,112,2020-03-02
36005007100,36005045600,96,2020-03-02
36005009000,36005045600,99,2020-03-02
36005009300,36005045600,126,2020-03-02
36005009600,36005045600,76,2020-03-02
36005011502,36005045600,76,2020-03-02
36005012701,36005045600,79,2020-03-02
36005014300,36005045600,171,2020-03-02
36005014701,36005045600,213,2020-03-02
36005015100,36005045600,104,2020-03-02
36005016400,36005045600,74,2020-03-02
36005016600,36005045600,73,2020-03-02
36005017701,36005045600,96,2020-03-02
36005018102,36005045600,89,2020-03-02
36005020000,36005045600,160,2020-03-02
36005021001,36005045600,101,2020-03-02
36005021002,36005045600,122,2020-03-02
36005022000,36005045600,118,2020-03-02
36005022403,36005045600,93,2020-03-02
36005022901,36005045600,84,2020-03-02
36005023800,36005045600,70,2020-03-02
36005024300,36005045600,81,2020-03-02
36005028300,36005045600,71,2020-03-02
36005030100,36005045600,165,2020-03-02
36005030200,36005045600,185,2020-03-02
36005031000,36005045600,126,2020-03-02
36005032400,36005045600,74,2020-03-02
36005032600,36005045600,175,2020-03-02
36005033400,36005045600,300,2020-03-02
36005033800,36005045600,88,2020-03-02
36005034000,36005045600,69,2020-03-02
36005034800,36005045600,325,2020-03-02
36005035600,36005045600,76,2020-03-02
36005035800,36005045600,203,2020-03-02
36005036300,36005045600,90,2020-03-02
36005037504,36005045600,212,2020-03-02
36005037900,36005045600,83,2020-03-02
36005038000,36005045600,192,2020-03-02
36005038100,36005045600,118,2020-03-02
36005038200,36005045600,236,2020-03-02
36005038302,36005045600,167,2020-03-02
36005038900,36005045600,74,2020-03-02
36005039000,36005045600,322,2020-03-02
36005039600,36005045600,179,2020-03-02
36005039700,36005045600,166,2020-03-02
36005039901,36005045600,120,2020-03-02
36005040400,36005045600,105,2020-03-02
36005040600,36005045600,81,2020-03-02
36005040900,36005045600,125,2020-03-02
36005041400,36005045600,163,2020-03-02
36005041800,36005045600,181,2020-03-02
36005042100,36005045600,73,2020-03-02
36005042200,36005045600,292,2020-03-02
36005042600,36005045600,1044,2020-03-02
36005042800,36005045600,98,2020-03-02
36005042902,36005045600,97,2020-03-02
36005043100,36005045600,190,2020-03-02
36005043400,36005045600,359,2020-03-02
36005043500,36005045600,99,2020-03-02
36005043600,36005045600,109,2020-03-02
36005044200,36005045600,80,2020-03-02
36005045101,36005045600,159,2020-03-02
36005045600,36005045600,187,2020-03-02
36005046201,36005045600,1479,2020-03-02
36005046202,36005045600,576,2020-03-02
36005048400,36005045600,1269,2020-03-02
36005050400,36005045600,417,2020-03-02
36005051600,36005045600,125,2020-03-02
36047021100,36005045600,101,2020-03-02
36047030500,36005045600,112,2020-03-02
36047031500,36005045600,165,2020-03-02
36047044200,36005045600,86,2020-03-02
36047082400,36005045600,80,2020-03-02
36047107000,36005045600,87,2020-03-02
36059300900,36005045600,82,2020-03-02
36059407301,36005045600,70,2020-03-02
36059518900,36005045600,74,2020-03-02
36061000700,36005045600,110,2020-03-02
36061000900,36005045600,71,2020-03-02
36061002100,36005045600,328,2020-03-02
36061003700,36005045600,109,2020-03-02
36061003800,36005045600,83,2020-03-02
36061004200,36005045600,137,2020-03-02
36061004800,36005045600,192,2020-03-02
36061005200,36005045600,72,2020-03-02
36061005800,36005045600,99,2020-03-02
36061006600,36005045600,123,2020-03-02
36061008000,36005045600,104,2020-03-02
36061008300,36005045600,182,2020-03-02
36061008400,36005045600,100,2020-03-02
36061009400,36005045600,74,2020-03-02
36061009600,36005045600,100,2020-03-02
36061010300,36005045600,459,2020-03-02
36061011000,36005045600,86,2020-03-02
36061011300,36005045600,302,2020-03-02
36061011402,36005045600,72,2020-03-02
36061011500,36005045600,97,2020-03-02
36061011700,36005045600,185,2020-03-02
36061011800,36005045600,97,2020-03-02
36061012500,36005045600,272,2020-03-02
36061012900,36005045600,144,2020-03-02
36061013400,36005045600,200,2020-03-02
36061013500,36005045600,103,2020-03-02
36061015601,36005045600,107,2020-03-02
36061016700,36005045600,74,2020-03-02
36061017000,36005045600,95,2020-03-02
36061017200,36005045600,74,2020-03-02
36061019600,36005045600,88,2020-03-02
36061019900,36005045600,71,2020-03-02
36061020000,36005045600,83,2020-03-02
36061020500,36005045600,250,2020-03-02
36061021100,36005045600,80,2020-03-02
36061021303,36005045600,198,2020-03-02
36061021800,36005045600,188,2020-03-02
36061021900,36005045600,103,2020-03-02
36061022200,36005045600,156,2020-03-02
36061022302,36005045600,201,2020-03-02
36061022800,36005045600,189,2020-03-02
36061023000,36005045600,99,2020-03-02
36061023501,36005045600,103,2020-03-02
36061025100,36005045600,105,2020-03-02
36061025700,36005045600,153,2020-03-02
36061031704,36005045600,85,2020-03-02
36081001900,36005045600,76,2020-03-02
36081011100,36005045600,97,2020-03-02
36081011300,36005045600,94,2020-03-02
36081014100,36005045600,81,2020-03-02
36081014300,36005045600,92,2020-03-02
36081021400,36005045600,112,2020-03-02
36081026000,36005045600,110,2020-03-02
36081027500,36005045600,92,2020-03-02
36081044302,36005045600,93,2020-03-02
36081064102,36005045600,84,2020-03-02
36081115900,36005045600,136,2020-03-02
36087011301,36005045600,175,2020-03-02
36087011603,36005045600,150,2020-03-02
36087012000,36005045600,141,2020-03-02
36119000300,36005045600,101,2020-03-02
36119000600,36005045600,113,2020-03-02
36119001301,36005045600,137,2020-03-02
36119001403,36005045600,219,2020-03-02
36119001502,36005045600,81,2020-03-02
36119001504,36005045600,153,2020-03-02
36119002105,36005045600,91,2020-03-02
36119002202,36005045600,121,2020-03-02
36119002600,36005045600,740,2020-03-02
36119002700,36005045600,295,2020-03-02
36119003100,36005045600,165,2020-03-02
36119003300,36005045600,96,2020-03-02
36119003600,36005045600,185,2020-03-02
36119004100,36005045600,93,2020-03-02
36119005002,36005045600,179,2020-03-02
36119005400,36005045600,329,2020-03-02
36119005500,36005045600,1715,2020-03-02
36119006000,36005045600,348,2020-03-02
36119006100,36005045600,258,2020-03-02
36119006400,36005045600,66,2020-03-02
36119006600,36005045600,100,2020-03-02
36119007200,36005045600,115,2020-03-02
36119008602,36005045600,93,2020-03-02
36119009000,36005045600,94,2020-03-02
36119010701,36005045600,82,2020-03-02
36119011300,36005045600,66,2020-03-02
36119981000,36005045600,193,2020-03-02
36005001900,36005045600,85,2020-03-09
36005006300,36005045600,85,2020-03-09
36005006500,36005045600,176,2020-03-09
36005007300,36005045600,96,2020-03-09
36005007400,36005045600,243,2020-03-09
36005007500,36005045600,79,2020-03-09
36005009200,36005045600,82,2020-03-09
36005009600,36005045600,396,2020-03-09
36005012901,36005045600,148,2020-03-09
36005014300,36005045600,108,2020-03-09
36005014500,36005045600,78,2020-03-09
36005014900,36005045600,108,2020-03-09
36005016400,36005045600,74,2020-03-09
36005017500,36005045600,104,2020-03-09
36005018101,36005045600,93,2020-03-09
36005018302,36005045600,109,2020-03-09
36005018400,36005045600,136,2020-03-09
36005018500,36005045600,124,2020-03-09
36005021002,36005045600,152,2020-03-09
36005021501,36005045600,86,2020-03-09
36005022901,36005045600,99,2020-03-09
36005028400,36005045600,114,2020-03-09
36005029600,36005045600,268,2020-03-09
36005030000,36005045600,82,2020-03-09
36005030200,36005045600,191,2020-03-09
36005031000,36005045600,582,2020-03-09
36005031800,36005045600,115,2020-03-09
36005033400,36005045600,391,2020-03-09
36005033800,36005045600,86,2020-03-09
36005034800,36005045600,364,2020-03-09
36005035000,36005045600,118,2020-03-09
36005035600,36005045600,121,2020-03-09
36005036300,36005045600,138,2020-03-09
36005037100,36005045600,103,2020-03-09
36005037300,36005045600,118,2020-03-09
36005037800,36005045600,275,2020-03-09
36005038000,36005045600,147,2020-03-09
36005038302,36005045600,93,2020-03-09
36005038600,36005045600,89,2020-03-09
36005038700,36005045600,154,2020-03-09
36005038900,36005045600,80,2020-03-09
36005039100,36005045600,82,2020-03-09
36005039600,36005045600,96,2020-03-09
36005039700,36005045600,210,2020-03-09
36005039901,36005045600,77,2020-03-09
36005040600,36005045600,334,2020-03-09
36005040900,36005045600,109,2020-03-09
36005041100,36005045600,280,2020-03-09
36005042000,36005045600,90,2020-03-09
36005042500,36005045600,121,2020-03-09
36005042600,36005045600,947,2020-03-09
36005042800,36005045600,161,2020-03-09
36005043400,36005045600,99,2020-03-09
36005045102,36005045600,87,2020-03-09
36005045600,36005045600,393,2020-03-09
36005046201,36005045600,1696,2020-03-09
36005046202,36005045600,1111,2020-03-09
36005048400,36005045600,1941,2020-03-09
36047030300,36005045600,120,2020-03-09
36047030500,36005045600,201,2020-03-09
36047082400,36005045600,86,2020-03-09
36061001300,36005045600,201,2020-03-09
36061001501,36005045600,259,2020-03-09
36061001800,36005045600,76,2020-03-09
36061002602,36005045600,99,2020-03-09
36061003100,36005045600,296,2020-03-09
36061003900,36005045600,191,2020-03-09
36061004700,36005045600,87,2020-03-09
36061005000,36005045600,184,2020-03-09
36061005800,36005045600,177,2020-03-09
36061007400,36005045600,122,2020-03-09
36061008800,36005045600,110,2020-03-09
36061009200,36005045600,336,2020-03-09
36061009400,36005045600,109,2020-03-09
36061010000,36005045600,100,2020-03-09
36061010900,36005045600,98,2020-03-09
36061011000,36005045600,103,2020-03-09
36061011300,36005045600,126,2020-03-09
36061011700,36005045600,232,2020-03-09
36061012500,36005045600,513,2020-03-09
36061012700,36005045600,85,2020-03-09
36061013300,36005045600,133,2020-03-09
36061013500,36005045600,111,2020-03-09
36061014300,36005045600,107,2020-03-09
36061016300,36005045600,96,2020-03-09
36061019100,36005045600,100,2020-03-09
36061019500,36005045600,95,2020-03-09
36061019600,36005045600,104,2020-03-09
36061019800,36005045600,366,2020-03-09
36061020500,36005045600,140,2020-03-09
36061021303,36005045600,307,2020-03-09
36061021703,36005045600,403,2020-03-09
36061022000,36005045600,95,2020-03-09
36061022200,36005045600,89,2020-03-09
36061022302,36005045600,122,2020-03-09
36061023501,36005045600,114,2020-03-09
36061023900,36005045600,100,2020-03-09
36061024500,36005045600,213,2020-03-09
36061029300,36005045600,82,2020-03-09
36061030900,36005045600,78,2020-03-09
36081008500,36005045600,148,2020-03-09
36081011100,36005045600,104,2020-03-09
36081014300,36005045600,93,2020-03-09
36081014500,36005045600,132,2020-03-09
36081030903,36005045600,108,2020-03-09
36081071600,36005045600,275,2020-03-09
36119001502,36005045600,84,2020-03-09
36119002000,36005045600,120,2020-03-09
36119002202,36005045600,126,2020-03-09
36119002404,36005045600,180,2020-03-09
36119002600,36005045600,1304,2020-03-09
36119003000,36005045600,134,2020-03-09
36119003100,36005045600,259,2020-03-09
36119003300,36005045600,481,2020-03-09
36119003400,36005045600,85,2020-03-09
36119003600,36005045600,363,2020-03-09
36119005002,36005045600,212,2020-03-09
36119005400,36005045600,401,2020-03-09
36119005500,36005045600,2488,2020-03-09
36119005701,36005045600,95,2020-03-09
36119005800,36005045600,89,2020-03-09
36119006000,36005045600,142,2020-03-09
36119006801,36005045600,85,2020-03-09
36119006900,36005045600,105,2020-03-09
36119007200,36005045600,94,2020-03-09
36119009000,36005045600,121,2020-03-09
36119009300,36005045600,117,2020-03-09
36119009702,36005045600,164,2020-03-09
36119012200,36005045600,169,2020-03-09
36119012301,36005045600,249,2020-03-09
36119981000,36005045600,183,2020-03-09
34003019204,36005045600,91,2020-03-16
34013980200,36005045600,146,2020-03-16
34031246300,36005045600,151,2020-03-16
36005005100,36005045600,184,2020-03-16
36005006100,36005045600,101,2020-03-16
36005006500,36005045600,112,2020-03-16
36005007200,36005045600,102,2020-03-16
36005009200,36005045600,123,2020-03-16
36005009300,36005045600,118,2020-03-16
36005009800,36005045600,177,2020-03-16
36005013100,36005045600,142,2020-03-16
36005015100,36005045600,162,2020-03-16
36005016600,36005045600,92,2020-03-16
36005017702,36005045600,140,2020-03-16
36005018102,36005045600,92,2020-03-16
36005020000,36005045600,92,2020-03-16
36005020200,36005045600,130,2020-03-16
36005021100,36005045600,115,2020-03-16
36005022000,36005045600,131,2020-03-16
36005026300,36005045600,433,2020-03-16
36005027300,36005045600,163,2020-03-16
36005028300,36005045600,119,2020-03-16
36005028400,36005045600,160,2020-03-16
36005029600,36005045600,416,2020-03-16
36005031000,36005045600,355,2020-03-16
36005033400,36005045600,495,2020-03-16
36005034800,36005045600,262,2020-03-16
36005036300,36005045600,142,2020-03-16
36005036502,36005045600,132,2020-03-16
36005037504,36005045600,128,2020-03-16
36005037800,36005045600,118,2020-03-16
36005038600,36005045600,104,2020-03-16
36005039200,36005045600,105,2020-03-16
36005041100,36005045600,146,2020-03-16
36005041800,36005045600,106,2020-03-16
36005042200,36005045600,147,2020-03-16
36005042600,36005045600,1169,2020-03-16
36005042800,36005045600,118,2020-03-16
36005043100,36005045600,129,2020-03-16
36005043400,36005045600,294,2020-03-16
36005044901,36005045600,105,2020-03-16
36005045600,36005045600,517,2020-03-16
36005046201,36005045600,543,2020-03-16
36005046202,36005045600,454,2020-03-16
36005048400,36005045600,815,2020-03-16
36005050400,36005045600,183,2020-03-16
36047001800,36005045600,439,2020-03-16
36047031701,36005045600,121,2020-03-16
36047085600,36005045600,114,2020-03-16
36047102800,36005045600,315,2020-03-16
36047105804,36005045600,170,2020-03-16
36059408200,36005045600,132,2020-03-16
36061003300,36005045600,92,2020-03-16
36061004000,36005045600,203,2020-03-16
36061004400,36005045600,182,2020-03-16
36061006100,36005045600,103,2020-03-16
36061007400,36005045600,113,2020-03-16
36061009100,36005045600,115,2020-03-16
36061009200,36005045600,166,2020-03-16
36061009800,36005045600,110,2020-03-16
36061011000,36005045600,141,2020-03-16
36061012500,36005045600,173,2020-03-16
36061015400,36005045600,130,2020-03-16
36061016300,36005045600,107,2020-03-16
36061017200,36005045600,119,2020-03-16
36061020500,36005045600,444,2020-03-16
36061023000,36005045600,103,2020-03-16
36061031703,36005045600,127,2020-03-16
36079011800,36005045600,389,2020-03-16
36081094500,36005045600,151,2020-03-16
36081103900,36005045600,131,2020-03-16
36081115900,36005045600,108,2020-03-16
36119002104,36005045600,118,2020-03-16
36119002404,36005045600,113,2020-03-16
36119002600,36005045600,1313,2020-03-16
36119003000,36005045600,192,2020-03-16
36119003100,36005045600,109,2020-03-16
36119003300,36005045600,336,2020-03-16
36119003400,36005045600,109,2020-03-16
36119003600,36005045600,108,2020-03-16
36119005300,36005045600,123,2020-03-16
36119005400,36005045600,352,2020-03-16
36119005500,36005045600,1782,2020-03-16
36119005701,36005045600,132,2020-03-16
36119005901,36005045600,144,2020-03-16
36119006000,36005045600,115,2020-03-16
36119006500,36005045600,116,2020-03-16
36119007000,36005045600,104,2020-03-16
36119007900,36005045600,92,2020-03-16
36119008301,36005045600,104,2020-03-16
36119011000,36005045600,145,2020-03-16
36119012301,36005045600,309,2020-03-16
36005002500,36005045600,182,2020-03-23
36005005200,36005045600,178,2020-03-23
36005006300,36005045600,248,2020-03-23
36005006500,36005045600,146,2020-03-23
36005009000,36005045600,329,2020-03-23
36005011900,36005045600,135,2020-03-23
36005013100,36005045600,138,2020-03-23
36005021002,36005045600,224,2020-03-23
36005025600,36005045600,159,2020-03-23
36005028400,36005045600,149,2020-03-23
36005030200,36005045600,136,2020-03-23
36005031000,36005045600,286,2020-03-23
36005035800,36005045600,316,2020-03-23
36005036800,36005045600,116,2020-03-23
36005038000,36005045600,223,2020-03-23
36005040303,36005045600,224,2020-03-23
36005041400,36005045600,190,2020-03-23
36005041800,36005045600,130,2020-03-23
36005042100,36005045600,163,2020-03-23
36005042600,36005045600,865,2020-03-23
36005042800,36005045600,153,2020-03-23
36005043400,36005045600,254,2020-03-23
36005044901,36005045600,133,2020-03-23
36005045600,36005045600,502,2020-03-23
36005046201,36005045600,1132,2020-03-23
36005046202,36005045600,487,2020-03-23
36005048400,36005045600,368,2020-03-23
36047001800,36005045600,201,2020-03-23
36047053900,36005045600,232,2020-03-23
36047102800,36005045600,263,2020-03-23
36061002900,36005045600,139,2020-03-23
36061007600,36005045600,379,2020-03-23
36061010900,36005045600,174,2020-03-23
36061014000,36005045600,168,2020-03-23
36061014300,36005045600,185,2020-03-23
36061015100,36005045600,168,2020-03-23
36061015700,36005045600,161,2020-03-23
36061016100,36005045600,116,2020-03-23
36061016300,36005045600,212,2020-03-23
36061016400,36005045600,209,2020-03-23
36061016900,36005045600,145,2020-03-23
36061017500,36005045600,315,2020-03-23
36061017900,36005045600,175,2020-03-23
36061018100,36005045600,166,2020-03-23
36061018900,36005045600,133,2020-03-23
36061019000,36005045600,469,2020-03-23
36061019100,36005045600,155,2020-03-23
36061019600,36005045600,140,2020-03-23
36061020500,36005045600,226,2020-03-23
36061021303,36005045600,415,2020-03-23
36061028100,36005045600,236,2020-03-23
36081048400,36005045600,232,2020-03-23
36119000600,36005045600,226,2020-03-23
36119000702,36005045600,421,2020-03-23
36119001700,36005045600,147,2020-03-23
36119002104,36005045600,147,2020-03-23
36119002600,36005045600,707,2020-03-23
36119002700,36005045600,177,2020-03-23
36119003000,36005045600,599,2020-03-23
36119003100,36005045600,145,2020-03-23
36119004600,36005045600,196,2020-03-23
36119005500,36005045600,329,2020-03-23
36119006000,36005045600,302,2020-03-23
36119006100,36005045600,151,2020-03-23
36119011000,36005045600,203,2020-03-23
36119012301,36005045600,310,2020-03-23
34027040400,36005045600,120,2020-03-30
34027041704,36005045600,150,2020-03-30
36005006300,36005045600,281,2020-03-30
36005006700,36005045600,139,2020-03-30
36005009300,36005045600,156,2020-03-30
36005015700,36005045600,202,2020-03-30
36005016300,36005045600,175,2020-03-30
36005017902,36005045600,196,2020-03-30
36005018400,36005045600,225,2020-03-30
36005020000,36005045600,178,2020-03-30
36005020200,36005045600,130,2020-03-30
36005022200,36005045600,163,2020-03-30
36005022703,36005045600,278,2020-03-30
36005026602,36005045600,184,2020-03-30
36005029600,36005045600,158,2020-03-30
36005032600,36005045600,119,2020-03-30
36005033400,36005045600,194,2020-03-30
36005034800,36005045600,142,2020-03-30
36005035800,36005045600,247,2020-03-30
36005037300,36005045600,199,2020-03-30
36005037504,36005045600,188,2020-03-30
36005039600,36005045600,144,2020-03-30
36005039700,36005045600,123,2020-03-30
36005041800,36005045600,134,2020-03-30
36005042400,36005045600,149,2020-03-30
36005042600,36005045600,746,2020-03-30
36005042800,36005045600,145,2020-03-30
36005043400,36005045600,553,2020-03-30
36005045101,36005045600,173,2020-03-30
36005045600,36005045600,769,2020-03-30
36005046201,36005045600,1619,2020-03-30
36005046202,36005045600,450,2020-03-30
36005048400,36005045600,1285,2020-03-30
36005050400,36005045600,341,2020-03-30
36047001800,36005045600,504,2020-03-30
36047012700,36005045600,180,2020-03-30
36047016100,36005045600,119,2020-03-30
36047098400,36005045600,190,2020-03-30
36047102800,36005045600,245,2020-03-30
36059407301,36005045600,158,2020-03-30
36059407802,36005045600,380,2020-03-30
36059408200,36005045600,153,2020-03-30
36059409200,36005045600,140,2020-03-30
36061005800,36005045600,128,2020-03-30
36061007600,36005045600,208,2020-03-30
36061009500,36005045600,119,2020-03-30
36061010900,36005045600,119,2020-03-30
36061011000,36005045600,282,2020-03-30
36061011402,36005045600,137,2020-03-30
36061014802,36005045600,119,2020-03-30
36061014900,36005045600,158,2020-03-30
36061015700,36005045600,147,2020-03-30
36061016100,36005045600,119,2020-03-30
36061016300,36005045600,257,2020-03-30
36061017900,36005045600,143,2020-03-30
36061018800,36005045600,211,2020-03-30
36061019000,36005045600,172,2020-03-30
36061022102,36005045600,155,2020-03-30
36061023200,36005045600,196,2020-03-30
36079011800,36005045600,145,2020-03-30
36081037300,36005045600,172,2020-03-30
36081155102,36005045600,550,2020-03-30
36119000600,36005045600,154,2020-03-30
36119000803,36005045600,458,2020-03-30
36119000900,36005045600,306,2020-03-30
36119002600,36005045600,1392,2020-03-30
36119003000,36005045600,598,2020-03-30
36119003200,36005045600,230,2020-03-30
36119005400,36005045600,819,2020-03-30
36119005500,36005045600,783,2020-03-30
36119005701,36005045600,151,2020-03-30
36119006000,36005045600,139,2020-03-30
36119008602,36005045600,124,2020-03-30
36119011000,36005045600,178,2020-03-30
36119013202,36005045600,175,2020-03-30
34027044502,36005045600,271,2020-04-06
36005000400,36005045600,171,2020-04-06
36005002800,36005045600,169,2020-04-06
36005004300,36005045600,210,2020-04-06
36005007700,36005045600,157,2020-04-06
36005015700,36005045600,259,2020-04-06
36005020000,36005045600,150,2020-04-06
36005021700,36005045600,236,2020-04-06
36005022102,36005045600,125,2020-04-06
36005023800,36005045600,211,2020-04-06
36005033600,36005045600,200,2020-04-06
36005034800,36005045600,142,2020-04-06
36005035100,36005045600,173,2020-04-06
36005037504,36005045600,157,2020-04-06
36005038200,36005045600,183,2020-04-06
36005038600,36005045600,129,2020-04-06
36005039400,36005045600,194,2020-04-06
36005039800,36005045600,264,2020-04-06
36005040600,36005045600,162,2020-04-06
36005041400,36005045600,270,2020-04-06
36005041800,36005045600,134,2020-04-06
36005042200,36005045600,133,2020-04-06
36005042600,36005045600,1148,2020-04-06
36005042800,36005045600,342,2020-04-06
36005043400,36005045600,162,2020-04-06
36005044200,36005045600,195,2020-04-06
36005046201,36005045600,1285,2020-04-06
36005046202,36005045600,601,2020-04-06
36005048400,36005045600,1192,2020-04-06
36005050400,36005045600,193,2020-04-06
36047000900,36005045600,262,2020-04-06
36047031300,36005045600,205,2020-04-06
36047031701,36005045600,153,2020-04-06
36047035400,36005045600,159,2020-04-06
36047041200,36005045600,125,2020-04-06
36047093600,36005045600,133,2020-04-06
36059301900,36005045600,125,2020-04-06
36059303102,36005045600,125,2020-04-06
36059303202,36005045600,287,2020-04-06
36059303800,36005045600,235,2020-04-06
36059404800,36005045600,209,2020-04-06
36059407802,36005045600,374,2020-04-06
36059408000,36005045600,314,2020-04-06
36059409000,36005045600,164,2020-04-06
36059415300,36005045600,282,2020-04-06
36059520200,36005045600,146,2020-04-06
36061000900,36005045600,287,2020-04-06
36061005800,36005045600,171,2020-04-06
36061011000,36005045600,212,2020-04-06
36061015002,36005045600,376,2020-04-06
36061016400,36005045600,159,2020-04-06
36061016900,36005045600,184,2020-04-06
36061017000,36005045600,189,2020-04-06
36061017200,36005045600,247,2020-04-06
36061018800,36005045600,289,2020-04-06
36061019400,36005045600,146,2020-04-06
36061019600,36005045600,138,2020-04-06
36061020000,36005045600,157,2020-04-06
36061025700,36005045600,125,2020-04-06
36081009400,36005045600,134,2020-04-06
36081115900,36005045600,231,2020-04-06
36081155102,36005045600,324,2020-04-06
36119000702,36005045600,260,2020-04-06
36119002104,36005045600,165,2020-04-06
36119002202,36005045600,205,2020-04-06
36119002404,36005045600,146,2020-04-06
36119002600,36005045600,1016,2020-04-06
36119003000,36005045600,170,2020-04-06
36119003100,36005045600,155,2020-04-06
36119003300,36005045600,137,2020-04-06
36119005400,36005045600,358,2020-04-06
36119005500,36005045600,1011,2020-04-06
36119006000,36005045600,390,2020-04-06
36119981000,36005045600,180,2020-04-06
42103950104,36005045600,139,2020-04-06
36005004800,36005045600,247,2020-04-13
36005009000,36005045600,185,2020-04-13
36005020501,36005045600,275,2020-04-13
36005021002,36005045600,290,2020-04-13
36005022000,36005045600,376,2020-04-13
36005022404,36005045600,150,2020-04-13
36005022703,36005045600,183,2020-04-13
36005032800,36005045600,292,2020-04-13
36005033400,36005045600,339,2020-04-13
36005034800,36005045600,153,2020-04-13
36005036000,36005045600,201,2020-04-13
36005037504,36005045600,193,2020-04-13
36005037800,36005045600,211,2020-04-13
36005038200,36005045600,172,2020-04-13
36005038600,36005045600,140,2020-04-13
36005039400,36005045600,280,2020-04-13
36005041800,36005045600,153,2020-04-13
36005042100,36005045600,391,2020-04-13
36005042200,36005045600,182,2020-04-13
36005042400,36005045600,234,2020-04-13
36005042500,36005045600,285,2020-04-13
36005042600,36005045600,1157,2020-04-13
36005042902,36005045600,161,2020-04-13
36005043400,36005045600,948,2020-04-13
36005043500,36005045600,230,2020-04-13
36005044901,36005045600,150,2020-04-13
36005046000,36005045600,569,2020-04-13
36005046201,36005045600,982,2020-04-13
36005046202,36005045600,511,2020-04-13
36005048400,36005045600,1020,2020-04-13
36047092000,36005045600,166,2020-04-13
36047096000,36005045600,420,2020-04-13
36047097400,36005045600,182,2020-04-13
36047105804,36005045600,146,2020-04-13
36059301600,36005045600,194,2020-04-13
36059301900,36005045600,210,2020-04-13
36059302000,36005045600,149,2020-04-13
36059407301,36005045600,774,2020-04-13
36059407802,36005045600,463,2020-04-13
36059408200,36005045600,160,2020-04-13
36059414400,36005045600,383,2020-04-13
36059414502,36005045600,196,2020-04-13
36059518900,36005045600,181,2020-04-13
36059520502,36005045600,368,2020-04-13
36061002700,36005045600,198,2020-04-13
36061008400,36005045600,180,2020-04-13
36061009500,36005045600,140,2020-04-13
36061010900,36005045600,140,2020-04-13
36061011000,36005045600,280,2020-04-13
36061016900,36005045600,160,2020-04-13
36061017000,36005045600,173,2020-04-13
36061018900,36005045600,448,2020-04-13
36061019600,36005045600,166,2020-04-13
36061021303,36005045600,195,2020-04-13
36061022102,36005045600,298,2020-04-13
36081115900,36005045600,936,2020-04-13
36081117100,36005045600,158,2020-04-13
36119000103,36005045600,211,2020-04-13
36119000900,36005045600,186,2020-04-13
36119001503,36005045600,288,2020-04-13
36119002600,36005045600,1253,2020-04-13
36119002700,36005045600,189,2020-04-13
36119003300,36005045600,310,2020-04-13
36119005400,36005045600,186,2020-04-13
36119005500,36005045600,777,2020-04-13
36119005701,36005045600,144,2020-04-13
36119006000,36005045600,183,2020-04-13
36119010701,36005045600,140,2020-04-13
36005009000,36005045600,210,2020-04-20
36005011700,36005045600,289,2020-04-20
36005013800,36005045600,241,2020-04-20
36005018400,36005045600,245,2020-04-20
36005022000,36005045600,474,2020-04-20
36005022703,36005045600,202,2020-04-20
36005031000,36005045600,284,2020-04-20
36005039400,36005045600,266,2020-04-20
36005042100,36005045600,523,2020-04-20
36005042400,36005045600,287,2020-04-20
36005042500,36005045600,205,2020-04-20
36005042600,36005045600,1273,2020-04-20
36005042800,36005045600,183,2020-04-20
36005043400,36005045600,127,2020-04-20
36005045600,36005045600,551,2020-04-20
36005046201,36005045600,1091,2020-04-20
36005046202,36005045600,652,2020-04-20
36005048400,36005045600,875,2020-04-20
36005050400,36005045600,201,2020-04-20
36005051600,36005045600,141,2020-04-20
36047004300,36005045600,159,2020-04-20
36047007700,36005045600,150,2020-04-20
36047017700,36005045600,134,2020-04-20
36047030500,36005045600,408,2020-04-20
36047093400,36005045600,206,2020-04-20
36047101000,36005045600,279,2020-04-20
36047117400,36005045600,127,2020-04-20
36059303600,36005045600,165,2020-04-20
36059303800,36005045600,280,2020-04-20
36059407501,36005045600,222,2020-04-20
36059407802,36005045600,235,2020-04-20
36059408200,36005045600,158,2020-04-20
36059408500,36005045600,148,2020-04-20
36059411700,36005045600,271,2020-04-20
36059412302,36005045600,303,2020-04-20
36059413100,36005045600,430,2020-04-20
36059413400,36005045600,172,2020-04-20
36059413500,36005045600,309,2020-04-20
36059413600,36005045600,318,2020-04-20
36059414304,36005045600,198,2020-04-20
36061000900,36005045600,127,2020-04-20
36061004700,36005045600,127,2020-04-20
36061007300,36005045600,127,2020-04-20
36061007400,36005045600,243,2020-04-20
36061008900,36005045600,127,2020-04-20
36061011000,36005045600,185,2020-04-20
36061011203,36005045600,228,2020-04-20
36061012000,36005045600,136,2020-04-20
36061012600,36005045600,127,2020-04-20
36061013500,36005045600,152,2020-04-20
36061014000,36005045600,219,2020-04-20
36061014500,36005045600,172,2020-04-20
36061015300,36005045600,164,2020-04-20
36061016300,36005045600,515,2020-04-20
36061016500,36005045600,127,2020-04-20
36061016700,36005045600,222,2020-04-20
36061017100,36005045600,152,2020-04-20
36061017500,36005045600,218,2020-04-20
36061017700,36005045600,223,2020-04-20
36061017800,36005045600,215,2020-04-20
36061018800,36005045600,210,2020-04-20
36061018900,36005045600,168,2020-04-20
36061019100,36005045600,195,2020-04-20
36061021303,36005045600,286,2020-04-20
36079011200,36005045600,127,2020-04-20
36081094500,36005045600,159,2020-04-20
36081115900,36005045600,1018,2020-04-20
36085006400,36005045600,205,2020-04-20
36119001800,36005045600,127,2020-04-20
36119002600,36005045600,418,2020-04-20
36119002700,36005045600,167,2020-04-20
36119003300,36005045600,137,2020-04-20
36119005300,36005045600,167,2020-04-20
36119005500,36005045600,913,2020-04-20
36119005701,36005045600,305,2020-04-20
36119006000,36005045600,315,2020-04-20
36119006600,36005045600,127,2020-04-20
36119007800,36005045600,160,2020-04-20
36119009400,36005045600,195,2020-04-20
36119010803,36005045600,127,2020-04-20
36119012101,36005045600,181,2020-04-20
36119014200,36005045600,154,2020-04-20
34003036100,36005045600,160,2020-04-27
34031264102,36005045600,558,2020-04-27
36005001900,36005045600,152,2020-04-27
36005006200,36005045600,226,2020-04-27
36005007900,36005045600,209,2020-04-27
36005008300,36005045600,329,2020-04-27
36005009000,36005045600,150,2020-04-27
36005009300,36005045600,142,2020-04-27
36005011700,36005045600,265,2020-04-27
36005012101,36005045600,174,2020-04-27
36005017901,36005045600,142,2020-04-27
36005021100,36005045600,203,2020-04-27
36005022000,36005045600,186,2020-04-27
36005022200,36005045600,148,2020-04-27
36005022703,36005045600,177,2020-04-27
36005029600,36005045600,159,2020-04-27
36005031000,36005045600,154,2020-04-27
36005033400,36005045600,170,2020-04-27
36005037504,36005045600,396,2020-04-27
36005037800,36005045600,135,2020-04-27
36005038900,36005045600,158,2020-04-27
36005039600,36005045600,167,2020-04-27
36005041800,36005045600,161,2020-04-27
36005041900,36005045600,396,2020-04-27
36005042000,36005045600,423,2020-04-27
36005042100,36005045600,320,2020-04-27
36005042600,36005045600,1456,2020-04-27
36005042800,36005045600,334,2020-04-27
36005042901,36005045600,246,2020-04-27
36005043400,36005045600,145,2020-04-27
36005043500,36005045600,185,2020-04-27
36005044901,36005045600,142,2020-04-27
36005045101,36005045600,431,2020-04-27
36005045102,36005045600,185,2020-04-27
36005045600,36005045600,1041,2020-04-27
36005046201,36005045600,1501,2020-04-27
36005046202,36005045600,788,2020-04-27
36005048400,36005045600,955,2020-04-27
36047082400,36005045600,144,2020-04-27
36047105804,36005045600,132,2020-04-27
36061005400,36005045600,123,2020-04-27
36061006700,36005045600,138,2020-04-27
36061010000,36005045600,236,2020-04-27
36061011000,36005045600,291,2020-04-27
36061011800,36005045600,285,2020-04-27
36061012000,36005045600,160,2020-04-27
36061012100,36005045600,149,2020-04-27
36061012900,36005045600,166,2020-04-27
36061013500,36005045600,173,2020-04-27
36061014000,36005045600,137,2020-04-27
36061014601,36005045600,150,2020-04-27
36061014900,36005045600,170,2020-04-27
36061015300,36005045600,123,2020-04-27
36061015700,36005045600,135,2020-04-27
36061015900,36005045600,154,2020-04-27
36061016100,36005045600,265,2020-04-27
36061016500,36005045600,168,2020-04-27
36061016600,36005045600,123,2020-04-27
36061017000,36005045600,140,2020-04-27
36061017300,36005045600,300,2020-04-27
36061017500,36005045600,808,2020-04-27
36061018300,36005045600,149,2020-04-27
36061018600,36005045600,140,2020-04-27
36061018700,36005045600,164,2020-04-27
36061019500,36005045600,135,2020-04-27
36061025700,36005045600,162,2020-04-27
36081003300,36005045600,236,2020-04-27
36081028900,36005045600,150,2020-04-27
36081030600,36005045600,186,2020-04-27
36081115900,36005045600,193,2020-04-27
36119000103,36005045600,355,2020-04-27
36119001301,36005045600,123,2020-04-27
36119001401,36005045600,154,2020-04-27
36119001502,36005045600,156,2020-04-27
36119001503,36005045600,156,2020-04-27
36119002101,36005045600,150,2020-04-27
36119002600,36005045600,1147,2020-04-27
36119002700,36005045600,174,2020-04-27
36119003300,36005045600,281,2020-04-27
36119003600,36005045600,170,2020-04-27
36119005400,36005045600,151,2020-04-27
36119005500,36005045600,1052,2020-04-27
36119005701,36005045600,160,2020-04-27
36119006000,36005045600,190,2020-04-27
36119011300,36005045600,191,2020-04-27
36005001900,36005045600,269,2020-05-04
36005009200,36005045600,174,2020-05-04
36005017901,36005045600,165,2020-05-04
36005020000,36005045600,125,2020-05-04
36005022000,36005045600,181,2020-05-04
36005023704,36005045600,160,2020-05-04
36005024700,36005045600,125,2020-05-04
36005034800,36005045600,302,2020-05-04
36005035000,36005045600,242,2020-05-04
36005036400,36005045600,150,2020-05-04
36005037504,36005045600,166,2020-05-04
36005038000,36005045600,134,2020-05-04
36005039000,36005045600,196,2020-05-04
36005039400,36005045600,140,2020-05-04
36005039600,36005045600,174,2020-05-04
36005041800,36005045600,117,2020-05-04
36005042100,36005045600,286,2020-05-04
36005042200,36005045600,196,2020-05-04
36005042600,36005045600,490,2020-05-04
36005043400,36005045600,271,2020-05-04
36005043500,36005045600,168,2020-05-04
36005044901,36005045600,324,2020-05-04
36005045600,36005045600,252,2020-05-04
36005046201,36005045600,595,2020-05-04
36005046202,36005045600,412,2020-05-04
36005048400,36005045600,512,2020-05-04
36047031500,36005045600,130,2020-05-04
36047082000,36005045600,107,2020-05-04
36047093400,36005045600,181,2020-05-04
36059519602,36005045600,122,2020-05-04
36059520502,36005045600,252,2020-05-04
36059521000,36005045600,132,2020-05-04
36061005800,36005045600,241,2020-05-04
36061007400,36005045600,192,2020-05-04
36061010900,36005045600,150,2020-05-04
36061011000,36005045600,158,2020-05-04
36061012700,36005045600,119,2020-05-04
36061013600,36005045600,136,2020-05-04
36061014700,36005045600,144,2020-05-04
36061015100,36005045600,107,2020-05-04
36061015300,36005045600,185,2020-05-04
36061015500,36005045600,131,2020-05-04
36061015601,36005045600,140,2020-05-04
36061015802,36005045600,142,2020-05-04
36061016100,36005045600,235,2020-05-04
36061016300,36005045600,872,2020-05-04
36061016500,36005045600,270,2020-05-04
36061016700,36005045600,142,2020-05-04
36061016900,36005045600,296,2020-05-04
36061017100,36005045600,187,2020-05-04
36061017401,36005045600,107,2020-05-04
36061018700,36005045600,132,2020-05-04
36061018900,36005045600,312,2020-05-04
36061019100,36005045600,164,2020-05-04
36061019300,36005045600,157,2020-05-04
36061024500,36005045600,133,2020-05-04
36061025700,36005045600,127,2020-05-04
36061026900,36005045600,135,2020-05-04
36081015000,36005045600,171,2020-05-04
36103122300,36005045600,143,2020-05-04
36119001503,36005045600,334,2020-05-04
36119002405,36005045600,125,2020-05-04
36119002600,36005045600,1288,2020-05-04
36119003900,36005045600,119,2020-05-04
36119005002,36005045600,171,2020-05-04
36119005500,36005045600,1146,2020-05-04
36119005701,36005045600,186,2020-05-04
36119006000,36005045600,587,2020-05-04
36119008401,36005045600,160,2020-05-04
36119010702,36005045600,131,2020-05-04
36005004800,36005045600,218,2020-05-11
36005006300,36005045600,133,2020-05-11
36005009300,36005045600,136,2020-05-11
36005014701,36005045600,172,2020-05-11
36005016300,36005045600,151,2020-05-11
36005017500,36005045600,135,2020-05-11
36005018900,36005045600,160,2020-05-11
36005019400,36005045600,149,2020-05-11
36005020000,36005045600,278,2020-05-11
36005024100,36005045600,126,2020-05-11
36005028400,36005045600,158,2020-05-11
36005031000,36005045600,371,2020-05-11
36005036400,36005045600,139,2020-05-11
36005038000,36005045600,185,2020-05-11
36005038600,36005045600,137,2020-05-11
36005039600,36005045600,123,2020-05-11
36005041400,36005045600,122,2020-05-11
36005042100,36005045600,295,2020-05-11
36005042600,36005045600,493,2020-05-11
36005042800,36005045600,149,2020-05-11
36005043400,36005045600,174,2020-05-11
36005046000,36005045600,385,2020-05-11
36005046201,36005045600,673,2020-05-11
36005046202,36005045600,707,2020-05-11
36005048400,36005045600,1529,2020-05-11
36005050400,36005045600,308,2020-05-11
36047005300,36005045600,186,2020-05-11
36047028100,36005045600,106,2020-05-11
36047081400,36005045600,374,2020-05-11
36047082400,36005045600,137,2020-05-11
36047084000,36005045600,106,2020-05-11
36047089000,36005045600,310,2020-05-11
36047096600,36005045600,133,2020-05-11
36047098400,36005045600,157,2020-05-11
36047102400,36005045600,119,2020-05-11
36047102800,36005045600,372,2020-05-11
36059302900,36005045600,137,2020-05-11
36059410800,36005045600,106,2020-05-11
36059519602,36005045600,114,2020-05-11
36059520502,36005045600,116,2020-05-11
36059521000,36005045600,127,2020-05-11
36061003900,36005045600,121,2020-05-11
36061005502,36005045600,106,2020-05-11
36061005800,36005045600,124,2020-05-11
36061007400,36005045600,457,2020-05-11
36061007600,36005045600,258,2020-05-11
36061008800,36005045600,106,2020-05-11
36061009300,36005045600,136,2020-05-11
36061011000,36005045600,164,2020-05-11
36061011100,36005045600,144,2020-05-11
36061011700,36005045600,189,2020-05-11
36061012000,36005045600,145,2020-05-11
36061013800,36005045600,124,2020-05-11
36061014200,36005045600,116,2020-05-11
36061014602,36005045600,131,2020-05-11
36061014802,36005045600,175,2020-05-11
36061014900,36005045600,142,2020-05-11
36061015500,36005045600,399,2020-05-11
36061015900,36005045600,252,2020-05-11
36061016002,36005045600,134,2020-05-11
36061016100,36005045600,163,2020-05-11
36061016300,36005045600,649,2020-05-11
36061016500,36005045600,156,2020-05-11
36061016900,36005045600,377,2020-05-11
36061017000,36005045600,600,2020-05-11
36061017100,36005045600,192,2020-05-11
36061017300,36005045600,124,2020-05-11
36061017500,36005045600,413,2020-05-11
36061017700,36005045600,361,2020-05-11
36061017800,36005045600,187,2020-05-11
36061018100,36005045600,529,2020-05-11
36061018500,36005045600,298,2020-05-11
36061021800,36005045600,124,2020-05-11
36081015801,36005045600,152,2020-05-11
36081038302,36005045600,212,2020-05-11
36081084900,36005045600,278,2020-05-11
36081120100,36005045600,185,2020-05-11
36119000900,36005045600,106,2020-05-11
36119001503,36005045600,148,2020-05-11
36119002600,36005045600,1045,2020-05-11
36119002800,36005045600,176,2020-05-11
36119003300,36005045600,116,2020-05-11
36119004800,36005045600,106,2020-05-11
36119005500,36005045600,1472,2020-05-11
36119005701,36005045600,136,2020-05-11
36119006000,36005045600,198,2020-05-11
36119006300,36005045600,117,2020-05-11
36119008602,36005045600,147,2020-05-11
36119009500,36005045600,130,2020-05-11
36119011000,36005045600,134,2020-05-11
36119011500,36005045600,165,2020-05-11
34003036100,36005045600,136,2020-05-18
36005009200,36005045600,437,2020-05-18
36005009300,36005045600,231,2020-05-18
36005022000,36005045600,154,2020-05-18
36005023600,36005045600,131,2020-05-18
36005024000,36005045600,152,2020-05-18
36005026400,36005045600,206,2020-05-18
36005031000,36005045600,114,2020-05-18
36005033400,36005045600,308,2020-05-18
36005034200,36005045600,146,2020-05-18
36005034800,36005045600,119,2020-05-18
36005036400,36005045600,112,2020-05-18
36005037504,36005045600,171,2020-05-18
36005037800,36005045600,140,2020-05-18
36005038000,36005045600,425,2020-05-18
36005039000,36005045600,134,2020-05-18
36005039400,36005045600,172,2020-05-18
36005040100,36005045600,131,2020-05-18
36005041800,36005045600,109,2020-05-18
36005042600,36005045600,1043,2020-05-18
36005043100,36005045600,143,2020-05-18
36005043400,36005045600,137,2020-05-18
36005044901,36005045600,122,2020-05-18
36005045102,36005045600,105,2020-05-18
36005045600,36005045600,224,2020-05-18
36005046000,36005045600,262,2020-05-18
36005046201,36005045600,541,2020-05-18
36005046202,36005045600,719,2020-05-18
36005048400,36005045600,1257,2020-05-18
36047001800,36005045600,365,2020-05-18
36047070600,36005045600,138,2020-05-18
36047081400,36005045600,128,2020-05-18
36047082400,36005045600,143,2020-05-18
36047098400,36005045600,141,2020-05-18
36047102200,36005045600,111,2020-05-18
36047102800,36005045600,200,2020-05-18
36047105804,36005045600,271,2020-05-18
36059304202,36005045600,115,2020-05-18
36059519602,36005045600,184,2020-05-18
36059520502,36005045600,129,2020-05-18
36061000900,36005045600,113,2020-05-18
36061001300,36005045600,162,2020-05-18
36061004000,36005045600,105,2020-05-18
36061005200,36005045600,182,2020-05-18
36061005900,36005045600,190,2020-05-18
36061006100,36005045600,195,2020-05-18
36061006500,36005045600,237,2020-05-18
36061007000,36005045600,155,2020-05-18
36061007600,36005045600,154,2020-05-18
36061008900,36005045600,105,2020-05-18
36061010900,36005045600,113,2020-05-18
36061011000,36005045600,128,2020-05-18
36061011300,36005045600,121,2020-05-18
36061014700,36005045600,187,2020-05-18
36061015002,36005045600,175,2020-05-18
36061015100,36005045600,155,2020-05-18
36061015300,36005045600,146,2020-05-18
36061015700,36005045600,483,2020-05-18
36061015900,36005045600,291,2020-05-18
36061016002,36005045600,214,2020-05-18
36061016100,36005045600,126,2020-05-18
36061016300,36005045600,902,2020-05-18
36061016500,36005045600,122,2020-05-18
36061016900,36005045600,295,2020-05-18
36061017000,36005045600,146,2020-05-18
36061017900,36005045600,191,2020-05-18
36061018700,36005045600,312,2020-05-18
36061019100,36005045600,417,2020-05-18
36061020102,36005045600,130,2020-05-18
36061020500,36005045600,169,2020-05-18
36061020901,36005045600,284,2020-05-18
36061021303,36005045600,227,2020-05-18
36061021500,36005045600,154,2020-05-18
36061022200,36005045600,133,2020-05-18
36061023501,36005045600,159,2020-05-18
36061025700,36005045600,112,2020-05-18
36081028800,36005045600,117,2020-05-18
36103122300,36005045600,129,2020-05-18
36119002202,36005045600,180,2020-05-18
36119002600,36005045600,1371,2020-05-18
36119003100,36005045600,105,2020-05-18
36119005002,36005045600,158,2020-05-18
36119005300,36005045600,105,2020-05-18
36119005500,36005045600,1163,2020-05-18
36119005701,36005045600,414,2020-05-18
36119008000,36005045600,137,2020-05-18
36119010701,36005045600,255,2020-05-18
34003036100,36005045600,128,2020-05-25
34003042500,36005045600,101,2020-05-25
36005005300,36005045600,154,2020-05-25
36005006000,36005045600,105,2020-05-25
36005008300,36005045600,141,2020-05-25
36005012300,36005045600,152,2020-05-25
36005014500,36005045600,141,2020-05-25
36005015800,36005045600,179,2020-05-25
36005018500,36005045600,165,2020-05-25
36005020000,36005045600,277,2020-05-25
36005021002,36005045600,171,2020-05-25
36005030200,36005045600,447,2020-05-25
36005031000,36005045600,131,2020-05-25
36005033400,36005045600,296,2020-05-25
36005034800,36005045600,229,2020-05-25
36005037504,36005045600,170,2020-05-25
36005037800,36005045600,134,2020-05-25
36005039400,36005045600,240,2020-05-25
36005039600,36005045600,117,2020-05-25
36005040100,36005045600,121,2020-05-25
36005041400,36005045600,112,2020-05-25
36005042100,36005045600,277,2020-05-25
36005042400,36005045600,272,2020-05-25
36005042600,36005045600,271,2020-05-25
36005042800,36005045600,313,2020-05-25
36005043400,36005045600,102,2020-05-25
36005044901,36005045600,120,2020-05-25
36005045600,36005045600,188,2020-05-25
36005046201,36005045600,747,2020-05-25
36005046202,36005045600,864,2020-05-25
36005048400,36005045600,1149,2020-05-25
36005050400,36005045600,149,2020-05-25
36005051600,36005045600,109,2020-05-25
36047001500,36005045600,387,2020-05-25
36047028100,36005045600,100,2020-05-25
36047031701,36005045600,164,2020-05-25
36047097400,36005045600,138,2020-05-25
36047098400,36005045600,293,2020-05-25
36047101800,36005045600,108,2020-05-25
36047102800,36005045600,138,2020-05-25
36059302800,36005045600,132,2020-05-25
36059519602,36005045600,111,2020-05-25
36059520502,36005045600,120,2020-05-25
36061001402,36005045600,122,2020-05-25
36061001501,36005045600,100,2020-05-25
36061002900,36005045600,121,2020-05-25
36061004700,36005045600,100,2020-05-25
36061005800,36005045600,522,2020-05-25
36061006500,36005045600,114,2020-05-25
36061007400,36005045600,100,2020-05-25
36061007600,36005045600,148,2020-05-25
36061007800,36005045600,130,2020-05-25
36061007900,36005045600,132,2020-05-25
36061009900,36005045600,150,2020-05-25
36061011201,36005045600,150,2020-05-25
36061011300,36005045600,133,2020-05-25
36061012900,36005045600,235,2020-05-25
36061013400,36005045600,214,2020-05-25
36061013500,36005045600,131,2020-05-25
36061013800,36005045600,123,2020-05-25
36061014802,36005045600,151,2020-05-25
36061014900,36005045600,142,2020-05-25
36061015500,36005045600,188,2020-05-25
36061015700,36005045600,250,2020-05-25
36061016300,36005045600,234,2020-05-25
36061016400,36005045600,123,2020-05-25
36061017500,36005045600,238,2020-05-25
36061017800,36005045600,296,2020-05-25
36061017900,36005045600,412,2020-05-25
36061018300,36005045600,124,2020-05-25
36061018400,36005045600,142,2020-05-25
36061018700,36005045600,387,2020-05-25
36061019100,36005045600,256,2020-05-25
36061020500,36005045600,168,2020-05-25
36061021600,36005045600,293,2020-05-25
36061024500,36005045600,136,2020-05-25
36061029300,36005045600,130,2020-05-25
36081017000,36005045600,154,2020-05-25
36081028800,36005045600,121,2020-05-25
36119000702,36005045600,143,2020-05-25
36119001301,36005045600,323,2020-05-25
36119002000,36005045600,261,2020-05-25
36119002202,36005045600,171,2020-05-25
36119002600,36005045600,1599,2020-05-25
36119002700,36005045600,141,2020-05-25
36119003100,36005045600,120,2020-05-25
36119003300,36005045600,129,2020-05-25
36119003800,36005045600,138,2020-05-25
36119004100,36005045600,156,2020-05-25
36119005500,36005045600,448,2020-05-25
36119005701,36005045600,162,2020-05-25
36119005800,36005045600,140,2020-05-25
36119006802,36005045600,111,2020-05-25
36119007401,36005045600,126,2020-05-25
36119008000,36005045600,125,2020-05-25
36119010902,36005045600,159,2020-05-25
36119013202,36005045600,142,2020-05-25
36119981000,36005045600,130,2020-05-25
34025803100,36005045600,121,2020-06-01
34039035300,36005045600,118,2020-06-01
36005004800,36005045600,131,2020-06-01
36005005100,36005045600,142,2020-06-01
36005009300,36005045600,122,2020-06-01
36005014500,36005045600,131,2020-06-01
36005020000,36005045600,100,2020-06-01
36005022000,36005045600,155,2020-06-01
36005023800,36005045600,309,2020-06-01
36005028300,36005045600,117,2020-06-01
36005031000,36005045600,323,2020-06-01
36005033400,36005045600,150,2020-06-01
36005034800,36005045600,342,2020-06-01
36005036502,36005045600,158,2020-06-01
36005039400,36005045600,284,2020-06-01
36005039600,36005045600,134,2020-06-01
36005039800,36005045600,147,2020-06-01
36005042000,36005045600,172,2020-06-01
36005042100,36005045600,352,2020-06-01
36005042400,36005045600,362,2020-06-01
36005042600,36005045600,765,2020-06-01
36005043400,36005045600,233,2020-06-01
36005045101,36005045600,294,2020-06-01
36005045600,36005045600,122,2020-06-01
36005046201,36005045600,434,2020-06-01
36005046202,36005045600,347,2020-06-01
36005048400,36005045600,682,2020-06-01
36005050400,36005045600,133,2020-06-01
36005051600,36005045600,174,2020-06-01
36047003700,36005045600,119,2020-06-01
36047028100,36005045600,117,2020-06-01
36047034900,36005045600,118,2020-06-01
36047070600,36005045600,125,2020-06-01
36047082400,36005045600,149,2020-06-01
36047086800,36005045600,108,2020-06-01
36047093400,36005045600,165,2020-06-01
36047096000,36005045600,108,2020-06-01
36047102800,36005045600,146,2020-06-01
36047107000,36005045600,270,2020-06-01
36059300700,36005045600,98,2020-06-01
36059303700,36005045600,253,2020-06-01
36061000800,36005045600,98,2020-06-01
36061002900,36005045600,226,2020-06-01
36061003100,36005045600,114,2020-06-01
36061005800,36005045600,226,2020-06-01
36061006500,36005045600,216,2020-06-01
36061006600,36005045600,130,2020-06-01
36061007400,36005045600,190,2020-06-01
36061007600,36005045600,417,2020-06-01
36061008000,36005045600,149,2020-06-01
36061011000,36005045600,137,2020-06-01
36061013900,36005045600,124,2020-06-01
36061014200,36005045600,142,2020-06-01
36061015002,36005045600,266,2020-06-01
36061015700,36005045600,286,2020-06-01
36061015900,36005045600,140,2020-06-01
36061016100,36005045600,98,2020-06-01
36061016300,36005045600,273,2020-06-01
36061016400,36005045600,138,2020-06-01
36061016500,36005045600,144,2020-06-01
36061016700,36005045600,196,2020-06-01
36061016900,36005045600,279,2020-06-01
36061017300,36005045600,350,2020-06-01
36061018300,36005045600,247,2020-06-01
36061019000,36005045600,129,2020-06-01
36061019900,36005045600,132,2020-06-01
36061020500,36005045600,98,2020-06-01
36061021303,36005045600,163,2020-06-01
36061021600,36005045600,98,2020-06-01
36061022102,36005045600,160,2020-06-01
36061022200,36005045600,143,2020-06-01
36081006202,36005045600,104,2020-06-01
36081009600,36005045600,196,2020-06-01
36081010000,36005045600,121,2020-06-01
36081015802,36005045600,101,2020-06-01
36081054500,36005045600,127,2020-06-01
36081094500,36005045600,104,2020-06-01
36087010602,36005045600,98,2020-06-01
36087010804,36005045600,103,2020-06-01
36087011102,36005045600,117,2020-06-01
36119000600,36005045600,355,2020-06-01
36119000803,36005045600,320,2020-06-01
36119000900,36005045600,328,2020-06-01
36119002000,36005045600,142,2020-06-01
36119002202,36005045600,164,2020-06-01
36119002402,36005045600,118,2020-06-01
36119002600,36005045600,783,2020-06-01
36119003300,36005045600,161,2020-06-01
36119003600,36005045600,112,2020-06-01
36119005002,36005045600,392,2020-06-01
36119005300,36005045600,100,2020-06-01
36119005500,36005045600,973,2020-06-01
36119005701,36005045600,253,2020-06-01
36119005800,36005045600,103,2020-06-01
36119006000,36005045600,104,2020-06-01
36119007402,36005045600,98,2020-06-01
36119009300,36005045600,161,2020-06-01
36119009400,36005045600,134,2020-06-01
36119010702,36005045600,234,2020-06-01
36119011000,36005045600,372,2020-06-01
36119014901,36005045600,346,2020-06-01
42103950104,36005045600,111,2020-06-01
34003017100,36005045600,145,2020-06-08
34003043002,36005045600,103,2020-06-08
34027041000,36005045600,108,2020-06-08
34031264102,36005045600,116,2020-06-08
36005005100,36005045600,182,2020-06-08
36005009000,36005045600,121,2020-06-08
36005020000,36005045600,290,2020-06-08
36005024100,36005045600,269,2020-06-08
36005033400,36005045600,253,2020-06-08
36005034800,36005045600,334,2020-06-08
36005035800,36005045600,126,2020-06-08
36005037504,36005045600,180,2020-06-08
36005038000,36005045600,211,2020-06-08
36005038600,36005045600,109,2020-06-08
36005039400,36005045600,134,2020-06-08
36005041900,36005045600,248,2020-06-08
36005042000,36005045600,112,2020-06-08
36005042100,36005045600,422,2020-06-08
36005042200,36005045600,139,2020-06-08
36005042400,36005045600,286,2020-06-08
36005042600,36005045600,700,2020-06-08
36005042800,36005045600,122,2020-06-08
36005043100,36005045600,170,2020-06-08
36005043400,36005045600,170,2020-06-08
36005045600,36005045600,232,2020-06-08
36005046000,36005045600,110,2020-06-08
36005046201,36005045600,1434,2020-06-08
36005046202,36005045600,1034,2020-06-08
36005048400,36005045600,1543,2020-06-08
36005050400,36005045600,285,2020-06-08
36047026900,36005045600,105,2020-06-08
36047028100,36005045600,97,2020-06-08
36047070203,36005045600,150,2020-06-08
36047095000,36005045600,135,2020-06-08
36047109800,36005045600,151,2020-06-08
36047110400,36005045600,160,2020-06-08
36059519602,36005045600,118,2020-06-08
36059520502,36005045600,249,2020-06-08
36061002400,36005045600,149,2020-06-08
36061005000,36005045600,124,2020-06-08
36061005800,36005045600,139,2020-06-08
36061007400,36005045600,291,2020-06-08
36061007800,36005045600,137,2020-06-08
36061009800,36005045600,146,2020-06-08
36061010000,36005045600,97,2020-06-08
36061010900,36005045600,97,2020-06-08
36061011600,36005045600,188,2020-06-08
36061012000,36005045600,120,2020-06-08
36061012100,36005045600,146,2020-06-08
36061012600,36005045600,136,2020-06-08
36061013500,36005045600,111,2020-06-08
36061014500,36005045600,200,2020-06-08
36061014602,36005045600,115,2020-06-08
36061014802,36005045600,148,2020-06-08
36061015002,36005045600,115,2020-06-08
36061015100,36005045600,151,2020-06-08
36061015300,36005045600,241,2020-06-08
36061015500,36005045600,178,2020-06-08
36061015700,36005045600,143,2020-06-08
36061015900,36005045600,374,2020-06-08
36061016300,36005045600,257,2020-06-08
36061016700,36005045600,97,2020-06-08
36061016900,36005045600,357,2020-06-08
36061017100,36005045600,137,2020-06-08
36061017500,36005045600,114,2020-06-08
36061018300,36005045600,287,2020-06-08
36061019100,36005045600,144,2020-06-08
36061019500,36005045600,142,2020-06-08
36061019600,36005045600,106,2020-06-08
36061019900,36005045600,187,2020-06-08
36061021303,36005045600,171,2020-06-08
36061029900,36005045600,113,2020-06-08
36081002800,36005045600,126,2020-06-08
36081015000,36005045600,214,2020-06-08
36081015802,36005045600,108,2020-06-08
36081115900,36005045600,212,2020-06-08
36087013002,36005045600,172,2020-06-08
36103122300,36005045600,115,2020-06-08
36119000801,36005045600,134,2020-06-08
36119000803,36005045600,165,2020-06-08
36119001502,36005045600,111,2020-06-08
36119001503,36005045600,97,2020-06-08
36119001700,36005045600,121,2020-06-08
36119002403,36005045600,101,2020-06-08
36119002600,36005045600,1376,2020-06-08
36119003800,36005045600,130,2020-06-08
36119004000,36005045600,135,2020-06-08
36119004300,36005045600,102,2020-06-08
36119005300,36005045600,110,2020-06-08
36119005500,36005045600,1188,2020-06-08
36119005701,36005045600,211,2020-06-08
36119005800,36005045600,243,2020-06-08
36119006000,36005045600,256,2020-06-08
36119006300,36005045600,160,2020-06-08
36119006600,36005045600,107,2020-06-08
36119006802,36005045600,107,2020-06-08
36119007401,36005045600,105,2020-06-08
36119008602,36005045600,127,2020-06-08
36119011800,36005045600,233,2020-06-08
36119981000,36005045600,155,2020-06-08
34003043002,36005045600,107,2020-06-15
34003050000,36005045600,92,2020-06-15
34019010400,36005045600,101,2020-06-15
36005003900,36005045600,202,2020-06-15
36005004300,36005045600,128,2020-06-15
36005004800,36005045600,172,2020-06-15
36005016400,36005045600,127,2020-06-15
36005022403,36005045600,144,2020-06-15
36005031800,36005045600,216,2020-06-15
36005033000,36005045600,173,2020-06-15
36005033400,36005045600,148,2020-06-15
36005034800,36005045600,141,2020-06-15
36005038000,36005045600,307,2020-06-15
36005039000,36005045600,148,2020-06-15
36005039902,36005045600,116,2020-06-15
36005040400,36005045600,340,2020-06-15
36005041800,36005045600,123,2020-06-15
36005042100,36005045600,622,2020-06-15
36005042500,36005045600,168,2020-06-15
36005042600,36005045600,666,2020-06-15
36005042800,36005045600,324,2020-06-15
36005043400,36005045600,280,2020-06-15
36005045600,36005045600,426,2020-06-15
36005046201,36005045600,1008,2020-06-15
36005046202,36005045600,518,2020-06-15
36005048400,36005045600,1379,2020-06-15
36005050400,36005045600,163,2020-06-15
36047005900,36005045600,206,2020-06-15
36047012700,36005045600,148,2020-06-15
36047015300,36005045600,198,2020-06-15
36047021900,36005045600,138,2020-06-15
36047025700,36005045600,160,2020-06-15
36047036502,36005045600,145,2020-06-15
36047054600,36005045600,155,2020-06-15
36047066600,36005045600,108,2020-06-15
36047082400,36005045600,139,2020-06-15
36047093400,36005045600,170,2020-06-15
36047110400,36005045600,191,2020-06-15
36059411301,36005045600,129,2020-06-15
36059520501,36005045600,148,2020-06-15
36059520502,36005045600,136,2020-06-15
36061000800,36005045600,112,2020-06-15
36061002100,36005045600,144,2020-06-15
36061003001,36005045600,112,2020-06-15
36061003100,36005045600,118,2020-06-15
36061005800,36005045600,502,2020-06-15
36061010400,36005045600,396,2020-06-15
36061011000,36005045600,205,2020-06-15
36061011100,36005045600,209,2020-06-15
36061011600,36005045600,181,2020-06-15
36061014500,36005045600,166,2020-06-15
36061015500,36005045600,186,2020-06-15
36061015601,36005045600,131,2020-06-15
36061015700,36005045600,108,2020-06-15
36061015900,36005045600,122,2020-06-15
36061016300,36005045600,412,2020-06-15
36061016900,36005045600,162,2020-06-15
36061017300,36005045600,212,2020-06-15
36061017700,36005045600,574,2020-06-15
36061018700,36005045600,136,2020-06-15
36061020701,36005045600,196,2020-06-15
36061021100,36005045600,118,2020-06-15
36061021800,36005045600,134,2020-06-15
36061022000,36005045600,139,2020-06-15
36061025100,36005045600,153,2020-06-15
36061027500,36005045600,127,2020-06-15
36061030900,36005045600,156,2020-06-15
36081023600,36005045600,129,2020-06-15
36081064500,36005045600,118,2020-06-15
36081065702,36005045600,123,2020-06-15
36081071100,36005045600,152,2020-06-15
36081109300,36005045600,187,2020-06-15
36081115900,36005045600,123,2020-06-15
36119000600,36005045600,243,2020-06-15
36119001301,36005045600,186,2020-06-15
36119002000,36005045600,171,2020-06-15
36119002101,36005045600,124,2020-06-15
36119002106,36005045600,253,2020-06-15
36119002600,36005045600,633,2020-06-15
36119003100,36005045600,240,2020-06-15
36119003300,36005045600,148,2020-06-15
36119003900,36005045600,137,2020-06-15
36119004100,36005045600,156,2020-06-15
36119005002,36005045600,157,2020-06-15
36119005300,36005045600,135,2020-06-15
36119005500,36005045600,2024,2020-06-15
36119005701,36005045600,324,2020-06-15
36119006300,36005045600,601,2020-06-15
36119006802,36005045600,127,2020-06-15
36119008800,36005045600,156,2020-06-15
36119010600,36005045600,142,2020-06-15
36119014901,36005045600,118,2020-06-15
36119981000,36005045600,163,2020-06-15
34017007700,36005045600,103,2020-06-22
36005001900,36005045600,223,2020-06-22
36005008500,36005045600,161,2020-06-22
36005009000,36005045600,135,2020-06-22
36005009200,36005045600,117,2020-06-22
36005011900,36005045600,123,2020-06-22
36005012901,36005045600,158,2020-06-22
36005017300,36005045600,133,2020-06-22
36005018500,36005045600,120,2020-06-22
36005022000,36005045600,142,2020-06-22
36005022200,36005045600,111,2020-06-22
36005024100,36005045600,168,2020-06-22
36005028300,36005045600,113,2020-06-22
36005028400,36005045600,180,2020-06-22
36005028900,36005045600,109,2020-06-22
36005031000,36005045600,146,2020-06-22
36005033400,36005045600,196,2020-06-22
36005036000,36005045600,195,2020-06-22
36005038600,36005045600,128,2020-06-22
36005039600,36005045600,158,2020-06-22
36005040600,36005045600,126,2020-06-22
36005041800,36005045600,113,2020-06-22
36005042000,36005045600,133,2020-06-22
36005042100,36005045600,409,2020-06-22
36005042600,36005045600,864,2020-06-22
36005042800,36005045600,132,2020-06-22
36005043400,36005045600,251,2020-06-22
36005043500,36005045600,170,2020-06-22
36005045600,36005045600,399,2020-06-22
36005046201,36005045600,471,2020-06-22
36005046202,36005045600,659,2020-06-22
36005048400,36005045600,588,2020-06-22
36005050400,36005045600,426,2020-06-22
36005051600,36005045600,144,2020-06-22
36047000301,36005045600,226,2020-06-22
36047000502,36005045600,126,2020-06-22
36047001100,36005045600,157,2020-06-22
36047001800,36005045600,158,2020-06-22
36047020500,36005045600,132,2020-06-22
36047028100,36005045600,105,2020-06-22
36047035100,36005045600,146,2020-06-22
36047053000,36005045600,127,2020-06-22
36047055100,36005045600,117,2020-06-22
36047093400,36005045600,408,2020-06-22
36059520502,36005045600,272,2020-06-22
36061000900,36005045600,183,2020-06-22
36061004100,36005045600,140,2020-06-22
36061005400,36005045600,105,2020-06-22
36061005501,36005045600,148,2020-06-22
36061007600,36005045600,139,2020-06-22
36061008700,36005045600,268,2020-06-22
36061011000,36005045600,149,2020-06-22
36061011202,36005045600,329,2020-06-22
36061011402,36005045600,114,2020-06-22
36061013000,36005045600,161,2020-06-22
36061013400,36005045600,239,2020-06-22
36061014300,36005045600,168,2020-06-22
36061014900,36005045600,141,2020-06-22
36061015300,36005045600,105,2020-06-22
36061015500,36005045600,132,2020-06-22
36061015602,36005045600,254,2020-06-22
36061015801,36005045600,130,2020-06-22
36061016300,36005045600,408,2020-06-22
36061017000,36005045600,157,2020-06-22
36061017800,36005045600,159,2020-06-22
36061019000,36005045600,134,2020-06-22
36061019200,36005045600,171,2020-06-22
36061020500,36005045600,124,2020-06-22
36061020800,36005045600,131,2020-06-22
36061022200,36005045600,117,2020-06-22
36061022400,36005045600,158,2020-06-22
36061023000,36005045600,125,2020-06-22
36061023801,36005045600,129,2020-06-22
36061028300,36005045600,154,2020-06-22
36061029900,36005045600,126,2020-06-22
36079011800,36005045600,198,2020-06-22
36081001900,36005045600,141,2020-06-22
36081028000,36005045600,143,2020-06-22
36081028800,36005045600,127,2020-06-22
36081071600,36005045600,204,2020-06-22
36081086400,36005045600,142,2020-06-22
36087011102,36005045600,118,2020-06-22
36087011301,36005045600,292,2020-06-22
36087012502,36005045600,158,2020-06-22
36103124500,36005045600,167,2020-06-22
36119000900,36005045600,304,2020-06-22
36119001301,36005045600,179,2020-06-22
36119002000,36005045600,388,2020-06-22
36119002104,36005045600,141,2020-06-22
36119002404,36005045600,240,2020-06-22
36119002600,36005045600,1606,2020-06-22
36119003100,36005045600,120,2020-06-22
36119003300,36005045600,244,2020-06-22
36119003400,36005045600,119,2020-06-22
36119005002,36005045600,118,2020-06-22
36119005400,36005045600,123,2020-06-22
36119005500,36005045600,1802,2020-06-22
36119005701,36005045600,114,2020-06-22
36119005702,36005045600,123,2020-06-22
36119006000,36005045600,244,2020-06-22
36119006100,36005045600,319,2020-06-22
36119006801,36005045600,122,2020-06-22
36119008000,36005045600,131,2020-06-22
36119008602,36005045600,129,2020-06-22
36119011000,36005045600,110,2020-06-22
36119011500,36005045600,132,2020-06-22
36119012101,36005045600,145,2020-06-22
36119981000,36005045600,151,2020-06-22
36005002800,36005045600,181,2020-06-29
36005005100,36005045600,116,2020-06-29
36005016400,36005045600,120,2020-06-29
36005022901,36005045600,144,2020-06-29
36005025100,36005045600,181,2020-06-29
36005029600,36005045600,161,2020-06-29
36005031000,36005045600,134,2020-06-29
36005033000,36005045600,275,2020-06-29
36005035000,36005045600,115,2020-06-29
36005035800,36005045600,507,2020-06-29
36005036400,36005045600,104,2020-06-29
36005038100,36005045600,198,2020-06-29
36005038600,36005045600,125,2020-06-29
36005041500,36005045600,158,2020-06-29
36005041800,36005045600,121,2020-06-29
36005042100,36005045600,249,2020-06-29
36005042200,36005045600,145,2020-06-29
36005042400,36005045600,329,2020-06-29
36005042600,36005045600,1010,2020-06-29
36005042800,36005045600,142,2020-06-29
36005043400,36005045600,240,2020-06-29
36005044901,36005045600,120,2020-06-29
36005045600,36005045600,208,2020-06-29
36005046201,36005045600,1064,2020-06-29
36005046202,36005045600,267,2020-06-29
36005048400,36005045600,917,2020-06-29
36005050400,36005045600,164,2020-06-29
36005051600,36005045600,144,2020-06-29
36047005300,36005045600,199,2020-06-29
36047034300,36005045600,135,2020-06-29
36047082400,36005045600,136,2020-06-29
36047110400,36005045600,190,2020-06-29
36061004900,36005045600,252,2020-06-29
36061005400,36005045600,156,2020-06-29
36061005800,36005045600,163,2020-06-29
36061007300,36005045600,141,2020-06-29
36061008800,36005045600,151,2020-06-29
36061010900,36005045600,208,2020-06-29
36061011000,36005045600,304,2020-06-29
36061011100,36005045600,228,2020-06-29
36061011202,36005045600,141,2020-06-29
36061011401,36005045600,104,2020-06-29
36061011800,36005045600,301,2020-06-29
36061012400,36005045600,124,2020-06-29
36061013600,36005045600,146,2020-06-29
36061013700,36005045600,385,2020-06-29
36061014500,36005045600,117,2020-06-29
36061014601,36005045600,104,2020-06-29
36061014802,36005045600,131,2020-06-29
36061014900,36005045600,322,2020-06-29
36061015002,36005045600,116,2020-06-29
36061015300,36005045600,318,2020-06-29
36061015500,36005045600,373,2020-06-29
36061015700,36005045600,624,2020-06-29
36061016200,36005045600,147,2020-06-29
36061016300,36005045600,227,2020-06-29
36061016500,36005045600,123,2020-06-29
36061016700,36005045600,143,2020-06-29
36061016900,36005045600,514,2020-06-29
36061017300,36005045600,124,2020-06-29
36061017800,36005045600,104,2020-06-29
36061019000,36005045600,142,2020-06-29
36061019100,36005045600,135,2020-06-29
36061021303,36005045600,191,2020-06-29
36061022200,36005045600,123,2020-06-29
36061029300,36005045600,122,2020-06-29
36081010000,36005045600,117,2020-06-29
36081015400,36005045600,147,2020-06-29
36081018000,36005045600,203,2020-06-29
36081043701,36005045600,125,2020-06-29
36081046000,36005045600,166,2020-06-29
36081071702,36005045600,168,2020-06-29
36081119100,36005045600,144,2020-06-29
36087010601,36005045600,271,2020-06-29
36087010701,36005045600,104,2020-06-29
36087011101,36005045600,509,2020-06-29
36087011303,36005045600,204,2020-06-29
36087011506,36005045600,275,2020-06-29
36103159000,36005045600,116,2020-06-29
36119001502,36005045600,128,2020-06-29
36119002404,36005045600,115,2020-06-29
36119002600,36005045600,725,2020-06-29
36119002700,36005045600,134,2020-06-29
36119002900,36005045600,138,2020-06-29
36119005002,36005045600,116,2020-06-29
36119005500,36005045600,1735,2020-06-29
36119005701,36005045600,238,2020-06-29
36119006000,36005045600,129,2020-06-29
36119006100,36005045600,274,2020-06-29
36119006802,36005045600,113,2020-06-29
36119010500,36005045600,146,2020-06-29
36119013201,36005045600,194,2020-06-29
34003032103,36005045600,162,2020-07-06
34003032202,36005045600,172,2020-07-06
34017002300,36005045600,119,2020-07-06
36005008500,36005045600,151,2020-07-06
36005015200,36005045600,233,2020-07-06
36005017701,36005045600,176,2020-07-06
36005020400,36005045600,147,2020-07-06
36005023200,36005045600,110,2020-07-06
36005025100,36005045600,171,2020-07-06
36005028300,36005045600,109,2020-07-06
36005028400,36005045600,129,2020-07-06
36005028600,36005045600,133,2020-07-06
36005029600,36005045600,348,2020-07-06
36005030000,36005045600,152,2020-07-06
36005030100,36005045600,269,2020-07-06
36005030200,36005045600,135,2020-07-06
36005031000,36005045600,137,2020-07-06
36005031200,36005045600,128,2020-07-06
36005035600,36005045600,270,2020-07-06
36005036000,36005045600,225,2020-07-06
36005038000,36005045600,300,2020-07-06
36005040400,36005045600,133,2020-07-06
36005041800,36005045600,285,2020-07-06
36005042000,36005045600,130,2020-07-06
36005042100,36005045600,155,2020-07-06
36005042400,36005045600,117,2020-07-06
36005042600,36005045600,436,2020-07-06
36005043600,36005045600,156,2020-07-06
36005045600,36005045600,121,2020-07-06
36005046000,36005045600,122,2020-07-06
36005046201,36005045600,1032,2020-07-06
36005046202,36005045600,487,2020-07-06
36005048400,36005045600,412,2020-07-06
36047001800,36005045600,142,2020-07-06
36047082400,36005045600,222,2020-07-06
36059300600,36005045600,140,2020-07-06
36061005800,36005045600,117,2020-07-06
36061007400,36005045600,288,2020-07-06
36061007600,36005045600,164,2020-07-06
36061007700,36005045600,127,2020-07-06
36061009500,36005045600,133,2020-07-06
36061010400,36005045600,210,2020-07-06
36061011000,36005045600,129,2020-07-06
36061011300,36005045600,188,2020-07-06
36061011401,36005045600,181,2020-07-06
36061011402,36005045600,160,2020-07-06
36061011800,36005045600,113,2020-07-06
36061012400,36005045600,105,2020-07-06
36061012600,36005045600,265,2020-07-06
36061014300,36005045600,164,2020-07-06
36061015500,36005045600,338,2020-07-06
36061015700,36005045600,438,2020-07-06
36061015900,36005045600,143,2020-07-06
36061016100,36005045600,186,2020-07-06
36061016300,36005045600,526,2020-07-06
36061017000,36005045600,324,2020-07-06
36061017300,36005045600,115,2020-07-06
36061017700,36005045600,128,2020-07-06
36061017800,36005045600,157,2020-07-06
36061017900,36005045600,132,2020-07-06
36061018000,36005045600,386,2020-07-06
36061018300,36005045600,120,2020-07-06
36061018700,36005045600,200,2020-07-06
36061019500,36005045600,250,2020-07-06
36061020000,36005045600,121,2020-07-06
36061020500,36005045600,195,2020-07-06
36061021200,36005045600,184,2020-07-06
36061021800,36005045600,192,2020-07-06
36061022200,36005045600,120,2020-07-06
36061023600,36005045600,158,2020-07-06
36061023801,36005045600,190,2020-07-06
36061027300,36005045600,177,2020-07-06
36061029900,36005045600,119,2020-07-06
36079011200,36005045600,114,2020-07-06
36081001900,36005045600,131,2020-07-06
36081009400,36005045600,148,2020-07-06
36081009800,36005045600,128,2020-07-06
36081010600,36005045600,107,2020-07-06
36081030903,36005045600,187,2020-07-06
36081035700,36005045600,140,2020-07-06
36081038302,36005045600,162,2020-07-06
36081099704,36005045600,116,2020-07-06
36081119100,36005045600,196,2020-07-06
36081157903,36005045600,180,2020-07-06
36087010101,36005045600,176,2020-07-06
36087011102,36005045600,127,2020-07-06
36103169704,36005045600,121,2020-07-06
36119000803,36005045600,127,2020-07-06
36119001502,36005045600,114,2020-07-06
36119001503,36005045600,132,2020-07-06
36119002000,36005045600,110,2020-07-06
36119002600,36005045600,2060,2020-07-06
36119003000,36005045600,142,2020-07-06
36119003100,36005045600,244,2020-07-06
36119003300,36005045600,375,2020-07-06
36119004500,36005045600,202,2020-07-06
36119004600,36005045600,124,2020-07-06
36119005001,36005045600,122,2020-07-06
36119005002,36005045600,476,2020-07-06
36119005400,36005045600,312,2020-07-06
36119005500,36005045600,1420,2020-07-06
36119006000,36005045600,279,2020-07-06
36119006802,36005045600,116,2020-07-06
36119007200,36005045600,337,2020-07-06
36119007402,36005045600,114,2020-07-06
36119008500,36005045600,105,2020-07-06
36119008800,36005045600,138,2020-07-06
36119011000,36005045600,175,2020-07-06
34003037202,36005045600,110,2020-07-13
34003054400,36005045600,96,2020-07-13
34013023000,36005045600,359,2020-07-13
34017014600,36005045600,102,2020-07-13
36005000200,36005045600,134,2020-07-13
36005006500,36005045600,109,2020-07-13
36005016400,36005045600,112,2020-07-13
36005016500,36005045600,125,2020-07-13
36005020501,36005045600,145,2020-07-13
36005022000,36005045600,281,2020-07-13
36005022702,36005045600,126,2020-07-13
36005023000,36005045600,162,2020-07-13
36005028400,36005045600,121,2020-07-13
36005028600,36005045600,212,2020-07-13
36005029600,36005045600,262,2020-07-13
36005030200,36005045600,311,2020-07-13
36005031000,36005045600,122,2020-07-13
36005031200,36005045600,265,2020-07-13
36005034800,36005045600,323,2020-07-13
36005035800,36005045600,243,2020-07-13
36005036400,36005045600,101,2020-07-13
36005037504,36005045600,101,2020-07-13
36005038500,36005045600,161,2020-07-13
36005039100,36005045600,158,2020-07-13
36005041800,36005045600,584,2020-07-13
36005042100,36005045600,316,2020-07-13
36005042600,36005045600,695,2020-07-13
36005043100,36005045600,126,2020-07-13
36005043400,36005045600,232,2020-07-13
36005045600,36005045600,622,2020-07-13
36005046000,36005045600,113,2020-07-13
36005046201,36005045600,166,2020-07-13
36005046202,36005045600,979,2020-07-13
36005048400,36005045600,525,2020-07-13
36005050400,36005045600,133,2020-07-13
36047001800,36005045600,124,2020-07-13
36047044700,36005045600,249,2020-07-13
36047044900,36005045600,239,2020-07-13
36047053000,36005045600,262,2020-07-13
36047082400,36005045600,122,2020-07-13
36061003002,36005045600,130,2020-07-13
36061004100,36005045600,101,2020-07-13
36061004900,36005045600,202,2020-07-13
36061005800,36005045600,242,2020-07-13
36061007200,36005045600,109,2020-07-13
36061007700,36005045600,170,2020-07-13
36061008000,36005045600,153,2020-07-13
36061008200,36005045600,153,2020-07-13
36061009900,36005045600,188,2020-07-13
36061010400,36005045600,168,2020-07-13
36061011000,36005045600,404,2020-07-13
36061011100,36005045600,165,2020-07-13
36061011300,36005045600,298,2020-07-13
36061011700,36005045600,194,2020-07-13
36061011900,36005045600,119,2020-07-13
36061012000,36005045600,134,2020-07-13
36061013400,36005045600,290,2020-07-13
36061014300,36005045600,278,2020-07-13
36061014601,36005045600,193,2020-07-13
36061015002,36005045600,127,2020-07-13
36061015100,36005045600,134,2020-07-13
36061015500,36005045600,186,2020-07-13
36061015700,36005045600,256,2020-07-13
36061016200,36005045600,172,2020-07-13
36061016300,36005045600,107,2020-07-13
36061017500,36005045600,108,2020-07-13
36061017900,36005045600,198,2020-07-13
36061018300,36005045600,101,2020-07-13
36061020500,36005045600,155,2020-07-13
36061021900,36005045600,151,2020-07-13
36061023501,36005045600,154,2020-07-13
36061024100,36005045600,108,2020-07-13
36061024302,36005045600,165,2020-07-13
36061027700,36005045600,201,2020-07-13
36081010600,36005045600,240,2020-07-13
36081023600,36005045600,255,2020-07-13
36081027300,36005045600,118,2020-07-13
36081038100,36005045600,148,2020-07-13
36081061301,36005045600,128,2020-07-13
36081062300,36005045600,258,2020-07-13
36081088400,36005045600,134,2020-07-13
36081115900,36005045600,177,2020-07-13
36087011301,36005045600,145,2020-07-13
36087011303,36005045600,373,2020-07-13
36119002105,36005045600,111,2020-07-13
36119002404,36005045600,235,2020-07-13
36119002405,36005045600,127,2020-07-13
36119002600,36005045600,1581,2020-07-13
36119002900,36005045600,295,2020-07-13
36119003100,36005045600,123,2020-07-13
36119003200,36005045600,234,2020-07-13
36119003600,36005045600,101,2020-07-13
36119004800,36005045600,169,2020-07-13
36119005002,36005045600,500,2020-07-13
36119005400,36005045600,619,2020-07-13
36119005500,36005045600,1726,2020-07-13
36119005701,36005045600,113,2020-07-13
36119005800,36005045600,115,2020-07-13
36119006000,36005045600,269,2020-07-13
36119008000,36005045600,124,2020-07-13
36119008301,36005045600,227,2020-07-13
36119008602,36005045600,219,2020-07-13
36119009300,36005045600,126,2020-07-13
36119009400,36005045600,504,2020-07-13
36119009500,36005045600,131,2020-07-13
36119014704,36005045600,109,2020-07-13
34031264102,36005045600,125,2020-07-20
36005002701,36005045600,207,2020-07-20
36005003500,36005045600,120,2020-07-20
36005004300,36005045600,120,2020-07-20
36005006500,36005045600,108,2020-07-20
36005022000,36005045600,260,2020-07-20
36005026602,36005045600,117,2020-07-20
36005033000,36005045600,154,2020-07-20
36005033400,36005045600,320,2020-07-20
36005034800,36005045600,178,2020-07-20
36005035000,36005045600,123,2020-07-20
36005035800,36005045600,282,2020-07-20
36005036000,36005045600,127,2020-07-20
36005036800,36005045600,235,2020-07-20
36005037800,36005045600,120,2020-07-20
36005038600,36005045600,400,2020-07-20
36005040600,36005045600,136,2020-07-20
36005041800,36005045600,369,2020-07-20
36005042100,36005045600,122,2020-07-20
36005042200,36005045600,287,2020-07-20
36005042600,36005045600,387,2020-07-20
36005042800,36005045600,193,2020-07-20
36005043400,36005045600,123,2020-07-20
36005045102,36005045600,115,2020-07-20
36005045600,36005045600,504,2020-07-20
36005046201,36005045600,529,2020-07-20
36005046202,36005045600,472,2020-07-20
36005048400,36005045600,1064,2020-07-20
36005050400,36005045600,161,2020-07-20
36047001800,36005045600,100,2020-07-20
36047005300,36005045600,200,2020-07-20
36047031300,36005045600,106,2020-07-20
36047034900,36005045600,158,2020-07-20
36047035300,36005045600,147,2020-07-20
36061003100,36005045600,581,2020-07-20
36061005600,36005045600,319,2020-07-20
36061006600,36005045600,116,2020-07-20
36061006700,36005045600,112,2020-07-20
36061007400,36005045600,379,2020-07-20
36061009500,36005045600,116,2020-07-20
36061009600,36005045600,156,2020-07-20
36061010100,36005045600,147,2020-07-20
36061010200,36005045600,100,2020-07-20
36061010800,36005045600,104,2020-07-20
36061011202,36005045600,132,2020-07-20
36061011500,36005045600,132,2020-07-20
36061011600,36005045600,724,2020-07-20
36061012400,36005045600,367,2020-07-20
36061012800,36005045600,140,2020-07-20
36061013000,36005045600,100,2020-07-20
36061013700,36005045600,155,2020-07-20
36061014500,36005045600,138,2020-07-20
36061014900,36005045600,133,2020-07-20
36061015300,36005045600,210,2020-07-20
36061015700,36005045600,100,2020-07-20
36061016100,36005045600,137,2020-07-20
36061016300,36005045600,270,2020-07-20
36061016500,36005045600,133,2020-07-20
36061016700,36005045600,286,2020-07-20
36061017100,36005045600,271,2020-07-20
36061017200,36005045600,129,2020-07-20
36061017700,36005045600,268,2020-07-20
36061018300,36005045600,308,2020-07-20
36061018400,36005045600,168,2020-07-20
36061019900,36005045600,130,2020-07-20
36061020000,36005045600,117,2020-07-20
36061022200,36005045600,532,2020-07-20
36061024200,36005045600,120,2020-07-20
36061024500,36005045600,128,2020-07-20
36081009400,36005045600,106,2020-07-20
36081010000,36005045600,106,2020-07-20
36081015801,36005045600,112,2020-07-20
36103169800,36005045600,154,2020-07-20
36103200902,36005045600,125,2020-07-20
36119000600,36005045600,216,2020-07-20
36119001301,36005045600,150,2020-07-20
36119001403,36005045600,158,2020-07-20
36119002600,36005045600,1831,2020-07-20
36119003200,36005045600,163,2020-07-20
36119003300,36005045600,233,2020-07-20
36119003400,36005045600,121,2020-07-20
36119003800,36005045600,103,2020-07-20
36119004100,36005045600,267,2020-07-20
36119004200,36005045600,158,2020-07-20
36119005500,36005045600,1882,2020-07-20
36119006000,36005045600,239,2020-07-20
36119006100,36005045600,159,2020-07-20
36119008500,36005045600,120,2020-07-20
36119008602,36005045600,337,2020-07-20
36119008800,36005045600,160,2020-07-20
36119009300,36005045600,100,2020-07-20
36119009400,36005045600,185,2020-07-20
36119010803,36005045600,109,2020-07-20
36119013000,36005045600,214,2020-07-20
36119981000,36005045600,143,2020-07-20
34003006300,36005045600,225,2020-07-27
34017007700,36005045600,206,2020-07-27
34025808600,36005045600,80,2020-07-27
36005006700,36005045600,159,2020-07-27
36005008300,36005045600,169,2020-07-27
36005009000,36005045600,132,2020-07-27
36005009600,36005045600,115,2020-07-27
36005011700,36005045600,153,2020-07-27
36005014100,36005045600,177,2020-07-27
36005016100,36005045600,141,2020-07-27
36005022000,36005045600,244,2020-07-27
36005026300,36005045600,210,2020-07-27
36005026602,36005045600,93,2020-07-27
36005028400,36005045600,481,2020-07-27
36005030200,36005045600,335,2020-07-27
36005031000,36005045600,126,2020-07-27
36005032600,36005045600,140,2020-07-27
36005033400,36005045600,198,2020-07-27
36005034300,36005045600,160,2020-07-27
36005034800,36005045600,181,2020-07-27
36005035600,36005045600,308,2020-07-27
36005035800,36005045600,266,2020-07-27
36005036000,36005045600,156,2020-07-27
36005037900,36005045600,122,2020-07-27
36005038100,36005045600,128,2020-07-27
36005038200,36005045600,122,2020-07-27
36005038600,36005045600,284,2020-07-27
36005038800,36005045600,233,2020-07-27
36005039400,36005045600,235,2020-07-27
36005040600,36005045600,113,2020-07-27
36005041800,36005045600,104,2020-07-27
36005042100,36005045600,170,2020-07-27
36005042200,36005045600,122,2020-07-27
36005042600,36005045600,976,2020-07-27
36005042800,36005045600,128,2020-07-27
36005043400,36005045600,358,2020-07-27
36005044901,36005045600,113,2020-07-27
36005045600,36005045600,184,2020-07-27
36005046201,36005045600,1099,2020-07-27
36005046202,36005045600,465,2020-07-27
36005048400,36005045600,686,2020-07-27
36005050400,36005045600,124,2020-07-27
36047035100,36005045600,113,2020-07-27
36047035300,36005045600,140,2020-07-27
36047040500,36005045600,103,2020-07-27
36047042700,36005045600,93,2020-07-27
36047048500,36005045600,154,2020-07-27
36047055500,36005045600,111,2020-07-27
36047082400,36005045600,112,2020-07-27
36047110400,36005045600,145,2020-07-27
36047119000,36005045600,163,2020-07-27
36059409600,36005045600,167,2020-07-27
36059411301,36005045600,93,2020-07-27
36059416401,36005045600,108,2020-07-27
36061003100,36005045600,275,2020-07-27
36061005000,36005045600,110,2020-07-27
36061005800,36005045600,109,2020-07-27
36061006100,36005045600,103,2020-07-27
36061006300,36005045600,97,2020-07-27
36061007400,36005045600,258,2020-07-27
36061009400,36005045600,169,2020-07-27
36061009900,36005045600,234,2020-07-27
36061011000,36005045600,145,2020-07-27
36061013400,36005045600,151,2020-07-27
36061015002,36005045600,127,2020-07-27
36061015300,36005045600,330,2020-07-27
36061015700,36005045600,113,2020-07-27
36061016300,36005045600,407,2020-07-27
36061017100,36005045600,159,2020-07-27
36061017200,36005045600,273,2020-07-27
36061017300,36005045600,271,2020-07-27
36061017500,36005045600,187,2020-07-27
36061017900,36005045600,248,2020-07-27
36061018300,36005045600,224,2020-07-27
36061018800,36005045600,142,2020-07-27
36061018900,36005045600,119,2020-07-27
36061019100,36005045600,93,2020-07-27
36061020500,36005045600,152,2020-07-27
36061021303,36005045600,221,2020-07-27
36061024301,36005045600,135,2020-07-27
36061026900,36005045600,133,2020-07-27
36061027700,36005045600,187,2020-07-27
36061029500,36005045600,99,2020-07-27
36061029700,36005045600,160,2020-07-27
36081012000,36005045600,128,2020-07-27
36081015802,36005045600,117,2020-07-27
36087011602,36005045600,109,2020-07-27
36103170101,36005045600,105,2020-07-27
36103200901,36005045600,93,2020-07-27
36103201004,36005045600,440,2020-07-27
36119000101,36005045600,218,2020-07-27
36119002000,36005045600,376,2020-07-27
36119002105,36005045600,122,2020-07-27
36119002202,36005045600,167,2020-07-27
36119002600,36005045600,449,2020-07-27
36119003100,36005045600,106,2020-07-27
36119003400,36005045600,106,2020-07-27
36119004800,36005045600,160,2020-07-27
36119005002,36005045600,104,2020-07-27
36119005400,36005045600,459,2020-07-27
36119005500,36005045600,1165,2020-07-27
36119007000,36005045600,102,2020-07-27
36119007200,36005045600,114,2020-07-27
36119007800,36005045600,127,2020-07-27
36119010701,36005045600,111,2020-07-27
36119014607,36005045600,201,2020-07-27
36119981000,36005045600,164,2020-07-27
34003023100,36005045600,126,2020-08-03
34017007700,36005045600,88,2020-08-03
34027041706,36005045600,168,2020-08-03
36005007100,36005045600,115,2020-08-03
36005008300,36005045600,178,2020-08-03
36005009000,36005045600,122,2020-08-03
36005009200,36005045600,252,2020-08-03
36005009800,36005045600,190,2020-08-03
36005013500,36005045600,96,2020-08-03
36005022800,36005045600,211,2020-08-03
36005028600,36005045600,117,2020-08-03
36005029600,36005045600,138,2020-08-03
36005030100,36005045600,220,2020-08-03
36005030200,36005045600,118,2020-08-03
36005032600,36005045600,116,2020-08-03
36005033400,36005045600,290,2020-08-03
36005033800,36005045600,126,2020-08-03
36005034800,36005045600,545,2020-08-03
36005037504,36005045600,140,2020-08-03
36005038000,36005045600,131,2020-08-03
36005038200,36005045600,152,2020-08-03
36005038600,36005045600,522,2020-08-03
36005039400,36005045600,121,2020-08-03
36005039600,36005045600,137,2020-08-03
36005041400,36005045600,175,2020-08-03
36005041800,36005045600,281,2020-08-03
36005042000,36005045600,112,2020-08-03
36005042100,36005045600,122,2020-08-03
36005042200,36005045600,251,2020-08-03
36005042600,36005045600,1065,2020-08-03
36005043000,36005045600,164,2020-08-03
36005043400,36005045600,387,2020-08-03
36005044901,36005045600,125,2020-08-03
36005045600,36005045600,631,2020-08-03
36005046000,36005045600,136,2020-08-03
36005046201,36005045600,1079,2020-08-03
36005046202,36005045600,610,2020-08-03
36005048400,36005045600,824,2020-08-03
36005050400,36005045600,277,2020-08-03
36047107000,36005045600,163,2020-08-03
36061003300,36005045600,140,2020-08-03
36061005400,36005045600,364,2020-08-03
36061005800,36005045600,119,2020-08-03
36061005900,36005045600,126,2020-08-03
36061007400,36005045600,453,2020-08-03
36061009200,36005045600,96,2020-08-03
36061009400,36005045600,118,2020-08-03
36061009500,36005045600,102,2020-08-03
36061009800,36005045600,144,2020-08-03
36061010300,36005045600,144,2020-08-03
36061010400,36005045600,141,2020-08-03
36061011202,36005045600,114,2020-08-03
36061011300,36005045600,111,2020-08-03
36061013100,36005045600,107,2020-08-03
36061014602,36005045600,111,2020-08-03
36061014802,36005045600,126,2020-08-03
36061014900,36005045600,162,2020-08-03
36061015100,36005045600,222,2020-08-03
36061015300,36005045600,294,2020-08-03
36061015700,36005045600,132,2020-08-03
36061015802,36005045600,117,2020-08-03
36061016100,36005045600,110,2020-08-03
36061016300,36005045600,240,2020-08-03
36061016700,36005045600,96,2020-08-03
36061016900,36005045600,193,2020-08-03
36061017100,36005045600,124,2020-08-03
36061017500,36005045600,156,2020-08-03
36061017700,36005045600,162,2020-08-03
36061018400,36005045600,145,2020-08-03
36061018900,36005045600,145,2020-08-03
36061019500,36005045600,137,2020-08-03
36061022000,36005045600,100,2020-08-03
36061022200,36005045600,355,2020-08-03
36061022302,36005045600,157,2020-08-03
36061023501,36005045600,164,2020-08-03
36081010000,36005045600,231,2020-08-03
36081025900,36005045600,118,2020-08-03
36081068700,36005045600,173,2020-08-03
36081115900,36005045600,118,2020-08-03
36087011102,36005045600,128,2020-08-03
36119000101,36005045600,382,2020-08-03
36119000300,36005045600,129,2020-08-03
36119001502,36005045600,176,2020-08-03
36119002000,36005045600,271,2020-08-03
36119002106,36005045600,136,2020-08-03
36119002404,36005045600,339,2020-08-03
36119002600,36005045600,1346,2020-08-03
36119002900,36005045600,150,2020-08-03
36119003100,36005045600,112,2020-08-03
36119003600,36005045600,111,2020-08-03
36119003800,36005045600,163,2020-08-03
36119004000,36005045600,301,2020-08-03
36119005002,36005045600,363,2020-08-03
36119005400,36005045600,181,2020-08-03
36119005500,36005045600,1602,2020-08-03
36119005701,36005045600,225,2020-08-03
36119006100,36005045600,104,2020-08-03
36119006500,36005045600,201,2020-08-03
36119007200,36005045600,100,2020-08-03
36119007300,36005045600,129,2020-08-03
36119008602,36005045600,183,2020-08-03
36119008800,36005045600,162,2020-08-03
36119009300,36005045600,125,2020-08-03
36119011200,36005045600,193,2020-08-03
34003017100,36005045600,127,2020-08-10
34003041301,36005045600,98,2020-08-10
36005004400,36005045600,119,2020-08-10
36005009000,36005045600,136,2020-08-10
36005020200,36005045600,130,2020-08-10
36005022000,36005045600,133,2020-08-10
36005026400,36005045600,149,2020-08-10
36005026602,36005045600,233,2020-08-10
36005028300,36005045600,107,2020-08-10
36005028400,36005045600,212,2020-08-10
36005029600,36005045600,103,2020-08-10
36005030200,36005045600,303,2020-08-10
36005031000,36005045600,107,2020-08-10
36005033000,36005045600,132,2020-08-10
36005033400,36005045600,372,2020-08-10
36005034800,36005045600,438,2020-08-10
36005035800,36005045600,271,2020-08-10
36005038000,36005045600,151,2020-08-10
36005038500,36005045600,144,2020-08-10
36005038600,36005045600,154,2020-08-10
36005038700,36005045600,107,2020-08-10
36005038900,36005045600,130,2020-08-10
36005039300,36005045600,144,2020-08-10
36005039600,36005045600,329,2020-08-10
36005041400,36005045600,237,2020-08-10
36005041800,36005045600,207,2020-08-10
36005042100,36005045600,130,2020-08-10
36005042600,36005045600,666,2020-08-10
36005043400,36005045600,463,2020-08-10
36005044901,36005045600,113,2020-08-10
36005045600,36005045600,503,2020-08-10
36005046201,36005045600,454,2020-08-10
36005046202,36005045600,110,2020-08-10
36005048400,36005045600,516,2020-08-10
36005051600,36005045600,104,2020-08-10
36047035300,36005045600,125,2020-08-10
36047060600,36005045600,111,2020-08-10
36059300800,36005045600,104,2020-08-10
36061000700,36005045600,139,2020-08-10
36061001502,36005045600,143,2020-08-10
36061002100,36005045600,130,2020-08-10
36061003300,36005045600,399,2020-08-10
36061005800,36005045600,141,2020-08-10
36061007400,36005045600,245,2020-08-10
36061008100,36005045600,111,2020-08-10
36061011000,36005045600,139,2020-08-10
36061012000,36005045600,99,2020-08-10
36061012400,36005045600,131,2020-08-10
36061013700,36005045600,115,2020-08-10
36061015002,36005045600,166,2020-08-10
36061015900,36005045600,127,2020-08-10
36061016900,36005045600,147,2020-08-10
36061017000,36005045600,270,2020-08-10
36061017100,36005045600,105,2020-08-10
36061017800,36005045600,142,2020-08-10
36061018300,36005045600,109,2020-08-10
36061019100,36005045600,169,2020-08-10
36061020000,36005045600,119,2020-08-10
36061020102,36005045600,141,2020-08-10
36061020500,36005045600,300,2020-08-10
36061021303,36005045600,318,2020-08-10
36061022200,36005045600,104,2020-08-10
36061025900,36005045600,141,2020-08-10
36081017800,36005045600,155,2020-08-10
36081024900,36005045600,98,2020-08-10
36081071600,36005045600,166,2020-08-10
36081077300,36005045600,156,2020-08-10
36119001502,36005045600,99,2020-08-10
36119002404,36005045600,99,2020-08-10
36119002600,36005045600,634,2020-08-10
36119003000,36005045600,244,2020-08-10
36119003100,36005045600,204,2020-08-10
36119003400,36005045600,190,2020-08-10
36119003600,36005045600,183,2020-08-10
36119004200,36005045600,193,2020-08-10
36119004300,36005045600,243,2020-08-10
36119005002,36005045600,103,2020-08-10
36119005100,36005045600,96,2020-08-10
36119005300,36005045600,134,2020-08-10
36119005400,36005045600,151,2020-08-10
36119005500,36005045600,652,2020-08-10
36119005901,36005045600,94,2020-08-10
36119006100,36005045600,123,2020-08-10
36119006802,36005045600,114,2020-08-10
36119006900,36005045600,218,2020-08-10
36119007200,36005045600,339,2020-08-10
36119008500,36005045600,248,2020-08-10
36119008602,36005045600,106,2020-08-10
36119009300,36005045600,210,2020-08-10
36119010100,36005045600,98,2020-08-10
36119013103,36005045600,305,2020-08-10
34017016200,36005045600,126,2020-08-17
34031124402,36005045600,121,2020-08-17
34031264102,36005045600,198,2020-08-17
36005006500,36005045600,100,2020-08-17
36005009200,36005045600,145,2020-08-17
36005009600,36005045600,114,2020-08-17
36005012300,36005045600,124,2020-08-17
36005020601,36005045600,107,2020-08-17
36005024000,36005045600,118,2020-08-17
36005026701,36005045600,112,2020-08-17
36005029600,36005045600,116,2020-08-17
36005030100,36005045600,224,2020-08-17
36005031000,36005045600,127,2020-08-17
36005032600,36005045600,112,2020-08-17
36005033000,36005045600,141,2020-08-17
36005033400,36005045600,135,2020-08-17
36005034200,36005045600,106,2020-08-17
36005035000,36005045600,104,2020-08-17
36005039000,36005045600,147,2020-08-17
36005039100,36005045600,103,2020-08-17
36005040701,36005045600,137,2020-08-17
36005041400,36005045600,122,2020-08-17
36005041800,36005045600,114,2020-08-17
36005042100,36005045600,345,2020-08-17
36005042600,36005045600,1060,2020-08-17
36005044901,36005045600,115,2020-08-17
36005045600,36005045600,797,2020-08-17
36005046201,36005045600,1821,2020-08-17
36005046202,36005045600,221,2020-08-17
36005048400,36005045600,1477,2020-08-17
36005050400,36005045600,120,2020-08-17
36047005300,36005045600,116,2020-08-17
36047051700,36005045600,98,2020-08-17
36061002201,36005045600,143,2020-08-17
36061003300,36005045600,431,2020-08-17
36061005502,36005045600,176,2020-08-17
36061005600,36005045600,109,2020-08-17
36061005800,36005045600,104,2020-08-17
36061006100,36005045600,106,2020-08-17
36061007400,36005045600,564,2020-08-17
36061009200,36005045600,139,2020-08-17
36061009700,36005045600,205,2020-08-17
36061010400,36005045600,121,2020-08-17
36061010900,36005045600,128,2020-08-17
36061012400,36005045600,438,2020-08-17
36061013400,36005045600,124,2020-08-17
36061014900,36005045600,180,2020-08-17
36061015300,36005045600,120,2020-08-17
36061015700,36005045600,111,2020-08-17
36061016300,36005045600,235,2020-08-17
36061016500,36005045600,91,2020-08-17
36061016700,36005045600,101,2020-08-17
36061016900,36005045600,214,2020-08-17
36061017000,36005045600,133,2020-08-17
36061019100,36005045600,334,2020-08-17
36061019500,36005045600,134,2020-08-17
36061019600,36005045600,168,2020-08-17
36061020000,36005045600,114,2020-08-17
36061020500,36005045600,300,2020-08-17
36061021100,36005045600,138,2020-08-17
36061021800,36005045600,176,2020-08-17
36061022000,36005045600,154,2020-08-17
36061022200,36005045600,318,2020-08-17
36061024500,36005045600,239,2020-08-17
36061025100,36005045600,134,2020-08-17
36061025900,36005045600,120,2020-08-17
36061027700,36005045600,195,2020-08-17
36061028700,36005045600,184,2020-08-17
36081002800,36005045600,132,2020-08-17
36081003700,36005045600,166,2020-08-17
36081024900,36005045600,106,2020-08-17
36081071600,36005045600,110,2020-08-17
36081077300,36005045600,161,2020-08-17
36081085300,36005045600,105,2020-08-17
36081087100,36005045600,91,2020-08-17
36081109300,36005045600,177,2020-08-17
36103147503,36005045600,146,2020-08-17
36119000300,36005045600,214,2020-08-17
36119001505,36005045600,115,2020-08-17
36119002000,36005045600,96,2020-08-17
36119002600,36005045600,407,2020-08-17
36119002700,36005045600,167,2020-08-17
36119003000,36005045600,247,2020-08-17
36119003100,36005045600,197,2020-08-17
36119003300,36005045600,205,2020-08-17
36119003600,36005045600,187,2020-08-17
36119003800,36005045600,204,2020-08-17
36119005300,36005045600,122,2020-08-17
36119005500,36005045600,1727,2020-08-17
36119005701,36005045600,366,2020-08-17
36119006000,36005045600,339,2020-08-17
36119007800,36005045600,132,2020-08-17
36119010701,36005045600,485,2020-08-17
36119011102,36005045600,164,2020-08-17
34039033500,36005045600,217,2020-08-24
36005000200,36005045600,138,2020-08-24
36005005002,36005045600,118,2020-08-24
36005006500,36005045600,120,2020-08-24
36005009000,36005045600,134,2020-08-24
36005009200,36005045600,108,2020-08-24
36005014300,36005045600,151,2020-08-24
36005020000,36005045600,243,2020-08-24
36005023900,36005045600,117,2020-08-24
36005024700,36005045600,134,2020-08-24
36005028300,36005045600,153,2020-08-24
36005029500,36005045600,123,2020-08-24
36005031000,36005045600,297,2020-08-24
36005034800,36005045600,144,2020-08-24
36005035800,36005045600,285,2020-08-24
36005036000,36005045600,328,2020-08-24
36005037504,36005045600,293,2020-08-24
36005038900,36005045600,138,2020-08-24
36005039400,36005045600,114,2020-08-24
36005039600,36005045600,191,2020-08-24
36005039800,36005045600,166,2020-08-24
36005040302,36005045600,120,2020-08-24
36005041800,36005045600,273,2020-08-24
36005042100,36005045600,323,2020-08-24
36005042600,36005045600,1031,2020-08-24
36005042800,36005045600,129,2020-08-24
36005043100,36005045600,119,2020-08-24
36005043400,36005045600,116,2020-08-24
36005045600,36005045600,576,2020-08-24
36005045800,36005045600,187,2020-08-24
36005046201,36005045600,2054,2020-08-24
36005046202,36005045600,903,2020-08-24
36005048400,36005045600,966,2020-08-24
36005050400,36005045600,447,2020-08-24
36047003500,36005045600,295,2020-08-24
36047035100,36005045600,128,2020-08-24
36047082400,36005045600,226,2020-08-24
36059416801,36005045600,128,2020-08-24
36059522000,36005045600,114,2020-08-24
36061005800,36005045600,120,2020-08-24
36061010200,36005045600,118,2020-08-24
36061011402,36005045600,121,2020-08-24
36061012600,36005045600,336,2020-08-24
36061013400,36005045600,127,2020-08-24
36061015300,36005045600,302,2020-08-24
36061016100,36005045600,289,2020-08-24
36061016300,36005045600,151,2020-08-24
36061016900,36005045600,144,2020-08-24
36061017000,36005045600,284,2020-08-24
36061017200,36005045600,120,2020-08-24
36061018700,36005045600,118,2020-08-24
36061019800,36005045600,186,2020-08-24
36079011800,36005045600,218,2020-08-24
36081008800,36005045600,218,2020-08-24
36081010000,36005045600,123,2020-08-24
36081015802,36005045600,100,2020-08-24
36081024000,36005045600,141,2020-08-24
36081045500,36005045600,184,2020-08-24
36081071100,36005045600,270,2020-08-24
36119000101,36005045600,235,2020-08-24
36119001301,36005045600,315,2020-08-24
36119001502,36005045600,136,2020-08-24
36119001503,36005045600,136,2020-08-24
36119002000,36005045600,102,2020-08-24
36119002105,36005045600,387,2020-08-24
36119002404,36005045600,110,2020-08-24
36119002600,36005045600,1097,2020-08-24
36119003100,36005045600,513,2020-08-24
36119003300,36005045600,113,2020-08-24
36119003400,36005045600,246,2020-08-24
36119003600,36005045600,284,2020-08-24
36119005002,36005045600,514,2020-08-24
36119005500,36005045600,1226,2020-08-24
36119005701,36005045600,246,2020-08-24
36119006000,36005045600,302,2020-08-24
36119006100,36005045600,331,2020-08-24
36119008000,36005045600,120,2020-08-24
36119010701,36005045600,283,2020-08-24
36119011000,36005045600,228,2020-08-24
36119012200,36005045600,123,2020-08-24
34003032103,36005045600,116,2020-08-31
34017014600,36005045600,207,2020-08-31
36005004200,36005045600,138,2020-08-31
36005006500,36005045600,106,2020-08-31
36005006700,36005045600,150,2020-08-31
36005007100,36005045600,159,2020-08-31
36005009000,36005045600,124,2020-08-31
36005009200,36005045600,228,2020-08-31
36005021100,36005045600,203,2020-08-31
36005022000,36005045600,273,2020-08-31
36005022200,36005045600,188,2020-08-31
36005026602,36005045600,91,2020-08-31
36005026701,36005045600,133,2020-08-31
36005028300,36005045600,210,2020-08-31
36005030000,36005045600,140,2020-08-31
36005030200,36005045600,103,2020-08-31
36005031000,36005045600,105,2020-08-31
36005033202,36005045600,193,2020-08-31
36005033400,36005045600,124,2020-08-31
36005034200,36005045600,141,2020-08-31
36005035000,36005045600,110,2020-08-31
36005035600,36005045600,132,2020-08-31
36005036000,36005045600,196,2020-08-31
36005037600,36005045600,169,2020-08-31
36005038600,36005045600,99,2020-08-31
36005038700,36005045600,330,2020-08-31
36005039400,36005045600,119,2020-08-31
36005041800,36005045600,100,2020-08-31
36005041900,36005045600,130,2020-08-31
36005042600,36005045600,542,2020-08-31
36005042800,36005045600,248,2020-08-31
36005043100,36005045600,143,2020-08-31
36005043400,36005045600,163,2020-08-31
36005044901,36005045600,105,2020-08-31
36005045101,36005045600,195,2020-08-31
36005045600,36005045600,431,2020-08-31
36005046000,36005045600,302,2020-08-31
36005046201,36005045600,670,2020-08-31
36005046202,36005045600,212,2020-08-31
36005048400,36005045600,1195,2020-08-31
36005050400,36005045600,426,2020-08-31
36005051600,36005045600,121,2020-08-31
36047035100,36005045600,122,2020-08-31
36047035300,36005045600,177,2020-08-31
36047049900,36005045600,99,2020-08-31
36047082400,36005045600,112,2020-08-31
36061004900,36005045600,91,2020-08-31
36061007600,36005045600,111,2020-08-31
36061008200,36005045600,121,2020-08-31
36061009500,36005045600,134,2020-08-31
36061010800,36005045600,111,2020-08-31
36061011000,36005045600,91,2020-08-31
36061011100,36005045600,101,2020-08-31
36061011202,36005045600,268,2020-08-31
36061011401,36005045600,91,2020-08-31
36061012200,36005045600,91,2020-08-31
36061013000,36005045600,97,2020-08-31
36061014602,36005045600,91,2020-08-31
36061015300,36005045600,106,2020-08-31
36061015601,36005045600,148,2020-08-31
36061015700,36005045600,129,2020-08-31
36061016001,36005045600,241,2020-08-31
36061016100,36005045600,257,2020-08-31
36061016200,36005045600,118,2020-08-31
36061016300,36005045600,551,2020-08-31
36061016700,36005045600,137,2020-08-31
36061016900,36005045600,533,2020-08-31
36061017000,36005045600,103,2020-08-31
36061017100,36005045600,243,2020-08-31
36061017200,36005045600,114,2020-08-31
36061017800,36005045600,113,2020-08-31
36061018700,36005045600,116,2020-08-31
36061019000,36005045600,102,2020-08-31
36061019500,36005045600,256,2020-08-31
36061020500,36005045600,337,2020-08-31
36061021100,36005045600,131,2020-08-31
36061022200,36005045600,220,2020-08-31
36061023200,36005045600,99,2020-08-31
36061023501,36005045600,121,2020-08-31
36061023502,36005045600,98,2020-08-31
36061027300,36005045600,94,2020-08-31
36079011800,36005045600,152,2020-08-31
36081010000,36005045600,103,2020-08-31
36081017900,36005045600,109,2020-08-31
36081087100,36005045600,97,2020-08-31
36087011102,36005045600,150,2020-08-31
36119000101,36005045600,195,2020-08-31
36119000103,36005045600,117,2020-08-31
36119000900,36005045600,105,2020-08-31
36119002105,36005045600,97,2020-08-31
36119002600,36005045600,718,2020-08-31
36119002900,36005045600,134,2020-08-31
36119003000,36005045600,324,2020-08-31
36119003100,36005045600,111,2020-08-31
36119003300,36005045600,211,2020-08-31
36119003400,36005045600,97,2020-08-31
36119003500,36005045600,118,2020-08-31
36119005002,36005045600,124,2020-08-31
36119005500,36005045600,1869,2020-08-31
36119005701,36005045600,459,2020-08-31
36119006000,36005045600,683,2020-08-31
36119008000,36005045600,107,2020-08-31
36119008602,36005045600,121,2020-08-31
36119009400,36005045600,103,2020-08-31
36119009702,36005045600,127,2020-08-31
36119010500,36005045600,236,2020-08-31
36119010903,36005045600,97,2020-08-31
36119011000,36005045600,137,2020-08-31
36119014805,36005045600,100,2020-08-31
36119981000,36005045600,134,2020-08-31
34003032103,36005045600,430,2020-09-07
34031124700,36005045600,88,2020-09-07
36005009300,36005045600,164,2020-09-07
36005022000,36005045600,266,2020-09-07
36005026701,36005045600,91,2020-09-07
36005026900,36005045600,130,2020-09-07
36005029600,36005045600,181,2020-09-07
36005030100,36005045600,249,2020-09-07
36005030200,36005045600,139,2020-09-07
36005033400,36005045600,295,2020-09-07
36005035600,36005045600,91,2020-09-07
36005035800,36005045600,265,2020-09-07
36005037504,36005045600,170,2020-09-07
36005038600,36005045600,405,2020-09-07
36005038900,36005045600,128,2020-09-07
36005039100,36005045600,135,2020-09-07
36005040302,36005045600,112,2020-09-07
36005040303,36005045600,185,2020-09-07
36005041800,36005045600,131,2020-09-07
36005042100,36005045600,200,2020-09-07
36005042200,36005045600,101,2020-09-07
36005042400,36005045600,128,2020-09-07
36005042600,36005045600,626,2020-09-07
36005042800,36005045600,114,2020-09-07
36005043100,36005045600,133,2020-09-07
36005043400,36005045600,194,2020-09-07
36005043500,36005045600,140,2020-09-07
36005044901,36005045600,98,2020-09-07
36005045600,36005045600,210,2020-09-07
36005046201,36005045600,1340,2020-09-07
36005046202,36005045600,398,2020-09-07
36005048400,36005045600,771,2020-09-07
36005050400,36005045600,570,2020-09-07
36005051600,36005045600,125,2020-09-07
36047036700,36005045600,119,2020-09-07
36047054300,36005045600,132,2020-09-07
36061001300,36005045600,102,2020-09-07
36061004900,36005045600,91,2020-09-07
36061005501,36005045600,129,2020-09-07
36061005800,36005045600,124,2020-09-07
36061007400,36005045600,229,2020-09-07
36061009500,36005045600,113,2020-09-07
36061009900,36005045600,153,2020-09-07
36061010400,36005045600,91,2020-09-07
36061012600,36005045600,150,2020-09-07
36061012900,36005045600,111,2020-09-07
36061015002,36005045600,117,2020-09-07
36061015300,36005045600,258,2020-09-07
36061015700,36005045600,113,2020-09-07
36061015900,36005045600,102,2020-09-07
36061016300,36005045600,479,2020-09-07
36061016900,36005045600,91,2020-09-07
36061017000,36005045600,247,2020-09-07
36061017500,36005045600,330,2020-09-07
36061017700,36005045600,91,2020-09-07
36061017800,36005045600,185,2020-09-07
36061020800,36005045600,113,2020-09-07
36061021303,36005045600,301,2020-09-07
36061022000,36005045600,147,2020-09-07
36061022200,36005045600,113,2020-09-07
36061022800,36005045600,112,2020-09-07
36061029300,36005045600,97,2020-09-07
36081024500,36005045600,104,2020-09-07
36081027300,36005045600,139,2020-09-07
36081028500,36005045600,91,2020-09-07
36081040100,36005045600,124,2020-09-07
36119000101,36005045600,186,2020-09-07
36119001503,36005045600,123,2020-09-07
36119002105,36005045600,109,2020-09-07
36119002404,36005045600,329,2020-09-07
36119002600,36005045600,1799,2020-09-07
36119003100,36005045600,168,2020-09-07
36119003600,36005045600,360,2020-09-07
36119004000,36005045600,134,2020-09-07
36119005300,36005045600,122,2020-09-07
36119005400,36005045600,351,2020-09-07
36119005500,36005045600,1271,2020-09-07
36119005701,36005045600,227,2020-09-07
36119005800,36005045600,100,2020-09-07
36119005901,36005045600,199,2020-09-07
36119006000,36005045600,344,2020-09-07
36119006100,36005045600,233,2020-09-07
36119006802,36005045600,145,2020-09-07
36119006900,36005045600,100,2020-09-07
36119007500,36005045600,257,2020-09-07
36119010400,36005045600,140,2020-09-07
36119010500,36005045600,238,2020-09-07
36119010803,36005045600,114,2020-09-07
36119011000,36005045600,160,2020-09-07
34039039800,36005045600,192,2020-09-14
36005004800,36005045600,137,2020-09-14
36005007100,36005045600,125,2020-09-14
36005009000,36005045600,245,2020-09-14
36005012500,36005045600,102,2020-09-14
36005014500,36005045600,131,2020-09-14
36005016600,36005045600,120,2020-09-14
36005022902,36005045600,136,2020-09-14
36005028400,36005045600,133,2020-09-14
36005030200,36005045600,333,2020-09-14
36005035600,36005045600,322,2020-09-14
36005035800,36005045600,520,2020-09-14
36005036000,36005045600,194,2020-09-14
36005036400,36005045600,96,2020-09-14
36005037100,36005045600,205,2020-09-14
36005037504,36005045600,151,2020-09-14
36005037800,36005045600,175,2020-09-14
36005038000,36005045600,155,2020-09-14
36005038200,36005045600,174,2020-09-14
36005038600,36005045600,101,2020-09-14
36005040302,36005045600,252,2020-09-14
36005040600,36005045600,108,2020-09-14
36005040702,36005045600,155,2020-09-14
36005040800,36005045600,160,2020-09-14
36005041400,36005045600,198,2020-09-14
36005041800,36005045600,323,2020-09-14
36005041900,36005045600,140,2020-09-14
36005042600,36005045600,338,2020-09-14
36005042800,36005045600,169,2020-09-14
36005043100,36005045600,125,2020-09-14
36005043400,36005045600,115,2020-09-14
36005044400,36005045600,178,2020-09-14
36005044901,36005045600,108,2020-09-14
36005045600,36005045600,753,2020-09-14
36005046000,36005045600,233,2020-09-14
36005046201,36005045600,1643,2020-09-14
36005046202,36005045600,372,2020-09-14
36005048400,36005045600,552,2020-09-14
36005050400,36005045600,128,2020-09-14
36047016700,36005045600,315,2020-09-14
36047048400,36005045600,121,2020-09-14
36059412301,36005045600,97,2020-09-14
36061001002,36005045600,135,2020-09-14
36061005600,36005045600,106,2020-09-14
36061005800,36005045600,440,2020-09-14
36061007400,36005045600,140,2020-09-14
36061009200,36005045600,145,2020-09-14
36061009900,36005045600,162,2020-09-14
36061010300,36005045600,282,2020-09-14
36061010400,36005045600,148,2020-09-14
36061010900,36005045600,275,2020-09-14
36061011202,36005045600,405,2020-09-14
36061012200,36005045600,131,2020-09-14
36061012500,36005045600,93,2020-09-14
36061013000,36005045600,136,2020-09-14
36061013400,36005045600,231,2020-09-14
36061014900,36005045600,145,2020-09-14
36061015002,36005045600,118,2020-09-14
36061015500,36005045600,133,2020-09-14
36061015700,36005045600,119,2020-09-14
36061016300,36005045600,414,2020-09-14
36061016400,36005045600,127,2020-09-14
36061016800,36005045600,121,2020-09-14
36061016900,36005045600,277,2020-09-14
36061017100,36005045600,261,2020-09-14
36061017500,36005045600,126,2020-09-14
36061017900,36005045600,174,2020-09-14
36061019500,36005045600,111,2020-09-14
36061020101,36005045600,197,2020-09-14
36061020500,36005045600,159,2020-09-14
36061022200,36005045600,224,2020-09-14
36079011800,36005045600,187,2020-09-14
36081000100,36005045600,201,2020-09-14
36081086400,36005045600,194,2020-09-14
36087011102,36005045600,154,2020-09-14
36103110902,36005045600,156,2020-09-14
36119000101,36005045600,211,2020-09-14
36119000300,36005045600,101,2020-09-14
36119001502,36005045600,96,2020-09-14
36119001503,36005045600,166,2020-09-14
36119002101,36005045600,104,2020-09-14
36119002403,36005045600,123,2020-09-14
36119002404,36005045600,207,2020-09-14
36119002600,36005045600,1044,2020-09-14
36119002800,36005045600,93,2020-09-14
36119003100,36005045600,251,2020-09-14
36119003300,36005045600,104,2020-09-14
36119003400,36005045600,107,2020-09-14
36119004000,36005045600,128,2020-09-14
36119005002,36005045600,304,2020-09-14
36119005300,36005045600,124,2020-09-14
36119005400,36005045600,135,2020-09-14
36119005500,36005045600,1330,2020-09-14
36119005701,36005045600,121,2020-09-14
36119005901,36005045600,306,2020-09-14
36119006000,36005045600,125,2020-09-14
36119006600,36005045600,121,2020-09-14
36119008602,36005045600,106,2020-09-14
36119009400,36005045600,125,2020-09-14
36119010500,36005045600,138,2020-09-14
36119011200,36005045600,182,2020-09-14
36119014704,36005045600,282,2020-09-14
34003042500,36005045600,101,2020-09-21
36005006500,36005045600,114,2020-09-21
36005016100,36005045600,133,2020-09-21
36005022000,36005045600,689,2020-09-21
36005022703,36005045600,381,2020-09-21
36005023000,36005045600,145,2020-09-21
36005028400,36005045600,119,2020-09-21
36005032400,36005045600,157,2020-09-21
36005032600,36005045600,164,2020-09-21
36005037000,36005045600,133,2020-09-21
36005037800,36005045600,172,2020-09-21
36005038600,36005045600,181,2020-09-21
36005039400,36005045600,152,2020-09-21
36005039600,36005045600,145,2020-09-21
36005040302,36005045600,151,2020-09-21
36005040702,36005045600,115,2020-09-21
36005041400,36005045600,170,2020-09-21
36005041800,36005045600,242,2020-09-21
36005042100,36005045600,365,2020-09-21
36005042200,36005045600,145,2020-09-21
36005042600,36005045600,705,2020-09-21
36005043100,36005045600,335,2020-09-21
36005043400,36005045600,464,2020-09-21
36005043600,36005045600,127,2020-09-21
36005045600,36005045600,665,2020-09-21
36005046000,36005045600,132,2020-09-21
36005046201,36005045600,631,2020-09-21
36005046202,36005045600,814,2020-09-21
36005048400,36005045600,487,2020-09-21
36005050400,36005045600,155,2020-09-21
36047034500,36005045600,206,2020-09-21
36047035300,36005045600,191,2020-09-21
36047060000,36005045600,205,2020-09-21
36059302000,36005045600,132,2020-09-21
36061001002,36005045600,189,2020-09-21
36061002100,36005045600,117,2020-09-21
36061004900,36005045600,172,2020-09-21
36061005800,36005045600,245,2020-09-21
36061009100,36005045600,103,2020-09-21
36061010300,36005045600,349,2020-09-21
36061010400,36005045600,138,2020-09-21
36061011100,36005045600,277,2020-09-21
36061011202,36005045600,132,2020-09-21
36061011401,36005045600,103,2020-09-21
36061012500,36005045600,241,2020-09-21
36061013700,36005045600,112,2020-09-21
36061014000,36005045600,142,2020-09-21
36061014801,36005045600,115,2020-09-21
36061014900,36005045600,133,2020-09-21
36061015500,36005045600,350,2020-09-21
36061015700,36005045600,157,2020-09-21
36061016200,36005045600,165,2020-09-21
36061016300,36005045600,273,2020-09-21
36061016400,36005045600,144,2020-09-21
36061016500,36005045600,121,2020-09-21
36061017100,36005045600,133,2020-09-21
36061017500,36005045600,168,2020-09-21
36061017700,36005045600,103,2020-09-21
36061017900,36005045600,201,2020-09-21
36061018100,36005045600,214,2020-09-21
36061018300,36005045600,111,2020-09-21
36061018900,36005045600,252,2020-09-21
36061019100,36005045600,118,2020-09-21
36061019900,36005045600,355,2020-09-21
36061021303,36005045600,160,2020-09-21
36061022000,36005045600,693,2020-09-21
36061022200,36005045600,110,2020-09-21
36061027500,36005045600,117,2020-09-21
36061029300,36005045600,125,2020-09-21
36061029900,36005045600,120,2020-09-21
36081005400,36005045600,114,2020-09-21
36081090700,36005045600,128,2020-09-21
36119000101,36005045600,239,2020-09-21
36119000300,36005045600,192,2020-09-21
36119000500,36005045600,116,2020-09-21
36119000900,36005045600,236,2020-09-21
36119002000,36005045600,318,2020-09-21
36119002202,36005045600,183,2020-09-21
36119002600,36005045600,1185,2020-09-21
36119003100,36005045600,139,2020-09-21
36119003300,36005045600,109,2020-09-21
36119004700,36005045600,214,2020-09-21
36119005002,36005045600,272,2020-09-21
36119005300,36005045600,118,2020-09-21
36119005400,36005045600,138,2020-09-21
36119005500,36005045600,1818,2020-09-21
36119005701,36005045600,247,2020-09-21
36119006000,36005045600,248,2020-09-21
36119006100,36005045600,193,2020-09-21
36119007500,36005045600,144,2020-09-21
36119010701,36005045600,136,2020-09-21
36119011000,36005045600,133,2020-09-21
36119981000,36005045600,141,2020-09-21
34003036100,36005045600,125,2020-09-28
36005006500,36005045600,107,2020-09-28
36005009200,36005045600,141,2020-09-28
36005020200,36005045600,157,2020-09-28
36005021200,36005045600,123,2020-09-28
36005028300,36005045600,105,2020-09-28
36005029600,36005045600,145,2020-09-28
36005030200,36005045600,152,2020-09-28
36005033400,36005045600,150,2020-09-28
36005033700,36005045600,129,2020-09-28
36005036000,36005045600,528,2020-09-28
36005036400,36005045600,95,2020-09-28
36005036800,36005045600,131,2020-09-28
36005038100,36005045600,114,2020-09-28
36005041400,36005045600,106,2020-09-28
36005042000,36005045600,156,2020-09-28
36005042400,36005045600,124,2020-09-28
36005042600,36005045600,403,2020-09-28
36005043400,36005045600,116,2020-09-28
36005043500,36005045600,95,2020-09-28
36005044400,36005045600,129,2020-09-28
36005044901,36005045600,119,2020-09-28
36005045102,36005045600,113,2020-09-28
36005045600,36005045600,634,2020-09-28
36005046000,36005045600,126,2020-09-28
36005046201,36005045600,790,2020-09-28
36005046202,36005045600,380,2020-09-28
36005048400,36005045600,496,2020-09-28
36047036300,36005045600,135,2020-09-28
36047048500,36005045600,156,2020-09-28
36047072800,36005045600,117,2020-09-28
36047079801,36005045600,129,2020-09-28
36047082400,36005045600,334,2020-09-28
36047086800,36005045600,103,2020-09-28
36047088800,36005045600,105,2020-09-28
36047093400,36005045600,141,2020-09-28
36059407301,36005045600,171,2020-09-28
36059520502,36005045600,343,2020-09-28
36061001300,36005045600,101,2020-09-28
36061002900,36005045600,138,2020-09-28
36061006900,36005045600,154,2020-09-28
36061008000,36005045600,138,2020-09-28
36061009200,36005045600,95,2020-09-28
36061009900,36005045600,192,2020-09-28
36061010100,36005045600,147,2020-09-28
36061010300,36005045600,132,2020-09-28
36061010400,36005045600,229,2020-09-28
36061011202,36005045600,147,2020-09-28
36061011402,36005045600,116,2020-09-28
36061011500,36005045600,132,2020-09-28
36061012500,36005045600,95,2020-09-28
36061012600,36005045600,133,2020-09-28
36061012900,36005045600,166,2020-09-28
36061013700,36005045600,238,2020-09-28
36061014500,36005045600,263,2020-09-28
36061014802,36005045600,172,2020-09-28
36061014900,36005045600,146,2020-09-28
36061015500,36005045600,164,2020-09-28
36061016300,36005045600,680,2020-09-28
36061016500,36005045600,111,2020-09-28
36061016700,36005045600,143,2020-09-28
36061016900,36005045600,128,2020-09-28
36061017000,36005045600,108,2020-09-28
36061017100,36005045600,294,2020-09-28
36061017200,36005045600,140,2020-09-28
36061019100,36005045600,176,2020-09-28
36061020102,36005045600,247,2020-09-28
36061021303,36005045600,204,2020-09-28
36061022200,36005045600,115,2020-09-28
36061023200,36005045600,109,2020-09-28
36061023600,36005045600,140,2020-09-28
36061024301,36005045600,133,2020-09-28
36061024500,36005045600,101,2020-09-28
36061028700,36005045600,257,2020-09-28
36061029900,36005045600,161,2020-09-28
36061031703,36005045600,184,2020-09-28
36081028800,36005045600,146,2020-09-28
36081045500,36005045600,165,2020-09-28
36081084000,36005045600,126,2020-09-28
36119001401,36005045600,112,2020-09-28
36119001504,36005045600,163,2020-09-28
36119002000,36005045600,100,2020-09-28
36119002105,36005045600,224,2020-09-28
36119002404,36005045600,227,2020-09-28
36119002600,36005045600,802,2020-09-28
36119003000,36005045600,117,2020-09-28
36119003100,36005045600,105,2020-09-28
36119003600,36005045600,95,2020-09-28
36119005400,36005045600,303,2020-09-28
36119005500,36005045600,1523,2020-09-28
36119005701,36005045600,111,2020-09-28
36119006802,36005045600,106,2020-09-28
36119007800,36005045600,132,2020-09-28
36119008602,36005045600,403,2020-09-28
36119010500,36005045600,119,2020-09-28
36119010701,36005045600,140,2020-09-28
36119010702,36005045600,101,2020-09-28
36119013202,36005045600,129,2020-09-28
36119014908,36005045600,112,2020-09-28
34003036100,36005045600,124,2020-10-05
36005001900,36005045600,255,2020-10-05
36005005100,36005045600,104,2020-10-05
36005006300,36005045600,98,2020-10-05
36005007300,36005045600,114,2020-10-05
36005009200,36005045600,158,2020-10-05
36005009600,36005045600,124,2020-10-05
36005015700,36005045600,203,2020-10-05
36005015800,36005045600,123,2020-10-05
36005020502,36005045600,103,2020-10-05
36005022200,36005045600,119,2020-10-05
36005022403,36005045600,132,2020-10-05
36005023600,36005045600,113,2020-10-05
36005026300,36005045600,169,2020-10-05
36005027700,36005045600,176,2020-10-05
36005030100,36005045600,249,2020-10-05
36005030200,36005045600,479,2020-10-05
36005033400,36005045600,125,2020-10-05
36005034200,36005045600,108,2020-10-05
36005035600,36005045600,135,2020-10-05
36005035800,36005045600,142,2020-10-05
36005036000,36005045600,208,2020-10-05
36005037200,36005045600,177,2020-10-05
36005038600,36005045600,108,2020-10-05
36005038700,36005045600,116,2020-10-05
36005039600,36005045600,109,2020-10-05
36005039901,36005045600,93,2020-10-05
36005040400,36005045600,131,2020-10-05
36005041400,36005045600,123,2020-10-05
36005041800,36005045600,377,2020-10-05
36005042000,36005045600,130,2020-10-05
36005042600,36005045600,729,2020-10-05
36005043400,36005045600,96,2020-10-05
36005044901,36005045600,222,2020-10-05
36005045600,36005045600,372,2020-10-05
36005046000,36005045600,309,2020-10-05
36005046201,36005045600,1386,2020-10-05
36005046202,36005045600,640,2020-10-05
36005048400,36005045600,1072,2020-10-05
36005050400,36005045600,264,2020-10-05
36047021700,36005045600,97,2020-10-05
36047035100,36005045600,136,2020-10-05
36047080200,36005045600,116,2020-10-05
36047093400,36005045600,201,2020-10-05
36047094600,36005045600,113,2020-10-05
36047096000,36005045600,133,2020-10-05
36059520502,36005045600,209,2020-10-05
36061002100,36005045600,145,2020-10-05
36061003700,36005045600,137,2020-10-05
36061004900,36005045600,97,2020-10-05
36061005800,36005045600,96,2020-10-05
36061005900,36005045600,153,2020-10-05
36061006700,36005045600,97,2020-10-05
36061007400,36005045600,221,2020-10-05
36061010400,36005045600,198,2020-10-05
36061010900,36005045600,123,2020-10-05
36061014801,36005045600,104,2020-10-05
36061014900,36005045600,139,2020-10-05
36061015300,36005045600,249,2020-10-05
36061015700,36005045600,96,2020-10-05
36061016100,36005045600,230,2020-10-05
36061016300,36005045600,708,2020-10-05
36061016500,36005045600,137,2020-10-05
36061017100,36005045600,117,2020-10-05
36061017900,36005045600,194,2020-10-05
36061018700,36005045600,105,2020-10-05
36061019500,36005045600,133,2020-10-05
36061020701,36005045600,153,2020-10-05
36061021303,36005045600,282,2020-10-05
36061021900,36005045600,137,2020-10-05
36061022200,36005045600,282,2020-10-05
36061023501,36005045600,134,2020-10-05
36061023502,36005045600,142,2020-10-05
36061025900,36005045600,107,2020-10-05
36061027500,36005045600,122,2020-10-05
36081003300,36005045600,169,2020-10-05
36081006300,36005045600,97,2020-10-05
36081013200,36005045600,90,2020-10-05
36081156700,36005045600,148,2020-10-05
36103122300,36005045600,134,2020-10-05
36119001503,36005045600,109,2020-10-05
36119001504,36005045600,312,2020-10-05
36119002000,36005045600,250,2020-10-05
36119002202,36005045600,151,2020-10-05
36119002600,36005045600,913,2020-10-05
36119003100,36005045600,109,2020-10-05
36119003300,36005045600,106,2020-10-05
36119003800,36005045600,90,2020-10-05
36119005400,36005045600,357,2020-10-05
36119005500,36005045600,2248,2020-10-05
36119005701,36005045600,395,2020-10-05
36119006100,36005045600,90,2020-10-05
36119008602,36005045600,203,2020-10-05
36119010903,36005045600,254,2020-10-05
36119011000,36005045600,116,2020-10-05
36119012200,36005045600,166,2020-10-05
34039034800,36005045600,209,2020-10-12
36005002500,36005045600,141,2020-10-12
36005006300,36005045600,131,2020-10-12
36005006500,36005045600,114,2020-10-12
36005006800,36005045600,135,2020-10-12
36005007500,36005045600,131,2020-10-12
36005007700,36005045600,169,2020-10-12
36005009000,36005045600,128,2020-10-12
36005015700,36005045600,205,2020-10-12
36005021200,36005045600,143,2020-10-12
36005023600,36005045600,146,2020-10-12
36005023900,36005045600,231,2020-10-12
36005026602,36005045600,93,2020-10-12
36005030200,36005045600,112,2020-10-12
36005032400,36005045600,129,2020-10-12
36005033000,36005045600,113,2020-10-12
36005033202,36005045600,146,2020-10-12
36005033800,36005045600,121,2020-10-12
36005036000,36005045600,140,2020-10-12
36005037200,36005045600,144,2020-10-12
36005037800,36005045600,136,2020-10-12
36005038200,36005045600,134,2020-10-12
36005038600,36005045600,135,2020-10-12
36005040400,36005045600,165,2020-10-12
36005040702,36005045600,130,2020-10-12
36005041400,36005045600,149,2020-10-12
36005042000,36005045600,165,2020-10-12
36005042100,36005045600,129,2020-10-12
36005042300,36005045600,118,2020-10-12
36005042600,36005045600,777,2020-10-12
36005043400,36005045600,288,2020-10-12
36005045600,36005045600,903,2020-10-12
36005046000,36005045600,117,2020-10-12
36005046201,36005045600,837,2020-10-12
36005046202,36005045600,445,2020-10-12
36005048400,36005045600,1020,2020-10-12
36005050400,36005045600,133,2020-10-12
36047027100,36005045600,214,2020-10-12
36047082400,36005045600,208,2020-10-12
36047093400,36005045600,144,2020-10-12
36059520502,36005045600,153,2020-10-12
36061000900,36005045600,170,2020-10-12
36061008000,36005045600,126,2020-10-12
36061008900,36005045600,107,2020-10-12
36061009100,36005045600,93,2020-10-12
36061009900,36005045600,152,2020-10-12
36061010100,36005045600,110,2020-10-12
36061010200,36005045600,93,2020-10-12
36061010400,36005045600,155,2020-10-12
36061010900,36005045600,106,2020-10-12
36061011000,36005045600,155,2020-10-12
36061012800,36005045600,229,2020-10-12
36061013700,36005045600,119,2020-10-12
36061013800,36005045600,95,2020-10-12
36061014300,36005045600,105,2020-10-12
36061014500,36005045600,215,2020-10-12
36061014602,36005045600,99,2020-10-12
36061014900,36005045600,129,2020-10-12
36061015300,36005045600,135,2020-10-12
36061015700,36005045600,275,2020-10-12
36061015900,36005045600,331,2020-10-12
36061016300,36005045600,112,2020-10-12
36061016900,36005045600,133,2020-10-12
36061017000,36005045600,131,2020-10-12
36061017500,36005045600,236,2020-10-12
36061017700,36005045600,313,2020-10-12
36061019100,36005045600,102,2020-10-12
36061019900,36005045600,104,2020-10-12
36061020500,36005045600,160,2020-10-12
36061020901,36005045600,115,2020-10-12
36061021303,36005045600,134,2020-10-12
36061023501,36005045600,124,2020-10-12
36081003300,36005045600,151,2020-10-12
36081079000,36005045600,122,2020-10-12
36081086400,36005045600,582,2020-10-12
36081126700,36005045600,194,2020-10-12
36103122300,36005045600,137,2020-10-12
36119000900,36005045600,112,2020-10-12
36119002404,36005045600,215,2020-10-12
36119002600,36005045600,1280,2020-10-12
36119002700,36005045600,153,2020-10-12
36119003400,36005045600,114,2020-10-12
36119004000,36005045600,110,2020-10-12
36119005400,36005045600,509,2020-10-12
36119005500,36005045600,1765,2020-10-12
36119005701,36005045600,305,2020-10-12
36119005800,36005045600,132,2020-10-12
36119006000,36005045600,136,2020-10-12
36119006100,36005045600,109,2020-10-12
36119006900,36005045600,113,2020-10-12
36119007100,36005045600,93,2020-10-12
36119010803,36005045600,99,2020-10-12
36119011000,36005045600,210,2020-10-12
36119012200,36005045600,160,2020-10-12
36119981000,36005045600,165,2020-10-12
34027042302,36005045600,105,2020-10-19
34027045401,36005045600,94,2020-10-19
36005001900,36005045600,208,2020-10-19
36005005100,36005045600,124,2020-10-19
36005018400,36005045600,127,2020-10-19
36005020502,36005045600,126,2020-10-19
36005021002,36005045600,139,2020-10-19
36005021100,36005045600,131,2020-10-19
36005022000,36005045600,285,2020-10-19
36005024800,36005045600,159,2020-10-19
36005026701,36005045600,147,2020-10-19
36005029600,36005045600,111,2020-10-19
36005030200,36005045600,147,2020-10-19
36005031000,36005045600,114,2020-10-19
36005033400,36005045600,160,2020-10-19
36005036800,36005045600,143,2020-10-19
36005038302,36005045600,123,2020-10-19
36005038600,36005045600,155,2020-10-19
36005039300,36005045600,158,2020-10-19
36005039600,36005045600,147,2020-10-19
36005039901,36005045600,218,2020-10-19
36005039902,36005045600,109,2020-10-19
36005040501,36005045600,182,2020-10-19
36005040600,36005045600,109,2020-10-19
36005040701,36005045600,110,2020-10-19
36005042200,36005045600,142,2020-10-19
36005042600,36005045600,1081,2020-10-19
36005042800,36005045600,134,2020-10-19
36005043000,36005045600,177,2020-10-19
36005043400,36005045600,256,2020-10-19
36005045102,36005045600,111,2020-10-19
36005045600,36005045600,712,2020-10-19
36005046000,36005045600,107,2020-10-19
36005046201,36005045600,1497,2020-10-19
36005046202,36005045600,113,2020-10-19
36005048400,36005045600,1241,2020-10-19
36005050400,36005045600,272,2020-10-19
36047035100,36005045600,166,2020-10-19
36047082400,36005045600,104,2020-10-19
36047082800,36005045600,147,2020-10-19
36047093400,36005045600,163,2020-10-19
36047102200,36005045600,107,2020-10-19
36059404800,36005045600,134,2020-10-19
36059416500,36005045600,297,2020-10-19
36059520502,36005045600,113,2020-10-19
36061002900,36005045600,119,2020-10-19
36061005800,36005045600,119,2020-10-19
36061006300,36005045600,359,2020-10-19
36061007400,36005045600,239,2020-10-19
36061007600,36005045600,115,2020-10-19
36061008000,36005045600,157,2020-10-19
36061008200,36005045600,126,2020-10-19
36061008601,36005045600,169,2020-10-19
36061008800,36005045600,123,2020-10-19
36061009500,36005045600,125,2020-10-19
36061010400,36005045600,97,2020-10-19
36061010900,36005045600,142,2020-10-19
36061011100,36005045600,114,2020-10-19
36061011202,36005045600,151,2020-10-19
36061013400,36005045600,275,2020-10-19
36061013700,36005045600,317,2020-10-19
36061014500,36005045600,176,2020-10-19
36061014900,36005045600,317,2020-10-19
36061015002,36005045600,111,2020-10-19
36061015100,36005045600,282,2020-10-19
36061015300,36005045600,252,2020-10-19
36061015500,36005045600,567,2020-10-19
36061015700,36005045600,223,2020-10-19
36061015900,36005045600,155,2020-10-19
36061016300,36005045600,500,2020-10-19
36061016400,36005045600,112,2020-10-19
36061016500,36005045600,116,2020-10-19
36061016700,36005045600,244,2020-10-19
36061016900,36005045600,122,2020-10-19
36061017000,36005045600,149,2020-10-19
36061017500,36005045600,215,2020-10-19
36061017700,36005045600,140,2020-10-19
36061017900,36005045600,167,2020-10-19
36061019100,36005045600,124,2020-10-19
36061019600,36005045600,213,2020-10-19
36061019800,36005045600,117,2020-10-19
36061020500,36005045600,145,2020-10-19
36061023100,36005045600,128,2020-10-19
36061023300,36005045600,119,2020-10-19
36061024000,36005045600,163,2020-10-19
36061030900,36005045600,110,2020-10-19
36079011800,36005045600,190,2020-10-19
36081014100,36005045600,122,2020-10-19
36081018000,36005045600,112,2020-10-19
36081085500,36005045600,171,2020-10-19
36087011504,36005045600,113,2020-10-19
36087012402,36005045600,154,2020-10-19
36119000900,36005045600,116,2020-10-19
36119002000,36005045600,100,2020-10-19
36119002600,36005045600,1397,2020-10-19
36119002900,36005045600,201,2020-10-19
36119003400,36005045600,114,2020-10-19
36119003600,36005045600,294,2020-10-19
36119004200,36005045600,116,2020-10-19
36119005001,36005045600,150,2020-10-19
36119005002,36005045600,95,2020-10-19
36119005400,36005045600,311,2020-10-19
36119005500,36005045600,1312,2020-10-19
36119005701,36005045600,120,2020-10-19
36119006000,36005045600,95,2020-10-19
36119008500,36005045600,283,2020-10-19
36119008602,36005045600,117,2020-10-19
36119010000,36005045600,108,2020-10-19
34013013300,36005045600,137,2020-10-26
34017007700,36005045600,235,2020-10-26
34017018200,36005045600,102,2020-10-26
34017018400,36005045600,86,2020-10-26
36005006500,36005045600,113,2020-10-26
36005008500,36005045600,110,2020-10-26
36005015100,36005045600,141,2020-10-26
36005018500,36005045600,168,2020-10-26
36005022000,36005045600,153,2020-10-26
36005027600,36005045600,170,2020-10-26
36005028300,36005045600,104,2020-10-26
36005028400,36005045600,144,2020-10-26
36005030200,36005045600,638,2020-10-26
36005031000,36005045600,132,2020-10-26
36005034400,36005045600,116,2020-10-26
36005034800,36005045600,159,2020-10-26
36005035800,36005045600,143,2020-10-26
36005038600,36005045600,103,2020-10-26
36005038700,36005045600,136,2020-10-26
36005039000,36005045600,120,2020-10-26
36005039400,36005045600,109,2020-10-26
36005039901,36005045600,170,2020-10-26
36005040702,36005045600,197,2020-10-26
36005041400,36005045600,262,2020-10-26
36005041800,36005045600,212,2020-10-26
36005042100,36005045600,165,2020-10-26
36005042400,36005045600,129,2020-10-26
36005042600,36005045600,1116,2020-10-26
36005042800,36005045600,142,2020-10-26
36005043400,36005045600,109,2020-10-26
36005044200,36005045600,113,2020-10-26
36005045102,36005045600,146,2020-10-26
36005045600,36005045600,887,2020-10-26
36005046201,36005045600,1960,2020-10-26
36005046202,36005045600,256,2020-10-26
36005048400,36005045600,421,2020-10-26
36005050400,36005045600,414,2020-10-26
36047087000,36005045600,216,2020-10-26
36047093000,36005045600,125,2020-10-26
36059416500,36005045600,163,2020-10-26
36059519602,36005045600,202,2020-10-26
36059520502,36005045600,110,2020-10-26
36061003300,36005045600,152,2020-10-26
36061006900,36005045600,273,2020-10-26
36061007500,36005045600,189,2020-10-26
36061009100,36005045600,116,2020-10-26
36061009200,36005045600,222,2020-10-26
36061009500,36005045600,170,2020-10-26
36061010100,36005045600,150,2020-10-26
36061010200,36005045600,100,2020-10-26
36061010400,36005045600,112,2020-10-26
36061010900,36005045600,183,2020-10-26
36061011202,36005045600,138,2020-10-26
36061012200,36005045600,97,2020-10-26
36061013700,36005045600,151,2020-10-26
36061014900,36005045600,108,2020-10-26
36061015100,36005045600,163,2020-10-26
36061015700,36005045600,284,2020-10-26
36061015900,36005045600,121,2020-10-26
36061016300,36005045600,141,2020-10-26
36061017100,36005045600,191,2020-10-26
36061017200,36005045600,97,2020-10-26
36061017401,36005045600,131,2020-10-26
36061017700,36005045600,154,2020-10-26
36061018100,36005045600,97,2020-10-26
36061018800,36005045600,97,2020-10-26
36061019600,36005045600,112,2020-10-26
36061021303,36005045600,119,2020-10-26
36061022200,36005045600,135,2020-10-26
36061024000,36005045600,166,2020-10-26
36061024200,36005045600,113,2020-10-26
36061024700,36005045600,136,2020-10-26
36079011800,36005045600,356,2020-10-26
36081012400,36005045600,220,2020-10-26
36081015802,36005045600,128,2020-10-26
36081047500,36005045600,108,2020-10-26
36081071600,36005045600,120,2020-10-26
36087011102,36005045600,242,2020-10-26
36119000702,36005045600,240,2020-10-26
36119001504,36005045600,175,2020-10-26
36119002402,36005045600,137,2020-10-26
36119002600,36005045600,770,2020-10-26
36119002700,36005045600,181,2020-10-26
36119003100,36005045600,116,2020-10-26
36119003200,36005045600,134,2020-10-26
36119003300,36005045600,133,2020-10-26
36119005002,36005045600,377,2020-10-26
36119005400,36005045600,328,2020-10-26
36119005500,36005045600,1569,2020-10-26
36119006100,36005045600,139,2020-10-26
36119006900,36005045600,114,2020-10-26
36119008602,36005045600,116,2020-10-26
36119010903,36005045600,137,2020-10-26
36119014704,36005045600,144,2020-10-26
36119981000,36005045600,314,2020-10-26
34027041000,36005045600,219,2020-11-02
36005006300,36005045600,129,2020-11-02
36005007300,36005045600,130,2020-11-02
36005014300,36005045600,119,2020-11-02
36005016700,36005045600,167,2020-11-02
36005018500,36005045600,178,2020-11-02
36005019500,36005045600,186,2020-11-02
36005022401,36005045600,142,2020-11-02
36005022701,36005045600,123,2020-11-02
36005022901,36005045600,140,2020-11-02
36005023000,36005045600,120,2020-11-02
36005024400,36005045600,146,2020-11-02
36005026701,36005045600,142,2020-11-02
36005028300,36005045600,126,2020-11-02
36005030200,36005045600,130,2020-11-02
36005031200,36005045600,122,2020-11-02
36005033000,36005045600,100,2020-11-02
36005033400,36005045600,162,2020-11-02
36005034200,36005045600,149,2020-11-02
36005034800,36005045600,175,2020-11-02
36005036502,36005045600,226,2020-11-02
36005036800,36005045600,142,2020-11-02
36005037200,36005045600,145,2020-11-02
36005038301,36005045600,173,2020-11-02
36005039000,36005045600,212,2020-11-02
36005039400,36005045600,139,2020-11-02
36005039600,36005045600,170,2020-11-02
36005039901,36005045600,102,2020-11-02
36005040302,36005045600,122,2020-11-02
36005041400,36005045600,393,2020-11-02
36005041800,36005045600,162,2020-11-02
36005042100,36005045600,165,2020-11-02
36005042600,36005045600,1133,2020-11-02
36005043100,36005045600,124,2020-11-02
36005043400,36005045600,422,2020-11-02
36005045600,36005045600,202,2020-11-02
36005046000,36005045600,358,2020-11-02
36005046201,36005045600,775,2020-11-02
36005046202,36005045600,482,2020-11-02
36005048400,36005045600,752,2020-11-02
36005050400,36005045600,145,2020-11-02
36047010800,36005045600,205,2020-11-02
36047035300,36005045600,173,2020-11-02
36047069601,36005045600,116,2020-11-02
36047080200,36005045600,241,2020-11-02
36059520502,36005045600,126,2020-11-02
36061003602,36005045600,128,2020-11-02
36061003800,36005045600,94,2020-11-02
36061005800,36005045600,112,2020-11-02
36061006100,36005045600,151,2020-11-02
36061007400,36005045600,128,2020-11-02
36061009000,36005045600,155,2020-11-02
36061009100,36005045600,132,2020-11-02
36061009200,36005045600,235,2020-11-02
36061009500,36005045600,373,2020-11-02
36061009600,36005045600,115,2020-11-02
36061010100,36005045600,253,2020-11-02
36061010400,36005045600,138,2020-11-02
36061010602,36005045600,166,2020-11-02
36061011402,36005045600,133,2020-11-02
36061011900,36005045600,242,2020-11-02
36061013700,36005045600,129,2020-11-02
36061014200,36005045600,155,2020-11-02
36061014300,36005045600,384,2020-11-02
36061014900,36005045600,249,2020-11-02
36061015300,36005045600,308,2020-11-02
36061015500,36005045600,143,2020-11-02
36061015700,36005045600,513,2020-11-02
36061015900,36005045600,325,2020-11-02
36061016300,36005045600,253,2020-11-02
36061016900,36005045600,638,2020-11-02
36061017000,36005045600,141,2020-11-02
36061017100,36005045600,158,2020-11-02
36061017300,36005045600,139,2020-11-02
36061017500,36005045600,184,2020-11-02
36061017900,36005045600,166,2020-11-02
36061019100,36005045600,142,2020-11-02
36061021100,36005045600,94,2020-11-02
36061021200,36005045600,147,2020-11-02
36061021800,36005045600,279,2020-11-02
36061024500,36005045600,260,2020-11-02
36061029500,36005045600,147,2020-11-02
36061029900,36005045600,105,2020-11-02
36081028300,36005045600,107,2020-11-02
36081050400,36005045600,298,2020-11-02
36081069701,36005045600,112,2020-11-02
36081071306,36005045600,152,2020-11-02
36081071600,36005045600,119,2020-11-02
36103122300,36005045600,139,2020-11-02
36119000801,36005045600,126,2020-11-02
36119000803,36005045600,149,2020-11-02
36119001102,36005045600,156,2020-11-02
36119001503,36005045600,114,2020-11-02
36119002404,36005045600,466,2020-11-02
36119002600,36005045600,699,2020-11-02
36119003100,36005045600,353,2020-11-02
36119003400,36005045600,114,2020-11-02
36119005002,36005045600,137,2020-11-02
36119005400,36005045600,116,2020-11-02
36119005500,36005045600,801,2020-11-02
36119005701,36005045600,135,2020-11-02
36119006000,36005045600,317,2020-11-02
36119006500,36005045600,157,2020-11-02
36119008000,36005045600,116,2020-11-02
36119010702,36005045600,249,2020-11-02
36119013700,36005045600,94,2020-11-02
36119014605,36005045600,121,2020-11-02
34003035100,36005045600,91,2020-11-09
34017007700,36005045600,320,2020-11-09
36005004300,36005045600,145,2020-11-09
36005008300,36005045600,161,2020-11-09
36005009800,36005045600,171,2020-11-09
36005011502,36005045600,101,2020-11-09
36005019500,36005045600,106,2020-11-09
36005022800,36005045600,110,2020-11-09
36005029600,36005045600,133,2020-11-09
36005030200,36005045600,121,2020-11-09
36005031000,36005045600,251,2020-11-09
36005033400,36005045600,141,2020-11-09
36005033800,36005045600,110,2020-11-09
36005034800,36005045600,655,2020-11-09
36005035600,36005045600,179,2020-11-09
36005035800,36005045600,134,2020-11-09
36005037300,36005045600,157,2020-11-09
36005037800,36005045600,146,2020-11-09
36005038000,36005045600,133,2020-11-09
36005039100,36005045600,128,2020-11-09
36005040600,36005045600,100,2020-11-09
36005040800,36005045600,179,2020-11-09
36005040900,36005045600,172,2020-11-09
36005041800,36005045600,383,2020-11-09
36005042300,36005045600,140,2020-11-09
36005042600,36005045600,1619,2020-11-09
36005045102,36005045600,115,2020-11-09
36005045600,36005045600,776,2020-11-09
36005046201,36005045600,388,2020-11-09
36005046202,36005045600,475,2020-11-09
36005048400,36005045600,580,2020-11-09
36005050400,36005045600,153,2020-11-09
36047086800,36005045600,112,2020-11-09
36047089200,36005045600,247,2020-11-09
36059520501,36005045600,128,2020-11-09
36059520502,36005045600,258,2020-11-09
36061000900,36005045600,132,2020-11-09
36061002500,36005045600,165,2020-11-09
36061003100,36005045600,257,2020-11-09
36061003300,36005045600,133,2020-11-09
36061004700,36005045600,98,2020-11-09
36061005400,36005045600,112,2020-11-09
36061005800,36005045600,247,2020-11-09
36061006200,36005045600,295,2020-11-09
36061006400,36005045600,223,2020-11-09
36061007400,36005045600,464,2020-11-09
36061007600,36005045600,147,2020-11-09
36061008000,36005045600,141,2020-11-09
36061008200,36005045600,138,2020-11-09
36061009600,36005045600,135,2020-11-09
36061010200,36005045600,190,2020-11-09
36061011000,36005045600,453,2020-11-09
36061011201,36005045600,113,2020-11-09
36061011202,36005045600,167,2020-11-09
36061011203,36005045600,150,2020-11-09
36061011402,36005045600,102,2020-11-09
36061013400,36005045600,120,2020-11-09
36061013900,36005045600,267,2020-11-09
36061014500,36005045600,163,2020-11-09
36061014802,36005045600,144,2020-11-09
36061015100,36005045600,150,2020-11-09
36061015300,36005045600,136,2020-11-09
36061015700,36005045600,109,2020-11-09
36061015900,36005045600,407,2020-11-09
36061016300,36005045600,525,2020-11-09
36061017100,36005045600,139,2020-11-09
36061017200,36005045600,181,2020-11-09
36061017500,36005045600,198,2020-11-09
36061018100,36005045600,152,2020-11-09
36061018200,36005045600,112,2020-11-09
36061018900,36005045600,340,2020-11-09
36061019100,36005045600,123,2020-11-09
36081044302,36005045600,125,2020-11-09
36081045500,36005045600,120,2020-11-09
36081090700,36005045600,243,2020-11-09
36103122300,36005045600,144,2020-11-09
36119000702,36005045600,173,2020-11-09
36119001102,36005045600,133,2020-11-09
36119001502,36005045600,122,2020-11-09
36119002203,36005045600,112,2020-11-09
36119002404,36005045600,234,2020-11-09
36119002600,36005045600,1914,2020-11-09
36119002700,36005045600,98,2020-11-09
36119003000,36005045600,174,2020-11-09
36119003300,36005045600,339,2020-11-09
36119003600,36005045600,124,2020-11-09
36119004600,36005045600,98,2020-11-09
36119004800,36005045600,98,2020-11-09
36119005002,36005045600,104,2020-11-09
36119005100,36005045600,116,2020-11-09
36119005400,36005045600,110,2020-11-09
36119005500,36005045600,1846,2020-11-09
36119005701,36005045600,120,2020-11-09
36119005901,36005045600,117,2020-11-09
36119006000,36005045600,187,2020-11-09
36119007800,36005045600,119,2020-11-09
36119008000,36005045600,114,2020-11-09
36119008602,36005045600,435,2020-11-09
36119011000,36005045600,171,2020-11-09
36119014703,36005045600,252,2020-11-09
34003013001,36005045600,217,2020-11-16
34017004800,36005045600,114,2020-11-16
36005011800,36005045600,390,2020-11-16
36005022000,36005045600,152,2020-11-16
36005022200,36005045600,138,2020-11-16
36005026602,36005045600,107,2020-11-16
36005029500,36005045600,158,2020-11-16
36005030200,36005045600,142,2020-11-16
36005031000,36005045600,230,2020-11-16
36005033000,36005045600,189,2020-11-16
36005034800,36005045600,177,2020-11-16
36005035800,36005045600,190,2020-11-16
36005038302,36005045600,125,2020-11-16
36005038600,36005045600,106,2020-11-16
36005039100,36005045600,99,2020-11-16
36005039600,36005045600,162,2020-11-16
36005040400,36005045600,107,2020-11-16
36005041400,36005045600,133,2020-11-16
36005041800,36005045600,215,2020-11-16
36005042000,36005045600,137,2020-11-16
36005042100,36005045600,262,2020-11-16
36005042600,36005045600,1087,2020-11-16
36005042800,36005045600,243,2020-11-16
36005043100,36005045600,240,2020-11-16
36005043400,36005045600,165,2020-11-16
36005045600,36005045600,920,2020-11-16
36005046000,36005045600,470,2020-11-16
36005046201,36005045600,1447,2020-11-16
36005046202,36005045600,1003,2020-11-16
36005048400,36005045600,989,2020-11-16
36005050400,36005045600,137,2020-11-16
36059410900,36005045600,127,2020-11-16
36059411700,36005045600,140,2020-11-16
36059520502,36005045600,246,2020-11-16
36061000201,36005045600,111,2020-11-16
36061002100,36005045600,208,2020-11-16
36061003700,36005045600,305,2020-11-16
36061005800,36005045600,120,2020-11-16
36061009200,36005045600,130,2020-11-16
36061009900,36005045600,182,2020-11-16
36061010400,36005045600,247,2020-11-16
36061010900,36005045600,129,2020-11-16
36061011000,36005045600,139,2020-11-16
36061012800,36005045600,109,2020-11-16
36061013700,36005045600,153,2020-11-16
36061014300,36005045600,139,2020-11-16
36061014900,36005045600,137,2020-11-16
36061015002,36005045600,121,2020-11-16
36061015300,36005045600,132,2020-11-16
36061015500,36005045600,248,2020-11-16
36061016100,36005045600,578,2020-11-16
36061016200,36005045600,131,2020-11-16
36061016300,36005045600,120,2020-11-16
36061016900,36005045600,298,2020-11-16
36061017000,36005045600,139,2020-11-16
36061017100,36005045600,104,2020-11-16
36061017300,36005045600,296,2020-11-16
36061017500,36005045600,316,2020-11-16
36061018100,36005045600,364,2020-11-16
36061018300,36005045600,279,2020-11-16
36061018600,36005045600,142,2020-11-16
36061019600,36005045600,113,2020-11-16
36061021100,36005045600,142,2020-11-16
36061021303,36005045600,161,2020-11-16
36061021900,36005045600,133,2020-11-16
36061022200,36005045600,117,2020-11-16
36061022600,36005045600,120,2020-11-16
36061023100,36005045600,173,2020-11-16
36061024200,36005045600,156,2020-11-16
36061024500,36005045600,111,2020-11-16
36061029300,36005045600,123,2020-11-16
36061029700,36005045600,209,2020-11-16
36081005500,36005045600,124,2020-11-16
36081033100,36005045600,159,2020-11-16
36081038302,36005045600,236,2020-11-16
36081126700,36005045600,187,2020-11-16
36087011101,36005045600,152,2020-11-16
36087011102,36005045600,173,2020-11-16
36087011303,36005045600,104,2020-11-16
36087012800,36005045600,139,2020-11-16
36103122300,36005045600,266,2020-11-16
36119001301,36005045600,214,2020-11-16
36119002202,36005045600,175,2020-11-16
36119002404,36005045600,260,2020-11-16
36119002600,36005045600,1001,2020-11-16
36119002700,36005045600,146,2020-11-16
36119003000,36005045600,280,2020-11-16
36119003100,36005045600,140,2020-11-16
36119003300,36005045600,109,2020-11-16
36119003400,36005045600,298,2020-11-16
36119003500,36005045600,263,2020-11-16
36119003600,36005045600,261,2020-11-16
36119003900,36005045600,142,2020-11-16
36119004600,36005045600,113,2020-11-16
36119005002,36005045600,305,2020-11-16
36119005400,36005045600,132,2020-11-16
36119005500,36005045600,1377,2020-11-16
36119005701,36005045600,249,2020-11-16
36119006000,36005045600,120,2020-11-16
36119006100,36005045600,124,2020-11-16
36119008301,36005045600,115,2020-11-16
36119012200,36005045600,196,2020-11-16
34003036100,36005045600,131,2020-11-23
36005000400,36005045600,139,2020-11-23
36005006500,36005045600,111,2020-11-23
36005007100,36005045600,161,2020-11-23
36005009200,36005045600,128,2020-11-23
36005009300,36005045600,296,2020-11-23
36005015100,36005045600,167,2020-11-23
36005016100,36005045600,102,2020-11-23
36005020000,36005045600,126,2020-11-23
36005021100,36005045600,145,2020-11-23
36005029600,36005045600,121,2020-11-23
36005031200,36005045600,128,2020-11-23
36005033400,36005045600,272,2020-11-23
36005033800,36005045600,128,2020-11-23
36005035800,36005045600,216,2020-11-23
36005036000,36005045600,245,2020-11-23
36005037600,36005045600,158,2020-11-23
36005038600,36005045600,102,2020-11-23
36005039400,36005045600,192,2020-11-23
36005039901,36005045600,106,2020-11-23
36005041800,36005045600,247,2020-11-23
36005042100,36005045600,316,2020-11-23
36005042400,36005045600,139,2020-11-23
36005042600,36005045600,1040,2020-11-23
36005042800,36005045600,230,2020-11-23
36005043400,36005045600,119,2020-11-23
36005045600,36005045600,927,2020-11-23
36005046000,36005045600,307,2020-11-23
36005046201,36005045600,1479,2020-11-23
36005046202,36005045600,252,2020-11-23
36005048400,36005045600,1161,2020-11-23
36005050400,36005045600,381,2020-11-23
36047000900,36005045600,149,2020-11-23
36047030100,36005045600,102,2020-11-23
36059303800,36005045600,180,2020-11-23
36059520502,36005045600,293,2020-11-23
36061007400,36005045600,289,2020-11-23
36061007500,36005045600,217,2020-11-23
36061008700,36005045600,108,2020-11-23
36061009400,36005045600,118,2020-11-23
36061009600,36005045600,127,2020-11-23
36061010900,36005045600,136,2020-11-23
36061011300,36005045600,111,2020-11-23
36061011401,36005045600,134,2020-11-23
36061012600,36005045600,131,2020-11-23
36061013400,36005045600,231,2020-11-23
36061013700,36005045600,128,2020-11-23
36061014500,36005045600,343,2020-11-23
36061014802,36005045600,218,2020-11-23
36061015602,36005045600,196,2020-11-23
36061015700,36005045600,115,2020-11-23
36061016300,36005045600,102,2020-11-23
36061017200,36005045600,111,2020-11-23
36061018200,36005045600,136,2020-11-23
36061019500,36005045600,213,2020-11-23
36061020000,36005045600,106,2020-11-23
36061021303,36005045600,174,2020-11-23
36061021600,36005045600,136,2020-11-23
36061021800,36005045600,294,2020-11-23
36061022500,36005045600,109,2020-11-23
36061024500,36005045600,132,2020-11-23
36079011800,36005045600,298,2020-11-23
36081081800,36005045600,149,2020-11-23
36081090700,36005045600,128,2020-11-23
36119000900,36005045600,119,2020-11-23
36119001102,36005045600,178,2020-11-23
36119001502,36005045600,141,2020-11-23
36119001503,36005045600,126,2020-11-23
36119002000,36005045600,284,2020-11-23
36119002105,36005045600,234,2020-11-23
36119002402,36005045600,121,2020-11-23
36119002404,36005045600,102,2020-11-23
36119002600,36005045600,1231,2020-11-23
36119003000,36005045600,142,2020-11-23
36119003100,36005045600,122,2020-11-23
36119003300,36005045600,193,2020-11-23
36119003600,36005045600,209,2020-11-23
36119005002,36005045600,307,2020-11-23
36119005500,36005045600,1105,2020-11-23
36119005701,36005045600,235,2020-11-23
36119006801,36005045600,112,2020-11-23
36119008500,36005045600,160,2020-11-23
36119011000,36005045600,239,2020-11-23
36119013000,36005045600,139,2020-11-23
36119014808,36005045600,131,2020-11-23
34025811502,36005045600,88,2020-11-30
36005000400,36005045600,161,2020-11-30
36005004400,36005045600,151,2020-11-30
36005009300,36005045600,196,2020-11-30
36005012901,36005045600,203,2020-11-30
36005016100,36005045600,287,2020-11-30
36005018302,36005045600,149,2020-11-30
36005022000,36005045600,347,2020-11-30
36005030200,36005045600,136,2020-11-30
36005031000,36005045600,272,2020-11-30
36005033400,36005045600,325,2020-11-30
36005033600,36005045600,183,2020-11-30
36005034800,36005045600,230,2020-11-30
36005035000,36005045600,131,2020-11-30
36005035800,36005045600,432,2020-11-30
36005038600,36005045600,123,2020-11-30
36005039600,36005045600,121,2020-11-30
36005040400,36005045600,146,2020-11-30
36005042100,36005045600,298,2020-11-30
36005042200,36005045600,142,2020-11-30
36005042600,36005045600,1322,2020-11-30
36005043100,36005045600,334,2020-11-30
36005043400,36005045600,109,2020-11-30
36005045800,36005045600,181,2020-11-30
36005046000,36005045600,275,2020-11-30
36005046201,36005045600,1300,2020-11-30
36005046202,36005045600,1004,2020-11-30
36005048400,36005045600,862,2020-11-30
36005050400,36005045600,489,2020-11-30
36047059100,36005045600,124,2020-11-30
36061001502,36005045600,126,2020-11-30
36061002602,36005045600,101,2020-11-30
36061002900,36005045600,141,2020-11-30
36061003601,36005045600,151,2020-11-30
36061005700,36005045600,145,2020-11-30
36061005800,36005045600,470,2020-11-30
36061007400,36005045600,160,2020-11-30
36061009400,36005045600,118,2020-11-30
36061009600,36005045600,184,2020-11-30
36061009900,36005045600,337,2020-11-30
36061010200,36005045600,104,2020-11-30
36061010900,36005045600,142,2020-11-30
36061011202,36005045600,257,2020-11-30
36061011300,36005045600,374,2020-11-30
36061012800,36005045600,160,2020-11-30
36061013600,36005045600,169,2020-11-30
36061013800,36005045600,121,2020-11-30
36061014602,36005045600,116,2020-11-30
36061014802,36005045600,356,2020-11-30
36061014900,36005045600,146,2020-11-30
36061017000,36005045600,124,2020-11-30
36061018000,36005045600,111,2020-11-30
36061018200,36005045600,168,2020-11-30
36061018500,36005045600,122,2020-11-30
36061018800,36005045600,124,2020-11-30
36061019600,36005045600,110,2020-11-30
36061020000,36005045600,113,2020-11-30
36061020500,36005045600,262,2020-11-30
36061021400,36005045600,138,2020-11-30
36061021600,36005045600,280,2020-11-30
36061025700,36005045600,356,2020-11-30
36061026500,36005045600,101,2020-11-30
36081012400,36005045600,135,2020-11-30
36081016400,36005045600,273,2020-11-30
36081016600,36005045600,116,2020-11-30
36081027900,36005045600,124,2020-11-30
36081035700,36005045600,325,2020-11-30
36081045500,36005045600,121,2020-11-30
36081071600,36005045600,125,2020-11-30
36081086900,36005045600,225,2020-11-30
36081087100,36005045600,129,2020-11-30
36081116300,36005045600,139,2020-11-30
36119002105,36005045600,133,2020-11-30
36119002402,36005045600,131,2020-11-30
36119002404,36005045600,126,2020-11-30
36119002600,36005045600,954,2020-11-30
36119003000,36005045600,137,2020-11-30
36119003300,36005045600,121,2020-11-30
36119003800,36005045600,377,2020-11-30
36119005002,36005045600,266,2020-11-30
36119005500,36005045600,1241,2020-11-30
36119005701,36005045600,267,2020-11-30
36119006000,36005045600,394,2020-11-30
36119009300,36005045600,101,2020-11-30
36119010701,36005045600,148,2020-11-30
34003036100,36005045600,135,2020-12-07
36005000400,36005045600,144,2020-12-07
36005001900,36005045600,159,2020-12-07
36005007900,36005045600,137,2020-12-07
36005008700,36005045600,130,2020-12-07
36005009300,36005045600,682,2020-12-07
36005012901,36005045600,214,2020-12-07
36005017901,36005045600,119,2020-12-07
36005019400,36005045600,181,2020-12-07
36005026701,36005045600,318,2020-12-07
36005027300,36005045600,173,2020-12-07
36005028300,36005045600,122,2020-12-07
36005028400,36005045600,164,2020-12-07
36005030000,36005045600,199,2020-12-07
36005030200,36005045600,131,2020-12-07
36005033400,36005045600,155,2020-12-07
36005034200,36005045600,124,2020-12-07
36005034500,36005045600,163,2020-12-07
36005034800,36005045600,178,2020-12-07
36005035800,36005045600,104,2020-12-07
36005036100,36005045600,132,2020-12-07
36005038600,36005045600,276,2020-12-07
36005040900,36005045600,151,2020-12-07
36005041400,36005045600,281,2020-12-07
36005041800,36005045600,696,2020-12-07
36005042100,36005045600,146,2020-12-07
36005042600,36005045600,1084,2020-12-07
36005042800,36005045600,144,2020-12-07
36005043400,36005045600,929,2020-12-07
36005044901,36005045600,132,2020-12-07
36005045600,36005045600,381,2020-12-07
36005046000,36005045600,115,2020-12-07
36005046201,36005045600,1199,2020-12-07
36005046202,36005045600,1425,2020-12-07
36005048400,36005045600,456,2020-12-07
36005050400,36005045600,340,2020-12-07
36047044900,36005045600,206,2020-12-07
36061003100,36005045600,279,2020-12-07
36061007400,36005045600,138,2020-12-07
36061009900,36005045600,135,2020-12-07
36061010100,36005045600,152,2020-12-07
36061010400,36005045600,111,2020-12-07
36061010900,36005045600,120,2020-12-07
36061011401,36005045600,128,2020-12-07
36061012200,36005045600,149,2020-12-07
36061012500,36005045600,107,2020-12-07
36061013000,36005045600,329,2020-12-07
36061013400,36005045600,118,2020-12-07
36061013900,36005045600,417,2020-12-07
36061014300,36005045600,143,2020-12-07
36061014500,36005045600,202,2020-12-07
36061014900,36005045600,146,2020-12-07
36061015100,36005045600,165,2020-12-07
36061015300,36005045600,336,2020-12-07
36061015500,36005045600,175,2020-12-07
36061016002,36005045600,184,2020-12-07
36061016100,36005045600,140,2020-12-07
36061016300,36005045600,101,2020-12-07
36061016900,36005045600,348,2020-12-07
36061017300,36005045600,222,2020-12-07
36061017500,36005045600,182,2020-12-07
36061017700,36005045600,177,2020-12-07
36061017900,36005045600,206,2020-12-07
36061018100,36005045600,286,2020-12-07
36061019100,36005045600,149,2020-12-07
36061019800,36005045600,111,2020-12-07
36061021100,36005045600,153,2020-12-07
36061021303,36005045600,164,2020-12-07
36061022200,36005045600,107,2020-12-07
36061024200,36005045600,134,2020-12-07
36061025700,36005045600,117,2020-12-07
36061027300,36005045600,149,2020-12-07
36061029300,36005045600,105,2020-12-07
36061030900,36005045600,186,2020-12-07
36079011900,36005045600,101,2020-12-07
36119001502,36005045600,129,2020-12-07
36119001504,36005045600,138,2020-12-07
36119002105,36005045600,131,2020-12-07
36119002404,36005045600,415,2020-12-07
36119002600,36005045600,934,2020-12-07
36119002700,36005045600,340,2020-12-07
36119003000,36005045600,318,2020-12-07
36119003300,36005045600,112,2020-12-07
36119003400,36005045600,115,2020-12-07
36119003500,36005045600,154,2020-12-07
36119003600,36005045600,144,2020-12-07
36119005300,36005045600,164,2020-12-07
36119005400,36005045600,125,2020-12-07
36119005500,36005045600,1369,2020-12-07
36119005701,36005045600,377,2020-12-07
36119006000,36005045600,135,2020-12-07
36119007800,36005045600,107,2020-12-07
36119008000,36005045600,123,2020-12-07
36119010903,36005045600,231,2020-12-07
36119011000,36005045600,258,2020-12-07
34003017100,36005045600,98,2020-12-14
34003019204,36005045600,96,2020-12-14
34037371600,36005045600,155,2020-12-14
36005007100,36005045600,119,2020-12-14
36005008300,36005045600,173,2020-12-14
36005009300,36005045600,153,2020-12-14
36005009800,36005045600,139,2020-12-14
36005012901,36005045600,329,2020-12-14
36005022000,36005045600,166,2020-12-14
36005031000,36005045600,309,2020-12-14
36005034800,36005045600,228,2020-12-14
36005036400,36005045600,150,2020-12-14
36005039100,36005045600,123,2020-12-14
36005039200,36005045600,154,2020-12-14
36005040400,36005045600,145,2020-12-14
36005040600,36005045600,130,2020-12-14
36005040800,36005045600,120,2020-12-14
36005041400,36005045600,130,2020-12-14
36005041800,36005045600,129,2020-12-14
36005042100,36005045600,137,2020-12-14
36005042200,36005045600,115,2020-12-14
36005042600,36005045600,944,2020-12-14
36005042800,36005045600,124,2020-12-14
36005043400,36005045600,135,2020-12-14
36005044901,36005045600,133,2020-12-14
36005045102,36005045600,135,2020-12-14
36005045600,36005045600,714,2020-12-14
36005046000,36005045600,145,2020-12-14
36005046201,36005045600,1079,2020-12-14
36005046202,36005045600,504,2020-12-14
36005048400,36005045600,618,2020-12-14
36047010800,36005045600,161,2020-12-14
36047027100,36005045600,214,2020-12-14
36047093400,36005045600,174,2020-12-14
36047095000,36005045600,160,2020-12-14
36059301300,36005045600,143,2020-12-14
36059406801,36005045600,230,2020-12-14
36059410900,36005045600,135,2020-12-14
36059520502,36005045600,296,2020-12-14
36061001501,36005045600,132,2020-12-14
36061001600,36005045600,196,2020-12-14
36061004900,36005045600,116,2020-12-14
36061005600,36005045600,158,2020-12-14
36061005800,36005045600,373,2020-12-14
36061009600,36005045600,119,2020-12-14
36061009900,36005045600,126,2020-12-14
36061010100,36005045600,119,2020-12-14
36061010400,36005045600,105,2020-12-14
36061010800,36005045600,129,2020-12-14
36061011000,36005045600,152,2020-12-14
36061011202,36005045600,675,2020-12-14
36061011402,36005045600,118,2020-12-14
36061011600,36005045600,291,2020-12-14
36061012200,36005045600,114,2020-12-14
36061012500,36005045600,125,2020-12-14
36061013100,36005045600,101,2020-12-14
36061013300,36005045600,143,2020-12-14
36061013700,36005045600,280,2020-12-14
36061013900,36005045600,127,2020-12-14
36061014500,36005045600,169,2020-12-14
36061014602,36005045600,113,2020-12-14
36061014802,36005045600,298,2020-12-14
36061015500,36005045600,152,2020-12-14
36061015900,36005045600,207,2020-12-14
36061016300,36005045600,424,2020-12-14
36061016500,36005045600,266,2020-12-14
36061016900,36005045600,101,2020-12-14
36061017100,36005045600,127,2020-12-14
36061017500,36005045600,101,2020-12-14
36061018100,36005045600,146,2020-12-14
36061018200,36005045600,136,2020-12-14
36061018800,36005045600,343,2020-12-14
36061019900,36005045600,131,2020-12-14
36061021303,36005045600,133,2020-12-14
36061021800,36005045600,101,2020-12-14
36061022200,36005045600,120,2020-12-14
36061023300,36005045600,139,2020-12-14
36061027900,36005045600,160,2020-12-14
36081015802,36005045600,286,2020-12-14
36081038302,36005045600,202,2020-12-14
36103122300,36005045600,147,2020-12-14
36119002401,36005045600,108,2020-12-14
36119002404,36005045600,114,2020-12-14
36119002600,36005045600,1674,2020-12-14
36119003000,36005045600,317,2020-12-14
36119003100,36005045600,225,2020-12-14
36119003300,36005045600,566,2020-12-14
36119003400,36005045600,126,2020-12-14
36119003800,36005045600,113,2020-12-14
36119005002,36005045600,455,2020-12-14
36119005300,36005045600,128,2020-12-14
36119005500,36005045600,1348,2020-12-14
36119005701,36005045600,253,2020-12-14
36119006000,36005045600,889,2020-12-14
36119006100,36005045600,162,2020-12-14
36119008000,36005045600,221,2020-12-14
36119008602,36005045600,267,2020-12-14
36119009400,36005045600,113,2020-12-14
36119011000,36005045600,211,2020-12-14
36119013000,36005045600,132,2020-12-14
36119014805,36005045600,147,2020-12-14
36005000400,36005045600,171,2020-12-21
36005003900,36005045600,184,2020-12-21
36005005100,36005045600,105,2020-12-21
36005006900,36005045600,162,2020-12-21
36005009200,36005045600,107,2020-12-21
36005009300,36005045600,331,2020-12-21
36005020000,36005045600,223,2020-12-21
36005023301,36005045600,137,2020-12-21
36005023702,36005045600,116,2020-12-21
36005026701,36005045600,148,2020-12-21
36005027600,36005045600,211,2020-12-21
36005030000,36005045600,130,2020-12-21
36005030200,36005045600,196,2020-12-21
36005034200,36005045600,116,2020-12-21
36005035600,36005045600,136,2020-12-21
36005035800,36005045600,260,2020-12-21
36005036800,36005045600,128,2020-12-21
36005038200,36005045600,128,2020-12-21
36005038600,36005045600,368,2020-12-21
36005038800,36005045600,152,2020-12-21
36005039600,36005045600,301,2020-12-21
36005039901,36005045600,127,2020-12-21
36005040600,36005045600,139,2020-12-21
36005041800,36005045600,263,2020-12-21
36005042100,36005045600,620,2020-12-21
36005042200,36005045600,249,2020-12-21
36005042600,36005045600,1359,2020-12-21
36005042800,36005045600,137,2020-12-21
36005043400,36005045600,140,2020-12-21
36005043600,36005045600,175,2020-12-21
36005045600,36005045600,129,2020-12-21
36005046000,36005045600,246,2020-12-21
36005046201,36005045600,1339,2020-12-21
36005046202,36005045600,924,2020-12-21
36005048400,36005045600,1200,2020-12-21
36047052500,36005045600,109,2020-12-21
36047054900,36005045600,165,2020-12-21
36047069601,36005045600,118,2020-12-21
36047093400,36005045600,183,2020-12-21
36047096000,36005045600,156,2020-12-21
36059520502,36005045600,305,2020-12-21
36061000900,36005045600,192,2020-12-21
36061004900,36005045600,105,2020-12-21
36061005400,36005045600,307,2020-12-21
36061005800,36005045600,286,2020-12-21
36061006300,36005045600,139,2020-12-21
36061007400,36005045600,417,2020-12-21
36061007600,36005045600,158,2020-12-21
36061008000,36005045600,131,2020-12-21
36061008400,36005045600,163,2020-12-21
36061009900,36005045600,128,2020-12-21
36061010400,36005045600,123,2020-12-21
36061010900,36005045600,153,2020-12-21
36061011202,36005045600,268,2020-12-21
36061011600,36005045600,203,2020-12-21
36061013400,36005045600,117,2020-12-21
36061014900,36005045600,110,2020-12-21
36061015300,36005045600,105,2020-12-21
36061015700,36005045600,332,2020-12-21
36061016100,36005045600,158,2020-12-21
36061016300,36005045600,674,2020-12-21
36061016500,36005045600,127,2020-12-21
36061016900,36005045600,126,2020-12-21
36061017100,36005045600,121,2020-12-21
36061017300,36005045600,441,2020-12-21
36061017500,36005045600,155,2020-12-21
36061017700,36005045600,277,2020-12-21
36061017900,36005045600,137,2020-12-21
36061018100,36005045600,165,2020-12-21
36061018600,36005045600,168,2020-12-21
36061018700,36005045600,175,2020-12-21
36061018800,36005045600,448,2020-12-21
36061019500,36005045600,244,2020-12-21
36061020500,36005045600,158,2020-12-21
36061021100,36005045600,134,2020-12-21
36061022200,36005045600,105,2020-12-21
36061022400,36005045600,123,2020-12-21
36061023000,36005045600,273,2020-12-21
36061023200,36005045600,173,2020-12-21
36061023300,36005045600,142,2020-12-21
36061023501,36005045600,150,2020-12-21
36061024500,36005045600,164,2020-12-21
36061026300,36005045600,140,2020-12-21
36061026500,36005045600,187,2020-12-21
36061028700,36005045600,151,2020-12-21
36061029900,36005045600,114,2020-12-21
36081068300,36005045600,128,2020-12-21
36081086900,36005045600,127,2020-12-21
36103110902,36005045600,120,2020-12-21
36119000900,36005045600,129,2020-12-21
36119001504,36005045600,398,2020-12-21
36119002104,36005045600,132,2020-12-21
36119002105,36005045600,271,2020-12-21
36119002600,36005045600,440,2020-12-21
36119003000,36005045600,468,2020-12-21
36119003400,36005045600,299,2020-12-21
36119003600,36005045600,169,2020-12-21
36119003800,36005045600,125,2020-12-21
36119004600,36005045600,286,2020-12-21
36119005002,36005045600,144,2020-12-21
36119005500,36005045600,1854,2020-12-21
36119005701,36005045600,572,2020-12-21
36119006300,36005045600,137,2020-12-21
36119008000,36005045600,126,2020-12-21
36119010701,36005045600,260,2020-12-21
36119011000,36005045600,150,2020-12-21
34003017100,36005045600,97,2020-12-28
34003036100,36005045600,127,2020-12-28
34017007800,36005045600,89,2020-12-28
36005000400,36005045600,146,2020-12-28
36005001900,36005045600,143,2020-12-28
36005002000,36005045600,137,2020-12-28
36005004200,36005045600,301,2020-12-28
36005004800,36005045600,121,2020-12-28
36005007600,36005045600,117,2020-12-28
36005009200,36005045600,193,2020-12-28
36005009300,36005045600,150,2020-12-28
36005016100,36005045600,106,2020-12-28
36005019900,36005045600,166,2020-12-28
36005031000,36005045600,141,2020-12-28
36005031200,36005045600,142,2020-12-28
36005034800,36005045600,233,2020-12-28
36005035000,36005045600,119,2020-12-28
36005035900,36005045600,160,2020-12-28
36005036300,36005045600,160,2020-12-28
36005038200,36005045600,193,2020-12-28
36005038800,36005045600,154,2020-12-28
36005039600,36005045600,113,2020-12-28
36005040600,36005045600,153,2020-12-28
36005042100,36005045600,224,2020-12-28
36005042600,36005045600,693,2020-12-28
36005042800,36005045600,496,2020-12-28
36005043400,36005045600,171,2020-12-28
36005044901,36005045600,127,2020-12-28
36005045600,36005045600,720,2020-12-28
36005046000,36005045600,149,2020-12-28
36005046201,36005045600,1072,2020-12-28
36005046202,36005045600,931,2020-12-28
36005048400,36005045600,138,2020-12-28
36047016300,36005045600,117,2020-12-28
36047043600,36005045600,118,2020-12-28
36059406900,36005045600,157,2020-12-28
36061002100,36005045600,108,2020-12-28
36061004900,36005045600,105,2020-12-28
36061007400,36005045600,147,2020-12-28
36061010000,36005045600,108,2020-12-28
36061010400,36005045600,229,2020-12-28
36061014602,36005045600,102,2020-12-28
36061014802,36005045600,102,2020-12-28
36061014900,36005045600,113,2020-12-28
36061015500,36005045600,381,2020-12-28
36061015700,36005045600,407,2020-12-28
36061015900,36005045600,226,2020-12-28
36061016100,36005045600,187,2020-12-28
36061016300,36005045600,464,2020-12-28
36061016700,36005045600,165,2020-12-28
36061016800,36005045600,190,2020-12-28
36061017000,36005045600,137,2020-12-28
36061017100,36005045600,311,2020-12-28
36061017500,36005045600,653,2020-12-28
36061017900,36005045600,139,2020-12-28
36061018700,36005045600,102,2020-12-28
36061018800,36005045600,227,2020-12-28
36061019600,36005045600,115,2020-12-28
36061019701,36005045600,102,2020-12-28
36061019900,36005045600,152,2020-12-28
36061020000,36005045600,111,2020-12-28
36061020101,36005045600,133,2020-12-28
36061021100,36005045600,132,2020-12-28
36061021303,36005045600,150,2020-12-28
36061021600,36005045600,305,2020-12-28
36061024500,36005045600,277,2020-12-28
36061029900,36005045600,146,2020-12-28
36081029400,36005045600,116,2020-12-28
36081090700,36005045600,250,2020-12-28
36081100802,36005045600,289,2020-12-28
36119002000,36005045600,297,2020-12-28
36119002202,36005045600,177,2020-12-28
36119002600,36005045600,1150,2020-12-28
36119003100,36005045600,249,2020-12-28
36119003300,36005045600,116,2020-12-28
36119003400,36005045600,115,2020-12-28
36119003800,36005045600,102,2020-12-28
36119005002,36005045600,242,2020-12-28
36119005500,36005045600,972,2020-12-28
36119005701,36005045600,246,2020-12-28
36119005702,36005045600,150,2020-12-28
36119006000,36005045600,243,2020-12-28
36119006100,36005045600,171,2020-12-28
36119006801,36005045600,122,2020-12-28
36119009300,36005045600,102,2020-12-28
36119009400,36005045600,171,2020-12-28
36119010803,36005045600,246,2020-12-28
36119011000,36005045600,102,2020-12-28
34003017500,36005045600,95,2021-01-04
34013021601,36005045600,116,2021-01-04
34017007700,36005045600,182,2021-01-04
36005001900,36005045600,106,2021-01-04
36005009200,36005045600,298,2021-01-04
36005018400,36005045600,359,2021-01-04
36005020000,36005045600,378,2021-01-04
36005026701,36005045600,145,2021-01-04
36005030200,36005045600,296,2021-01-04
36005033800,36005045600,111,2021-01-04
36005034200,36005045600,119,2021-01-04
36005034400,36005045600,158,2021-01-04
36005035000,36005045600,113,2021-01-04
36005036400,36005045600,145,2021-01-04
36005038600,36005045600,112,2021-01-04
36005039600,36005045600,117,2021-01-04
36005040900,36005045600,166,2021-01-04
36005041400,36005045600,157,2021-01-04
36005042000,36005045600,206,2021-01-04
36005042400,36005045600,155,2021-01-04
36005042600,36005045600,596,2021-01-04
36005042800,36005045600,150,2021-01-04
36005043100,36005045600,159,2021-01-04
36005045600,36005045600,234,2021-01-04
36005046000,36005045600,241,2021-01-04
36005046201,36005045600,1221,2021-01-04
36005046202,36005045600,879,2021-01-04
36005048400,36005045600,575,2021-01-04
36005050400,36005045600,523,2021-01-04
36061004300,36005045600,116,2021-01-04
36061004900,36005045600,147,2021-01-04
36061005400,36005045600,134,2021-01-04
36061011000,36005045600,180,2021-01-04
36061011202,36005045600,118,2021-01-04
36061012000,36005045600,157,2021-01-04
36061013500,36005045600,193,2021-01-04
36061014601,36005045600,109,2021-01-04
36061014602,36005045600,146,2021-01-04
36061014900,36005045600,178,2021-01-04
36061015300,36005045600,130,2021-01-04
36061015700,36005045600,311,2021-01-04
36061015900,36005045600,100,2021-01-04
36061016300,36005045600,408,2021-01-04
36061016900,36005045600,117,2021-01-04
36061017000,36005045600,143,2021-01-04
36061017500,36005045600,170,2021-01-04
36061018300,36005045600,172,2021-01-04
36061018600,36005045600,180,2021-01-04
36061018800,36005045600,133,2021-01-04
36061019600,36005045600,114,2021-01-04
36061019800,36005045600,127,2021-01-04
36061024301,36005045600,134,2021-01-04
36061028700,36005045600,100,2021-01-04
36061029900,36005045600,207,2021-01-04
36085013302,36005045600,204,2021-01-04
36119001301,36005045600,164,2021-01-04
36119001502,36005045600,142,2021-01-04
36119001503,36005045600,159,2021-01-04
36119001504,36005045600,458,2021-01-04
36119002202,36005045600,177,2021-01-04
36119002404,36005045600,120,2021-01-04
36119002600,36005045600,1141,2021-01-04
36119002700,36005045600,142,2021-01-04
36119003000,36005045600,236,2021-01-04
36119003100,36005045600,141,2021-01-04
36119003500,36005045600,100,2021-01-04
36119005500,36005045600,1737,2021-01-04
36119005701,36005045600,249,2021-01-04
36119005800,36005045600,113,2021-01-04
36119006000,36005045600,135,2021-01-04
36119006100,36005045600,100,2021-01-04
36119006802,36005045600,244,2021-01-04
36119007100,36005045600,250,2021-01-04
36119013000,36005045600,131,2021-01-04
34013980200,36005045600,129,2021-01-11
36005001900,36005045600,310,2021-01-11
36005009300,36005045600,428,2021-01-11
36005019900,36005045600,143,2021-01-11
36005022000,36005045600,162,2021-01-11
36005023800,36005045600,150,2021-01-11
36005030100,36005045600,333,2021-01-11
36005031000,36005045600,109,2021-01-11
36005033400,36005045600,160,2021-01-11
36005034200,36005045600,110,2021-01-11
36005034800,36005045600,100,2021-01-11
36005036400,36005045600,270,2021-01-11
36005037800,36005045600,124,2021-01-11
36005038000,36005045600,127,2021-01-11
36005038600,36005045600,126,2021-01-11
36005039400,36005045600,104,2021-01-11
36005039901,36005045600,277,2021-01-11
36005041800,36005045600,111,2021-01-11
36005042100,36005045600,132,2021-01-11
36005042200,36005045600,131,2021-01-11
36005042300,36005045600,105,2021-01-11
36005042600,36005045600,1122,2021-01-11
36005042800,36005045600,404,2021-01-11
36005043400,36005045600,280,2021-01-11
36005045600,36005045600,701,2021-01-11
36005046201,36005045600,893,2021-01-11
36005046202,36005045600,283,2021-01-11
36005048400,36005045600,772,2021-01-11
36047081600,36005045600,245,2021-01-11
36061004900,36005045600,113,2021-01-11
36061005800,36005045600,128,2021-01-11
36061007400,36005045600,159,2021-01-11
36061007600,36005045600,150,2021-01-11
36061009200,36005045600,175,2021-01-11
36061009800,36005045600,218,2021-01-11
36061010100,36005045600,160,2021-01-11
36061011202,36005045600,122,2021-01-11
36061011402,36005045600,117,2021-01-11
36061012900,36005045600,126,2021-01-11
36061013000,36005045600,100,2021-01-11
36061013700,36005045600,188,2021-01-11
36061014200,36005045600,148,2021-01-11
36061014500,36005045600,135,2021-01-11
36061014601,36005045600,155,2021-01-11
36061014900,36005045600,171,2021-01-11
36061015300,36005045600,236,2021-01-11
36061015400,36005045600,108,2021-01-11
36061015700,36005045600,477,2021-01-11
36061015900,36005045600,100,2021-01-11
36061016300,36005045600,350,2021-01-11
36061016500,36005045600,156,2021-01-11
36061016800,36005045600,153,2021-01-11
36061016900,36005045600,135,2021-01-11
36061017200,36005045600,371,2021-01-11
36061017300,36005045600,138,2021-01-11
36061017700,36005045600,160,2021-01-11
36061018300,36005045600,307,2021-01-11
36061018700,36005045600,219,2021-01-11
36061018800,36005045600,102,2021-01-11
36061019600,36005045600,108,2021-01-11
36061019900,36005045600,285,2021-01-11
36061024200,36005045600,353,2021-01-11
36061025700,36005045600,133,2021-01-11
36081015400,36005045600,144,2021-01-11
36081033100,36005045600,212,2021-01-11
36119001504,36005045600,217,2021-01-11
36119002000,36005045600,128,2021-01-11
36119002204,36005045600,128,2021-01-11
36119002600,36005045600,1066,2021-01-11
36119002700,36005045600,132,2021-01-11
36119003100,36005045600,102,2021-01-11
36119003300,36005045600,227,2021-01-11
36119003500,36005045600,100,2021-01-11
36119005300,36005045600,120,2021-01-11
36119005500,36005045600,1664,2021-01-11
36119005701,36005045600,204,2021-01-11
36119006000,36005045600,115,2021-01-11
36119006801,36005045600,125,2021-01-11
36119010701,36005045600,100,2021-01-11
36119010903,36005045600,135,2021-01-11
34003042302,36005045600,105,2021-01-18
34013980200,36005045600,137,2021-01-18
34017007700,36005045600,140,2021-01-18
36005000200,36005045600,148,2021-01-18
36005006300,36005045600,219,2021-01-18
36005009200,36005045600,123,2021-01-18
36005009300,36005045600,336,2021-01-18
36005015900,36005045600,127,2021-01-18
36005016500,36005045600,142,2021-01-18
36005017702,36005045600,148,2021-01-18
36005018500,36005045600,150,2021-01-18
36005019700,36005045600,128,2021-01-18
36005020501,36005045600,154,2021-01-18
36005022901,36005045600,140,2021-01-18
36005026701,36005045600,145,2021-01-18
36005028900,36005045600,119,2021-01-18
36005031000,36005045600,150,2021-01-18
36005033000,36005045600,127,2021-01-18
36005035000,36005045600,112,2021-01-18
36005035900,36005045600,156,2021-01-18
36005036800,36005045600,182,2021-01-18
36005038900,36005045600,143,2021-01-18
36005039200,36005045600,116,2021-01-18
36005041800,36005045600,253,2021-01-18
36005042100,36005045600,314,2021-01-18
36005042300,36005045600,122,2021-01-18
36005042600,36005045600,573,2021-01-18
36005043400,36005045600,134,2021-01-18
36005045600,36005045600,205,2021-01-18
36005046201,36005045600,676,2021-01-18
36005046202,36005045600,402,2021-01-18
36005048400,36005045600,841,2021-01-18
36005050400,36005045600,158,2021-01-18
36005051600,36005045600,121,2021-01-18
36047015700,36005045600,133,2021-01-18
36047047700,36005045600,106,2021-01-18
36059412100,36005045600,179,2021-01-18
36059413002,36005045600,133,2021-01-18
36061000800,36005045600,651,2021-01-18
36061001600,36005045600,106,2021-01-18
36061002100,36005045600,144,2021-01-18
36061003100,36005045600,116,2021-01-18
36061005502,36005045600,141,2021-01-18
36061005800,36005045600,695,2021-01-18
36061007400,36005045600,134,2021-01-18
36061007600,36005045600,583,2021-01-18
36061009400,36005045600,106,2021-01-18
36061009900,36005045600,153,2021-01-18
36061010100,36005045600,145,2021-01-18
36061010300,36005045600,141,2021-01-18
36061010601,36005045600,183,2021-01-18
36061010900,36005045600,112,2021-01-18
36061011202,36005045600,127,2021-01-18
36061011203,36005045600,106,2021-01-18
36061013000,36005045600,114,2021-01-18
36061013800,36005045600,126,2021-01-18
36061014601,36005045600,260,2021-01-18
36061015300,36005045600,409,2021-01-18
36061015500,36005045600,113,2021-01-18
36061015700,36005045600,149,2021-01-18
36061016100,36005045600,198,2021-01-18
36061016300,36005045600,404,2021-01-18
36061016900,36005045600,276,2021-01-18
36061017000,36005045600,128,2021-01-18
36061017100,36005045600,198,2021-01-18
36061017300,36005045600,148,2021-01-18
36061017800,36005045600,276,2021-01-18
36061018300,36005045600,229,2021-01-18
36061018800,36005045600,170,2021-01-18
36061021600,36005045600,238,2021-01-18
36061022200,36005045600,238,2021-01-18
36061022400,36005045600,123,2021-01-18
36061023900,36005045600,114,2021-01-18
36061024000,36005045600,185,2021-01-18
36061024100,36005045600,167,2021-01-18
36081001900,36005045600,128,2021-01-18
36081048400,36005045600,134,2021-01-18
36119000701,36005045600,291,2021-01-18
36119001504,36005045600,191,2021-01-18
36119002000,36005045600,471,2021-01-18
36119002105,36005045600,236,2021-01-18
36119002404,36005045600,132,2021-01-18
36119002600,36005045600,1318,2021-01-18
36119003300,36005045600,249,2021-01-18
36119005002,36005045600,324,2021-01-18
36119005300,36005045600,183,2021-01-18
36119005400,36005045600,137,2021-01-18
36119005500,36005045600,1798,2021-01-18
36119005701,36005045600,113,2021-01-18
36119006000,36005045600,150,2021-01-18
36119006802,36005045600,127,2021-01-18
36119006900,36005045600,119,2021-01-18
36119007000,36005045600,115,2021-01-18
36119008403,36005045600,166,2021-01-18
36119008404,36005045600,193,2021-01-18
36119009400,36005045600,128,2021-01-18
36119010600,36005045600,149,2021-01-18
36119011000,36005045600,235,2021-01-18
34017002400,36005045600,124,2021-01-25
36005000400,36005045600,116,2021-01-25
36005001900,36005045600,169,2021-01-25
36005002500,36005045600,172,2021-01-25
36005006300,36005045600,132,2021-01-25
36005009300,36005045600,163,2021-01-25
36005017300,36005045600,132,2021-01-25
36005020000,36005045600,191,2021-01-25
36005033400,36005045600,160,2021-01-25
36005035800,36005045600,124,2021-01-25
36005038900,36005045600,148,2021-01-25
36005041400,36005045600,141,2021-01-25
36005042000,36005045600,175,2021-01-25
36005042600,36005045600,1615,2021-01-25
36005042800,36005045600,435,2021-01-25
36005043400,36005045600,141,2021-01-25
36005044901,36005045600,113,2021-01-25
36005045102,36005045600,110,2021-01-25
36005045600,36005045600,959,2021-01-25
36005046201,36005045600,1300,2021-01-25
36005046202,36005045600,554,2021-01-25
36005048400,36005045600,825,2021-01-25
36005050400,36005045600,165,2021-01-25
36061003100,36005045600,133,2021-01-25
36061004300,36005045600,106,2021-01-25
36061005400,36005045600,113,2021-01-25
36061005800,36005045600,411,2021-01-25
36061008200,36005045600,117,2021-01-25
36061008700,36005045600,114,2021-01-25
36061009200,36005045600,135,2021-01-25
36061010100,36005045600,164,2021-01-25
36061011000,36005045600,339,2021-01-25
36061011202,36005045600,271,2021-01-25
36061011900,36005045600,241,2021-01-25
36061013400,36005045600,146,2021-01-25
36061013500,36005045600,327,2021-01-25
36061015900,36005045600,123,2021-01-25
36061016200,36005045600,221,2021-01-25
36061016300,36005045600,144,2021-01-25
36061016400,36005045600,130,2021-01-25
36061016900,36005045600,249,2021-01-25
36061017000,36005045600,267,2021-01-25
36061017100,36005045600,139,2021-01-25
36061017300,36005045600,199,2021-01-25
36061017900,36005045600,162,2021-01-25
36061018700,36005045600,206,2021-01-25
36061018800,36005045600,279,2021-01-25
36061021600,36005045600,190,2021-01-25
36061025100,36005045600,132,2021-01-25
36061027100,36005045600,210,2021-01-25
36061031704,36005045600,161,2021-01-25
36087011302,36005045600,132,2021-01-25
36119001505,36005045600,120,2021-01-25
36119002000,36005045600,276,2021-01-25
36119002404,36005045600,232,2021-01-25
36119002600,36005045600,1844,2021-01-25
36119003300,36005045600,126,2021-01-25
36119003400,36005045600,121,2021-01-25
36119005300,36005045600,159,2021-01-25
36119005500,36005045600,1748,2021-01-25
36119005701,36005045600,142,2021-01-25
36119006300,36005045600,120,2021-01-25
36119006600,36005045600,200,2021-01-25
36119006900,36005045600,111,2021-01-25
36119008404,36005045600,170,2021-01-25
36119010600,36005045600,148,2021-01-25
36119011000,36005045600,190,2021-01-25
34017007700,36005045600,98,2021-02-01
36005005001,36005045600,147,2021-02-01
36005009200,36005045600,421,2021-02-01
36005009300,36005045600,162,2021-02-01
36005011700,36005045600,262,2021-02-01
36005026701,36005045600,183,2021-02-01
36005026900,36005045600,123,2021-02-01
36005030100,36005045600,197,2021-02-01
36005031000,36005045600,196,2021-02-01
36005039700,36005045600,427,2021-02-01
36005040702,36005045600,171,2021-02-01
36005041400,36005045600,382,2021-02-01
36005042100,36005045600,298,2021-02-01
36005042600,36005045600,489,2021-02-01
36005042800,36005045600,172,2021-02-01
36005044901,36005045600,113,2021-02-01
36005045600,36005045600,601,2021-02-01
36005046000,36005045600,127,2021-02-01
36005046201,36005045600,321,2021-02-01
36005046202,36005045600,451,2021-02-01
36005048400,36005045600,1421,2021-02-01
36005050400,36005045600,493,2021-02-01
36047055500,36005045600,208,2021-02-01
36047080800,36005045600,255,2021-02-01
36059302102,36005045600,111,2021-02-01
36061004900,36005045600,148,2021-02-01
36061005800,36005045600,209,2021-02-01
36061007600,36005045600,182,2021-02-01
36061008400,36005045600,185,2021-02-01
36061009900,36005045600,168,2021-02-01
36061010200,36005045600,194,2021-02-01
36061010300,36005045600,197,2021-02-01
36061010602,36005045600,111,2021-02-01
36061011000,36005045600,349,2021-02-01
36061011202,36005045600,433,2021-02-01
36061011300,36005045600,129,2021-02-01
36061012800,36005045600,269,2021-02-01
36061013400,36005045600,171,2021-02-01
36061013700,36005045600,126,2021-02-01
36061014900,36005045600,146,2021-02-01
36061015002,36005045600,222,2021-02-01
36061015100,36005045600,644,2021-02-01
36061015300,36005045600,303,2021-02-01
36061015500,36005045600,334,2021-02-01
36061016100,36005045600,155,2021-02-01
36061016300,36005045600,280,2021-02-01
36061016900,36005045600,128,2021-02-01
36061017100,36005045600,275,2021-02-01
36061017200,36005045600,143,2021-02-01
36061017800,36005045600,120,2021-02-01
36061018100,36005045600,263,2021-02-01
36061018200,36005045600,338,2021-02-01
36061018300,36005045600,219,2021-02-01
36061018500,36005045600,157,2021-02-01
36061018800,36005045600,331,2021-02-01
36061019500,36005045600,147,2021-02-01
36061019900,36005045600,111,2021-02-01
36061021303,36005045600,161,2021-02-01
36061022400,36005045600,130,2021-02-01
36061023501,36005045600,140,2021-02-01
36061024100,36005045600,147,2021-02-01
36081016600,36005045600,125,2021-02-01
36103145703,36005045600,412,2021-02-01
36119002105,36005045600,261,2021-02-01
36119002600,36005045600,1615,2021-02-01
36119002700,36005045600,151,2021-02-01
36119003000,36005045600,203,2021-02-01
36119003100,36005045600,142,2021-02-01
36119003400,36005045600,203,2021-02-01
36119003800,36005045600,117,2021-02-01
36119004000,36005045600,291,2021-02-01
36119005001,36005045600,166,2021-02-01
36119005200,36005045600,136,2021-02-01
36119005300,36005045600,166,2021-02-01
36119005500,36005045600,1342,2021-02-01
36119009300,36005045600,111,2021-02-01
36119009400,36005045600,111,2021-02-01
34013015800,36005045600,115,2021-02-08
34039038300,36005045600,140,2021-02-08
36005001900,36005045600,469,2021-02-08
36005004200,36005045600,289,2021-02-08
36005007000,36005045600,126,2021-02-08
36005009300,36005045600,157,2021-02-08
36005011700,36005045600,411,2021-02-08
36005017702,36005045600,129,2021-02-08
36005020502,36005045600,125,2021-02-08
36005022403,36005045600,155,2021-02-08
36005022500,36005045600,107,2021-02-08
36005024700,36005045600,136,2021-02-08
36005029600,36005045600,924,2021-02-08
36005031000,36005045600,140,2021-02-08
36005031200,36005045600,147,2021-02-08
36005034300,36005045600,214,2021-02-08
36005034800,36005045600,130,2021-02-08
36005035000,36005045600,175,2021-02-08
36005035800,36005045600,161,2021-02-08
36005036100,36005045600,320,2021-02-08
36005037504,36005045600,155,2021-02-08
36005038100,36005045600,131,2021-02-08
36005038500,36005045600,208,2021-02-08
36005038600,36005045600,118,2021-02-08
36005040302,36005045600,136,2021-02-08
36005041800,36005045600,117,2021-02-08
36005042100,36005045600,513,2021-02-08
36005042400,36005045600,127,2021-02-08
36005042600,36005045600,1731,2021-02-08
36005043400,36005045600,405,2021-02-08
36005044400,36005045600,217,2021-02-08
36005046201,36005045600,700,2021-02-08
36005046202,36005045600,814,2021-02-08
36005048400,36005045600,553,2021-02-08
36047093600,36005045600,132,2021-02-08
36047096000,36005045600,107,2021-02-08
36047103400,36005045600,119,2021-02-08
36059520502,36005045600,169,2021-02-08
36061001502,36005045600,330,2021-02-08
36061002602,36005045600,136,2021-02-08
36061003900,36005045600,179,2021-02-08
36061004700,36005045600,128,2021-02-08
36061004900,36005045600,122,2021-02-08
36061005400,36005045600,222,2021-02-08
36061005800,36005045600,175,2021-02-08
36061006300,36005045600,166,2021-02-08
36061007100,36005045600,140,2021-02-08
36061007400,36005045600,165,2021-02-08
36061007700,36005045600,183,2021-02-08
36061008300,36005045600,146,2021-02-08
36061008400,36005045600,452,2021-02-08
36061009600,36005045600,214,2021-02-08
36061011202,36005045600,568,2021-02-08
36061011300,36005045600,451,2021-02-08
36061011401,36005045600,148,2021-02-08
36061011600,36005045600,153,2021-02-08
36061011800,36005045600,107,2021-02-08
36061012100,36005045600,125,2021-02-08
36061012900,36005045600,164,2021-02-08
36061013600,36005045600,107,2021-02-08
36061013700,36005045600,130,2021-02-08
36061013800,36005045600,139,2021-02-08
36061014602,36005045600,112,2021-02-08
36061014802,36005045600,123,2021-02-08
36061015100,36005045600,176,2021-02-08
36061015700,36005045600,579,2021-02-08
36061016100,36005045600,162,2021-02-08
36061016200,36005045600,148,2021-02-08
36061016300,36005045600,548,2021-02-08
36061017000,36005045600,116,2021-02-08
36061017100,36005045600,131,2021-02-08
36061017300,36005045600,322,2021-02-08
36061018100,36005045600,150,2021-02-08
36061018300,36005045600,305,2021-02-08
36061018800,36005045600,427,2021-02-08
36061019100,36005045600,113,2021-02-08
36061019900,36005045600,146,2021-02-08
36061021600,36005045600,119,2021-02-08
36061021800,36005045600,121,2021-02-08
36061024000,36005045600,239,2021-02-08
36061030900,36005045600,147,2021-02-08
36081044302,36005045600,147,2021-02-08
36081063800,36005045600,119,2021-02-08
36081064102,36005045600,152,2021-02-08
36081081400,36005045600,123,2021-02-08
36081090700,36005045600,309,2021-02-08
36119000401,36005045600,125,2021-02-08
36119001200,36005045600,132,2021-02-08
36119001503,36005045600,119,2021-02-08
36119002402,36005045600,119,2021-02-08
36119002600,36005045600,658,2021-02-08
36119003000,36005045600,665,2021-02-08
36119003100,36005045600,123,2021-02-08
36119003300,36005045600,326,2021-02-08
36119003600,36005045600,248,2021-02-08
36119004600,36005045600,148,2021-02-08
36119005002,36005045600,254,2021-02-08
36119005500,36005045600,2069,2021-02-08
36119005701,36005045600,241,2021-02-08
36119006801,36005045600,164,2021-02-08
36119006802,36005045600,408,2021-02-08
36119008602,36005045600,320,2021-02-08
36119009000,36005045600,409,2021-02-08
36119012200,36005045600,288,2021-02-08
36119012301,36005045600,111,2021-02-08
34003012001,36005045600,169,2021-02-15
34003013001,36005045600,99,2021-02-15
34013018300,36005045600,122,2021-02-15
36005000400,36005045600,135,2021-02-15
36005003900,36005045600,129,2021-02-15
36005005200,36005045600,131,2021-02-15
36005009300,36005045600,340,2021-02-15
36005011502,36005045600,120,2021-02-15
36005015100,36005045600,116,2021-02-15
36005016100,36005045600,168,2021-02-15
36005017701,36005045600,164,2021-02-15
36005022701,36005045600,191,2021-02-15
36005025100,36005045600,130,2021-02-15
36005026500,36005045600,120,2021-02-15
36005026701,36005045600,159,2021-02-15
36005028500,36005045600,119,2021-02-15
36005029600,36005045600,245,2021-02-15
36005030000,36005045600,147,2021-02-15
36005031000,36005045600,147,2021-02-15
36005032400,36005045600,131,2021-02-15
36005034800,36005045600,126,2021-02-15
36005035100,36005045600,108,2021-02-15
36005035800,36005045600,129,2021-02-15
36005035900,36005045600,171,2021-02-15
36005036400,36005045600,304,2021-02-15
36005036501,36005045600,115,2021-02-15
36005037300,36005045600,161,2021-02-15
36005038200,36005045600,123,2021-02-15
36005038600,36005045600,343,2021-02-15
36005039500,36005045600,126,2021-02-15
36005039700,36005045600,368,2021-02-15
36005040304,36005045600,120,2021-02-15
36005041800,36005045600,150,2021-02-15
36005042100,36005045600,164,2021-02-15
36005042600,36005045600,1111,2021-02-15
36005042800,36005045600,390,2021-02-15
36005045102,36005045600,130,2021-02-15
36005045600,36005045600,144,2021-02-15
36005046000,36005045600,140,2021-02-15
36005046201,36005045600,635,2021-02-15
36005046202,36005045600,1053,2021-02-15
36005048400,36005045600,1303,2021-02-15
36005050400,36005045600,347,2021-02-15
36047012902,36005045600,130,2021-02-15
36047016100,36005045600,179,2021-02-15
36047052500,36005045600,141,2021-02-15
36059520502,36005045600,142,2021-02-15
36061004000,36005045600,108,2021-02-15
36061004900,36005045600,470,2021-02-15
36061005800,36005045600,283,2021-02-15
36061005900,36005045600,129,2021-02-15
36061007400,36005045600,173,2021-02-15
36061007500,36005045600,108,2021-02-15
36061009200,36005045600,116,2021-02-15
36061009400,36005045600,108,2021-02-15
36061009900,36005045600,336,2021-02-15
36061010100,36005045600,156,2021-02-15
36061010200,36005045600,125,2021-02-15
36061011100,36005045600,108,2021-02-15
36061011201,36005045600,392,2021-02-15
36061011202,36005045600,135,2021-02-15
36061011300,36005045600,162,2021-02-15
36061012900,36005045600,122,2021-02-15
36061014802,36005045600,124,2021-02-15
36061015100,36005045600,182,2021-02-15
36061015300,36005045600,148,2021-02-15
36061015500,36005045600,452,2021-02-15
36061015700,36005045600,482,2021-02-15
36061016002,36005045600,191,2021-02-15
36061016100,36005045600,176,2021-02-15
36061016500,36005045600,393,2021-02-15
36061016900,36005045600,255,2021-02-15
36061017100,36005045600,120,2021-02-15
36061017200,36005045600,217,2021-02-15
36061017401,36005045600,180,2021-02-15
36061017700,36005045600,207,2021-02-15
36061017900,36005045600,234,2021-02-15
36061018500,36005045600,132,2021-02-15
36061019300,36005045600,116,2021-02-15
36061019600,36005045600,238,2021-02-15
36061020500,36005045600,190,2021-02-15
36061020901,36005045600,165,2021-02-15
36061021600,36005045600,280,2021-02-15
36061022200,36005045600,108,2021-02-15
36061022400,36005045600,108,2021-02-15
36061025700,36005045600,142,2021-02-15
36061031703,36005045600,204,2021-02-15
36079011200,36005045600,167,2021-02-15
36081003300,36005045600,126,2021-02-15
36119001504,36005045600,602,2021-02-15
36119002404,36005045600,125,2021-02-15
36119002600,36005045600,1220,2021-02-15
36119003100,36005045600,229,2021-02-15
36119003300,36005045600,130,2021-02-15
36119003900,36005045600,200,2021-02-15
36119004600,36005045600,135,2021-02-15
36119005002,36005045600,156,2021-02-15
36119005500,36005045600,2176,2021-02-15
36119005701,36005045600,125,2021-02-15
36119005902,36005045600,129,2021-02-15
36119006400,36005045600,122,2021-02-15
36119006802,36005045600,197,2021-02-15
36119008602,36005045600,496,2021-02-15
36119009000,36005045600,108,2021-02-15
36119009300,36005045600,108,2021-02-15
34017014600,36005045600,209,2021-02-22
36005000400,36005045600,179,2021-02-22
36005003900,36005045600,187,2021-02-22
36005004200,36005045600,349,2021-02-22
36005006300,36005045600,355,2021-02-22
36005014702,36005045600,206,2021-02-22
36005017300,36005045600,146,2021-02-22
36005017702,36005045600,134,2021-02-22
36005018301,36005045600,118,2021-02-22
36005022000,36005045600,189,2021-02-22
36005028800,36005045600,132,2021-02-22
36005029500,36005045600,168,2021-02-22
36005033400,36005045600,153,2021-02-22
36005033800,36005045600,189,2021-02-22
36005035600,36005045600,352,2021-02-22
36005035800,36005045600,157,2021-02-22
36005037100,36005045600,198,2021-02-22
36005038500,36005045600,230,2021-02-22
36005039700,36005045600,188,2021-02-22
36005040400,36005045600,147,2021-02-22
36005040600,36005045600,118,2021-02-22
36005041800,36005045600,304,2021-02-22
36005042200,36005045600,150,2021-02-22
36005042400,36005045600,192,2021-02-22
36005042500,36005045600,152,2021-02-22
36005042600,36005045600,812,2021-02-22
36005042800,36005045600,157,2021-02-22
36005043400,36005045600,443,2021-02-22
36005044400,36005045600,204,2021-02-22
36005044901,36005045600,138,2021-02-22
36005045102,36005045600,160,2021-02-22
36005045600,36005045600,720,2021-02-22
36005046201,36005045600,1040,2021-02-22
36005046202,36005045600,1194,2021-02-22
36005048400,36005045600,489,2021-02-22
36005050400,36005045600,493,2021-02-22
36047080400,36005045600,279,2021-02-22
36047122000,36005045600,173,2021-02-22
36059520502,36005045600,139,2021-02-22
36061001300,36005045600,160,2021-02-22
36061004700,36005045600,195,2021-02-22
36061004900,36005045600,450,2021-02-22
36061005800,36005045600,118,2021-02-22
36061006700,36005045600,362,2021-02-22
36061006900,36005045600,207,2021-02-22
36061010200,36005045600,219,2021-02-22
36061011202,36005045600,465,2021-02-22
36061011203,36005045600,198,2021-02-22
36061011401,36005045600,140,2021-02-22
36061012400,36005045600,262,2021-02-22
36061012500,36005045600,141,2021-02-22
36061013100,36005045600,154,2021-02-22
36061013200,36005045600,177,2021-02-22
36061013700,36005045600,170,2021-02-22
36061014602,36005045600,135,2021-02-22
36061014802,36005045600,318,2021-02-22
36061015002,36005045600,172,2021-02-22
36061015300,36005045600,376,2021-02-22
36061015700,36005045600,505,2021-02-22
36061015802,36005045600,134,2021-02-22
36061016300,36005045600,495,2021-02-22
36061016700,36005045600,197,2021-02-22
36061016900,36005045600,181,2021-02-22
36061017000,36005045600,177,2021-02-22
36061017300,36005045600,118,2021-02-22
36061017700,36005045600,209,2021-02-22
36061018700,36005045600,183,2021-02-22
36061019300,36005045600,144,2021-02-22
36061019500,36005045600,202,2021-02-22
36061019702,36005045600,135,2021-02-22
36061020500,36005045600,215,2021-02-22
36061021500,36005045600,131,2021-02-22
36061021600,36005045600,160,2021-02-22
36061022200,36005045600,199,2021-02-22
36061022400,36005045600,147,2021-02-22
36061023200,36005045600,179,2021-02-22
36061025100,36005045600,184,2021-02-22
36079011200,36005045600,146,2021-02-22
36081000100,36005045600,153,2021-02-22
36081008600,36005045600,130,2021-02-22
36081009800,36005045600,128,2021-02-22
36081010400,36005045600,123,2021-02-22
36081027500,36005045600,149,2021-02-22
36081126700,36005045600,295,2021-02-22
36081134700,36005045600,158,2021-02-22
36119000402,36005045600,154,2021-02-22
36119001504,36005045600,470,2021-02-22
36119002402,36005045600,164,2021-02-22
36119002404,36005045600,295,2021-02-22
36119002600,36005045600,1297,2021-02-22
36119003300,36005045600,157,2021-02-22
36119003400,36005045600,129,2021-02-22
36119003700,36005045600,146,2021-02-22
36119003900,36005045600,215,2021-02-22
36119004000,36005045600,226,2021-02-22
36119005100,36005045600,270,2021-02-22
36119005500,36005045600,2449,2021-02-22
36119005701,36005045600,130,2021-02-22
36119006000,36005045600,213,2021-02-22
36119006900,36005045600,129,2021-02-22
36119007000,36005045600,308,2021-02-22
36119009300,36005045600,130,2021-02-22
34003042500,36005045600,112,2021-03-01
34025811502,36005045600,151,2021-03-01
34029715401,36005045600,129,2021-03-01
36005001900,36005045600,171,2021-03-01
36005006300,36005045600,493,2021-03-01
36005006500,36005045600,132,2021-03-01
36005009300,36005045600,185,2021-03-01
36005012701,36005045600,155,2021-03-01
36005017702,36005045600,366,2021-03-01
36005028800,36005045600,245,2021-03-01
36005031000,36005045600,305,2021-03-01
36005032400,36005045600,173,2021-03-01
36005033400,36005045600,165,2021-03-01
36005034200,36005045600,169,2021-03-01
36005036100,36005045600,198,2021-03-01
36005037100,36005045600,382,2021-03-01
36005037300,36005045600,164,2021-03-01
36005038200,36005045600,209,2021-03-01
36005038500,36005045600,257,2021-03-01
36005038600,36005045600,134,2021-03-01
36005038800,36005045600,173,2021-03-01
36005038900,36005045600,142,2021-03-01
36005042200,36005045600,213,2021-03-01
36005042600,36005045600,776,2021-03-01
36005042902,36005045600,178,2021-03-01
36005043400,36005045600,297,2021-03-01
36005045600,36005045600,128,2021-03-01
36005046000,36005045600,475,2021-03-01
36005046201,36005045600,2133,2021-03-01
36005046202,36005045600,582,2021-03-01
36005048400,36005045600,325,2021-03-01
36047001800,36005045600,132,2021-03-01
36047051100,36005045600,122,2021-03-01
36047051300,36005045600,245,2021-03-01
36061000700,36005045600,143,2021-03-01
36061004900,36005045600,131,2021-03-01
36061007600,36005045600,173,2021-03-01
36061008000,36005045600,137,2021-03-01
36061009900,36005045600,417,2021-03-01
36061010400,36005045600,346,2021-03-01
36061011000,36005045600,132,2021-03-01
36061011202,36005045600,261,2021-03-01
36061011800,36005045600,176,2021-03-01
36061012500,36005045600,151,2021-03-01
36061012900,36005045600,186,2021-03-01
36061013600,36005045600,253,2021-03-01
36061014300,36005045600,184,2021-03-01
36061014500,36005045600,145,2021-03-01
36061014602,36005045600,122,2021-03-01
36061015002,36005045600,184,2021-03-01
36061015300,36005045600,195,2021-03-01
36061015500,36005045600,570,2021-03-01
36061015700,36005045600,566,2021-03-01
36061016002,36005045600,164,2021-03-01
36061016100,36005045600,235,2021-03-01
36061016900,36005045600,140,2021-03-01
36061017000,36005045600,566,2021-03-01
36061017300,36005045600,360,2021-03-01
36061017700,36005045600,318,2021-03-01
36061018200,36005045600,353,2021-03-01
36061018300,36005045600,422,2021-03-01
36061018500,36005045600,296,2021-03-01
36061018700,36005045600,392,2021-03-01
36061018800,36005045600,554,2021-03-01
36061019100,36005045600,148,2021-03-01
36061019200,36005045600,135,2021-03-01
36061019701,36005045600,201,2021-03-01
36061020000,36005045600,218,2021-03-01
36061020500,36005045600,215,2021-03-01
36061021303,36005045600,154,2021-03-01
36061021600,36005045600,165,2021-03-01
36061021800,36005045600,163,2021-03-01
36061021900,36005045600,219,2021-03-01
36061025100,36005045600,361,2021-03-01
36079011900,36005045600,122,2021-03-01
36081005800,36005045600,149,2021-03-01
36081015000,36005045600,244,2021-03-01
36081015802,36005045600,202,2021-03-01
36081017200,36005045600,150,2021-03-01
36081070700,36005045600,184,2021-03-01
36081086400,36005045600,221,2021-03-01
36085015400,36005045600,214,2021-03-01
36103122300,36005045600,187,2021-03-01
36119000900,36005045600,132,2021-03-01
36119001504,36005045600,295,2021-03-01
36119002000,36005045600,213,2021-03-01
36119002600,36005045600,1310,2021-03-01
36119003000,36005045600,144,2021-03-01
36119003300,36005045600,298,2021-03-01
36119003600,36005045600,122,2021-03-01
36119005001,36005045600,153,2021-03-01
36119005300,36005045600,152,2021-03-01
36119005500,36005045600,1156,2021-03-01
36119005701,36005045600,291,2021-03-01
36119006000,36005045600,427,2021-03-01
36119006100,36005045600,122,2021-03-01
36119006801,36005045600,149,2021-03-01
36119006802,36005045600,128,2021-03-01
36119006900,36005045600,219,2021-03-01
36119008404,36005045600,129,2021-03-01
36119009400,36005045600,467,2021-03-01
34003014000,36005045600,134,2021-03-08
34003037100,36005045600,121,2021-03-08
34023009400,36005045600,178,2021-03-08
36005004200,36005045600,189,2021-03-08
36005009200,36005045600,340,2021-03-08
36005009300,36005045600,148,2021-03-08
36005012101,36005045600,113,2021-03-08
36005021601,36005045600,210,2021-03-08
36005022000,36005045600,161,2021-03-08
36005026400,36005045600,207,2021-03-08
36005030100,36005045600,309,2021-03-08
36005031000,36005045600,150,2021-03-08
36005033000,36005045600,128,2021-03-08
36005034200,36005045600,273,2021-03-08
36005035000,36005045600,124,2021-03-08
36005035800,36005045600,137,2021-03-08
36005036000,36005045600,238,2021-03-08
36005036800,36005045600,185,2021-03-08
36005037504,36005045600,323,2021-03-08
36005038302,36005045600,147,2021-03-08
36005038600,36005045600,127,2021-03-08
36005040100,36005045600,141,2021-03-08
36005040600,36005045600,117,2021-03-08
36005042100,36005045600,461,2021-03-08
36005042600,36005045600,986,2021-03-08
36005042800,36005045600,377,2021-03-08
36005043400,36005045600,160,2021-03-08
36005043500,36005045600,173,2021-03-08
36005044400,36005045600,272,2021-03-08
36005045600,36005045600,580,2021-03-08
36005046000,36005045600,285,2021-03-08
36005046201,36005045600,822,2021-03-08
36005046202,36005045600,451,2021-03-08
36005048400,36005045600,966,2021-03-08
36047069601,36005045600,158,2021-03-08
36047080800,36005045600,273,2021-03-08
36047088800,36005045600,158,2021-03-08
36047093400,36005045600,191,2021-03-08
36047095000,36005045600,129,2021-03-08
36059407301,36005045600,117,2021-03-08
36061004900,36005045600,113,2021-03-08
36061005600,36005045600,139,2021-03-08
36061007400,36005045600,125,2021-03-08
36061008601,36005045600,151,2021-03-08
36061009800,36005045600,122,2021-03-08
36061010400,36005045600,254,2021-03-08
36061010900,36005045600,131,2021-03-08
36061011000,36005045600,193,2021-03-08
36061011202,36005045600,630,2021-03-08
36061013700,36005045600,130,2021-03-08
36061014300,36005045600,352,2021-03-08
36061014500,36005045600,219,2021-03-08
36061014802,36005045600,560,2021-03-08
36061015100,36005045600,147,2021-03-08
36061015300,36005045600,894,2021-03-08
36061015500,36005045600,246,2021-03-08
36061015700,36005045600,728,2021-03-08
36061015900,36005045600,204,2021-03-08
36061016100,36005045600,113,2021-03-08
36061016200,36005045600,195,2021-03-08
36061016300,36005045600,642,2021-03-08
36061016700,36005045600,140,2021-03-08
36061016900,36005045600,146,2021-03-08
36061017500,36005045600,774,2021-03-08
36061017700,36005045600,169,2021-03-08
36061017900,36005045600,322,2021-03-08
36061022900,36005045600,131,2021-03-08
36061024500,36005045600,503,2021-03-08
36061025700,36005045600,173,2021-03-08
36061029300,36005045600,153,2021-03-08
36081020800,36005045600,135,2021-03-08
36081024000,36005045600,113,2021-03-08
36081038302,36005045600,207,2021-03-08
36081071600,36005045600,199,2021-03-08
36085000900,36005045600,157,2021-03-08
36103146613,36005045600,128,2021-03-08
36103158604,36005045600,123,2021-03-08
36119001503,36005045600,283,2021-03-08
36119002404,36005045600,154,2021-03-08
36119002600,36005045600,1755,2021-03-08
36119003300,36005045600,132,2021-03-08
36119004600,36005045600,143,2021-03-08
36119005002,36005045600,173,2021-03-08
36119005400,36005045600,734,2021-03-08
36119005500,36005045600,1246,2021-03-08
36119005701,36005045600,266,2021-03-08
36119006000,36005045600,145,2021-03-08
36119006802,36005045600,127,2021-03-08
36119006900,36005045600,142,2021-03-08
36119008301,36005045600,310,2021-03-08
36119009300,36005045600,126,2021-03-08
36119010701,36005045600,435,2021-03-08
36119010702,36005045600,182,2021-03-08
36119014903,36005045600,212,2021-03-08
34027043100,36005045600,134,2021-03-15
36005002400,36005045600,177,2021-03-15
36005006300,36005045600,133,2021-03-15
36005007100,36005045600,111,2021-03-15
36005009200,36005045600,185,2021-03-15
36005009300,36005045600,152,2021-03-15
36005016100,36005045600,483,2021-03-15
36005016900,36005045600,136,2021-03-15
36005017500,36005045600,141,2021-03-15
36005020000,36005045600,158,2021-03-15
36005020502,36005045600,148,2021-03-15
36005024300,36005045600,171,2021-03-15
36005027600,36005045600,181,2021-03-15
36005029500,36005045600,155,2021-03-15
36005031000,36005045600,155,2021-03-15
36005032400,36005045600,281,2021-03-15
36005033400,36005045600,163,2021-03-15
36005038100,36005045600,153,2021-03-15
36005038500,36005045600,135,2021-03-15
36005038900,36005045600,228,2021-03-15
36005039500,36005045600,184,2021-03-15
36005041800,36005045600,147,2021-03-15
36005042000,36005045600,156,2021-03-15
36005042200,36005045600,155,2021-03-15
36005042600,36005045600,228,2021-03-15
36005042800,36005045600,137,2021-03-15
36005043100,36005045600,175,2021-03-15
36005043400,36005045600,302,2021-03-15
36005044901,36005045600,120,2021-03-15
36005045600,36005045600,171,2021-03-15
36005046201,36005045600,1480,2021-03-15
36005046202,36005045600,537,2021-03-15
36005048400,36005045600,574,2021-03-15
36047003500,36005045600,168,2021-03-15
36047093400,36005045600,170,2021-03-15
36047093600,36005045600,119,2021-03-15
36059301300,36005045600,135,2021-03-15
36061003300,36005045600,296,2021-03-15
36061004900,36005045600,255,2021-03-15
36061005400,36005045600,118,2021-03-15
36061005800,36005045600,263,2021-03-15
36061005900,36005045600,133,2021-03-15
36061006700,36005045600,126,2021-03-15
36061007400,36005045600,183,2021-03-15
36061007500,36005045600,139,2021-03-15
36061007600,36005045600,312,2021-03-15
36061007800,36005045600,458,2021-03-15
36061010200,36005045600,134,2021-03-15
36061010900,36005045600,277,2021-03-15
36061011000,36005045600,320,2021-03-15
36061012400,36005045600,161,2021-03-15
36061013600,36005045600,217,2021-03-15
36061013700,36005045600,149,2021-03-15
36061014000,36005045600,198,2021-03-15
36061014500,36005045600,541,2021-03-15
36061015002,36005045600,217,2021-03-15
36061015100,36005045600,145,2021-03-15
36061015700,36005045600,151,2021-03-15
36061015900,36005045600,115,2021-03-15
36061016300,36005045600,429,2021-03-15
36061016500,36005045600,279,2021-03-15
36061016900,36005045600,239,2021-03-15
36061017900,36005045600,130,2021-03-15
36061020000,36005045600,147,2021-03-15
36061021303,36005045600,211,2021-03-15
36061024500,36005045600,154,2021-03-15
36079011800,36005045600,188,2021-03-15
36081015802,36005045600,132,2021-03-15
36081071600,36005045600,187,2021-03-15
36119001503,36005045600,170,2021-03-15
36119002404,36005045600,501,2021-03-15
36119002600,36005045600,1122,2021-03-15
36119002700,36005045600,158,2021-03-15
36119002800,36005045600,148,2021-03-15
36119002900,36005045600,148,2021-03-15
36119003000,36005045600,583,2021-03-15
36119003100,36005045600,111,2021-03-15
36119003200,36005045600,163,2021-03-15
36119005002,36005045600,155,2021-03-15
36119005300,36005045600,346,2021-03-15
36119005500,36005045600,1194,2021-03-15
36119005701,36005045600,125,2021-03-15
36119005902,36005045600,160,2021-03-15
36119006000,36005045600,142,2021-03-15
36119006100,36005045600,144,2021-03-15
36119007000,36005045600,166,2021-03-15
36119009400,36005045600,149,2021-03-15
36119011200,36005045600,156,2021-03-15
36119012301,36005045600,164,2021-03-15
34003036100,36005045600,144,2021-03-22
34025808600,36005045600,104,2021-03-22
34025810200,36005045600,181,2021-03-22
34025810503,36005045600,104,2021-03-22
34025811502,36005045600,107,2021-03-22
36005004200,36005045600,163,2021-03-22
36005004300,36005045600,143,2021-03-22
36005005002,36005045600,180,2021-03-22
36005005100,36005045600,312,2021-03-22
36005006300,36005045600,228,2021-03-22
36005009200,36005045600,130,2021-03-22
36005016500,36005045600,259,2021-03-22
36005016900,36005045600,136,2021-03-22
36005017300,36005045600,150,2021-03-22
36005017702,36005045600,159,2021-03-22
36005018500,36005045600,108,2021-03-22
36005021602,36005045600,145,2021-03-22
36005028400,36005045600,145,2021-03-22
36005030200,36005045600,156,2021-03-22
36005030900,36005045600,151,2021-03-22
36005031000,36005045600,288,2021-03-22
36005033000,36005045600,157,2021-03-22
36005033400,36005045600,348,2021-03-22
36005034200,36005045600,165,2021-03-22
36005034800,36005045600,343,2021-03-22
36005035000,36005045600,127,2021-03-22
36005036501,36005045600,143,2021-03-22
36005037400,36005045600,285,2021-03-22
36005037800,36005045600,139,2021-03-22
36005039500,36005045600,169,2021-03-22
36005040502,36005045600,148,2021-03-22
36005041800,36005045600,233,2021-03-22
36005042100,36005045600,407,2021-03-22
36005042600,36005045600,944,2021-03-22
36005044400,36005045600,220,2021-03-22
36005044901,36005045600,127,2021-03-22
36005045600,36005045600,351,2021-03-22
36005046201,36005045600,2627,2021-03-22
36005046202,36005045600,412,2021-03-22
36005048400,36005045600,503,2021-03-22
36047093400,36005045600,217,2021-03-22
36047096400,36005045600,133,2021-03-22
36047105804,36005045600,121,2021-03-22
36059300700,36005045600,120,2021-03-22
36061001300,36005045600,178,2021-03-22
36061004900,36005045600,119,2021-03-22
36061005800,36005045600,233,2021-03-22
36061006800,36005045600,272,2021-03-22
36061007600,36005045600,181,2021-03-22
36061008400,36005045600,119,2021-03-22
36061010900,36005045600,159,2021-03-22
36061011500,36005045600,134,2021-03-22
36061014300,36005045600,176,2021-03-22
36061014402,36005045600,152,2021-03-22
36061015002,36005045600,134,2021-03-22
36061015100,36005045600,128,2021-03-22
36061015300,36005045600,143,2021-03-22
36061015500,36005045600,517,2021-03-22
36061015700,36005045600,217,2021-03-22
36061015900,36005045600,419,2021-03-22
36061016002,36005045600,143,2021-03-22
36061016100,36005045600,143,2021-03-22
36061016300,36005045600,140,2021-03-22
36061016500,36005045600,136,2021-03-22
36061016900,36005045600,547,2021-03-22
36061017500,36005045600,191,2021-03-22
36061018300,36005045600,226,2021-03-22
36061018700,36005045600,383,2021-03-22
36061020500,36005045600,204,2021-03-22
36061021303,36005045600,178,2021-03-22
36061021800,36005045600,114,2021-03-22
36061023300,36005045600,131,2021-03-22
36061023501,36005045600,177,2021-03-22
36061024500,36005045600,130,2021-03-22
36061026100,36005045600,194,2021-03-22
36081006100,36005045600,145,2021-03-22
36081010400,36005045600,113,2021-03-22
36081021900,36005045600,225,2021-03-22
36103122300,36005045600,162,2021-03-22
36119001301,36005045600,250,2021-03-22
36119001502,36005045600,125,2021-03-22
36119001503,36005045600,254,2021-03-22
36119002000,36005045600,136,2021-03-22
36119002600,36005045600,628,2021-03-22
36119003000,36005045600,128,2021-03-22
36119003100,36005045600,125,2021-03-22
36119005002,36005045600,753,2021-03-22
36119005300,36005045600,108,2021-03-22
36119005400,36005045600,433,2021-03-22
36119005500,36005045600,1504,2021-03-22
36119005701,36005045600,343,2021-03-22
36119005902,36005045600,116,2021-03-22
36119006000,36005045600,124,2021-03-22
36119006100,36005045600,119,2021-03-22
36119006600,36005045600,174,2021-03-22
36119009400,36005045600,146,2021-03-22
36119010801,36005045600,114,2021-03-22
36005016500,36005045600,137,2021-03-29
36005017702,36005045600,151,2021-03-29
36005022000,36005045600,172,2021-03-29
36005022901,36005045600,146,2021-03-29
36005023200,36005045600,118,2021-03-29
36005024700,36005045600,216,2021-03-29
36005026500,36005045600,154,2021-03-29
36005027600,36005045600,184,2021-03-29
36005031000,36005045600,147,2021-03-29
36005032400,36005045600,167,2021-03-29
36005032600,36005045600,173,2021-03-29
36005033202,36005045600,145,2021-03-29
36005033400,36005045600,317,2021-03-29
36005035100,36005045600,148,2021-03-29
36005035800,36005045600,307,2021-03-29
36005036400,36005045600,119,2021-03-29
36005037200,36005045600,206,2021-03-29
36005038500,36005045600,271,2021-03-29
36005038600,36005045600,372,2021-03-29
36005040302,36005045600,177,2021-03-29
36005040304,36005045600,139,2021-03-29
36005041400,36005045600,133,2021-03-29
36005042000,36005045600,167,2021-03-29
36005042200,36005045600,156,2021-03-29
36005042600,36005045600,779,2021-03-29
36005042800,36005045600,178,2021-03-29
36005043400,36005045600,540,2021-03-29
36005045600,36005045600,1033,2021-03-29
36005046201,36005045600,2274,2021-03-29
36005046202,36005045600,862,2021-03-29
36005048400,36005045600,294,2021-03-29
36005050400,36005045600,168,2021-03-29
36005051600,36005045600,131,2021-03-29
36047036900,36005045600,135,2021-03-29
36059520502,36005045600,134,2021-03-29
36061001300,36005045600,144,2021-03-29
36061003100,36005045600,132,2021-03-29
36061005800,36005045600,225,2021-03-29
36061006600,36005045600,156,2021-03-29
36061006800,36005045600,194,2021-03-29
36061007100,36005045600,123,2021-03-29
36061007600,36005045600,112,2021-03-29
36061009200,36005045600,169,2021-03-29
36061010400,36005045600,140,2021-03-29
36061011000,36005045600,177,2021-03-29
36061011202,36005045600,381,2021-03-29
36061011402,36005045600,112,2021-03-29
36061012500,36005045600,128,2021-03-29
36061013300,36005045600,168,2021-03-29
36061014500,36005045600,164,2021-03-29
36061015100,36005045600,238,2021-03-29
36061015500,36005045600,176,2021-03-29
36061015700,36005045600,140,2021-03-29
36061017000,36005045600,275,2021-03-29
36061017200,36005045600,135,2021-03-29
36061017300,36005045600,135,2021-03-29
36061017500,36005045600,191,2021-03-29
36061018100,36005045600,349,2021-03-29
36061018500,36005045600,148,2021-03-29
36061018800,36005045600,241,2021-03-29
36061019100,36005045600,148,2021-03-29
36061019300,36005045600,154,2021-03-29
36061019500,36005045600,161,2021-03-29
36061019900,36005045600,112,2021-03-29
36061021600,36005045600,130,2021-03-29
36061022200,36005045600,112,2021-03-29
36061024500,36005045600,326,2021-03-29
36061028500,36005045600,225,2021-03-29
36061029900,36005045600,327,2021-03-29
36079011800,36005045600,334,2021-03-29
36081009400,36005045600,271,2021-03-29
36081015000,36005045600,200,2021-03-29
36081015802,36005045600,137,2021-03-29
36081097300,36005045600,168,2021-03-29
36103135102,36005045600,134,2021-03-29
36103190403,36005045600,131,2021-03-29
36119000300,36005045600,135,2021-03-29
36119001401,36005045600,267,2021-03-29
36119001504,36005045600,243,2021-03-29
36119002404,36005045600,205,2021-03-29
36119002600,36005045600,840,2021-03-29
36119002800,36005045600,150,2021-03-29
36119003300,36005045600,329,2021-03-29
36119004600,36005045600,295,2021-03-29
36119005002,36005045600,299,2021-03-29
36119005300,36005045600,135,2021-03-29
36119005500,36005045600,2701,2021-03-29
36119005701,36005045600,267,2021-03-29
36119006000,36005045600,171,2021-03-29
36119006900,36005045600,130,2021-03-29
36119010803,36005045600,194,2021-03-29
36119014809,36005045600,134,2021-03-29
34027043000,36005045600,249,2021-04-05
36005001900,36005045600,168,2021-04-05
36005009300,36005045600,248,2021-04-05
36005011502,36005045600,162,2021-04-05
36005011700,36005045600,107,2021-04-05
36005017701,36005045600,131,2021-04-05
36005027600,36005045600,174,2021-04-05
36005028400,36005045600,161,2021-04-05
36005031000,36005045600,147,2021-04-05
36005031200,36005045600,126,2021-04-05
36005033400,36005045600,692,2021-04-05
36005033600,36005045600,147,2021-04-05
36005034000,36005045600,208,2021-04-05
36005034400,36005045600,155,2021-04-05
36005035600,36005045600,239,2021-04-05
36005035800,36005045600,276,2021-04-05
36005036100,36005045600,273,2021-04-05
36005036300,36005045600,153,2021-04-05
36005037100,36005045600,176,2021-04-05
36005038500,36005045600,215,2021-04-05
36005039100,36005045600,107,2021-04-05
36005040302,36005045600,148,2021-04-05
36005040600,36005045600,148,2021-04-05
36005041800,36005045600,122,2021-04-05
36005041900,36005045600,283,2021-04-05
36005042100,36005045600,165,2021-04-05
36005042200,36005045600,123,2021-04-05
36005042600,36005045600,843,2021-04-05
36005042800,36005045600,309,2021-04-05
36005043400,36005045600,120,2021-04-05
36005045600,36005045600,1091,2021-04-05
36005046201,36005045600,958,2021-04-05
36005046202,36005045600,984,2021-04-05
36005048400,36005045600,872,2021-04-05
36005051600,36005045600,116,2021-04-05
36047030100,36005045600,241,2021-04-05
36047030700,36005045600,124,2021-04-05
36047040500,36005045600,148,2021-04-05
36047042100,36005045600,126,2021-04-05
36047042300,36005045600,286,2021-04-05
36047093000,36005045600,115,2021-04-05
36047094401,36005045600,124,2021-04-05
36047099800,36005045600,167,2021-04-05
36061000900,36005045600,164,2021-04-05
36061001501,36005045600,123,2021-04-05
36061002100,36005045600,251,2021-04-05
36061003100,36005045600,141,2021-04-05
36061004700,36005045600,224,2021-04-05
36061005800,36005045600,154,2021-04-05
36061007400,36005045600,171,2021-04-05
36061007600,36005045600,287,2021-04-05
36061009200,36005045600,151,2021-04-05
36061009400,36005045600,218,2021-04-05
36061009900,36005045600,184,2021-04-05
36061011000,36005045600,119,2021-04-05
36061011202,36005045600,298,2021-04-05
36061011600,36005045600,500,2021-04-05
36061013700,36005045600,160,2021-04-05
36061014300,36005045600,145,2021-04-05
36061015002,36005045600,181,2021-04-05
36061015300,36005045600,116,2021-04-05
36061015400,36005045600,208,2021-04-05
36061015500,36005045600,186,2021-04-05
36061015700,36005045600,128,2021-04-05
36061016100,36005045600,125,2021-04-05
36061016300,36005045600,276,2021-04-05
36061016500,36005045600,215,2021-04-05
36061016800,36005045600,196,2021-04-05
36061016900,36005045600,130,2021-04-05
36061017800,36005045600,193,2021-04-05
36061018200,36005045600,301,2021-04-05
36061018300,36005045600,282,2021-04-05
36061018700,36005045600,130,2021-04-05
36061018800,36005045600,164,2021-04-05
36061019100,36005045600,136,2021-04-05
36061021600,36005045600,312,2021-04-05
36061021900,36005045600,140,2021-04-05
36061023501,36005045600,145,2021-04-05
36061024200,36005045600,167,2021-04-05
36061024500,36005045600,122,2021-04-05
36061025700,36005045600,111,2021-04-05
36061029900,36005045600,149,2021-04-05
36081015802,36005045600,127,2021-04-05
36081028800,36005045600,219,2021-04-05
36085000300,36005045600,131,2021-04-05
36087011602,36005045600,133,2021-04-05
36119001503,36005045600,134,2021-04-05
36119001504,36005045600,177,2021-04-05
36119002000,36005045600,295,2021-04-05
36119002600,36005045600,357,2021-04-05
36119003300,36005045600,253,2021-04-05
36119003600,36005045600,137,2021-04-05
36119005400,36005045600,765,2021-04-05
36119005500,36005045600,1464,2021-04-05
36119005702,36005045600,203,2021-04-05
36119006000,36005045600,697,2021-04-05
36119006300,36005045600,196,2021-04-05
36119006600,36005045600,136,2021-04-05
36119006900,36005045600,119,2021-04-05
36119007900,36005045600,138,2021-04-05
36119008301,36005045600,147,2021-04-05
36119010701,36005045600,243,2021-04-05
36119011000,36005045600,126,2021-04-05
34013002800,36005045600,121,2021-04-12
34027043000,36005045600,117,2021-04-12
36005000400,36005045600,115,2021-04-12
36005006300,36005045600,297,2021-04-12
36005008300,36005045600,270,2021-04-12
36005009200,36005045600,160,2021-04-12
36005009300,36005045600,213,2021-04-12
36005009800,36005045600,171,2021-04-12
36005016100,36005045600,152,2021-04-12
36005017300,36005045600,120,2021-04-12
36005017702,36005045600,164,2021-04-12
36005020000,36005045600,269,2021-04-12
36005020502,36005045600,155,2021-04-12
36005025700,36005045600,114,2021-04-12
36005027600,36005045600,169,2021-04-12
36005033400,36005045600,145,2021-04-12
36005033800,36005045600,148,2021-04-12
36005034200,36005045600,128,2021-04-12
36005034800,36005045600,172,2021-04-12
36005036300,36005045600,142,2021-04-12
36005036400,36005045600,132,2021-04-12
36005037100,36005045600,330,2021-04-12
36005038200,36005045600,398,2021-04-12
36005039901,36005045600,108,2021-04-12
36005040302,36005045600,145,2021-04-12
36005041800,36005045600,113,2021-04-12
36005042100,36005045600,122,2021-04-12
36005042200,36005045600,165,2021-04-12
36005042400,36005045600,158,2021-04-12
36005042600,36005045600,792,2021-04-12
36005042800,36005045600,145,2021-04-12
36005043000,36005045600,139,2021-04-12
36005043400,36005045600,538,2021-04-12
36005044400,36005045600,157,2021-04-12
36005045600,36005045600,599,2021-04-12
36005046201,36005045600,1960,2021-04-12
36005046202,36005045600,734,2021-04-12
36005048400,36005045600,666,2021-04-12
36005050400,36005045600,167,2021-04-12
36047031400,36005045600,187,2021-04-12
36047093400,36005045600,268,2021-04-12
36047096000,36005045600,111,2021-04-12
36059300700,36005045600,223,2021-04-12
36059301900,36005045600,152,2021-04-12
36059520502,36005045600,142,2021-04-12
36061000700,36005045600,276,2021-04-12
36061000900,36005045600,138,2021-04-12
36061001300,36005045600,291,2021-04-12
36061002900,36005045600,146,2021-04-12
36061003700,36005045600,180,2021-04-12
36061004700,36005045600,294,2021-04-12
36061006800,36005045600,333,2021-04-12
36061007400,36005045600,135,2021-04-12
36061007600,36005045600,135,2021-04-12
36061008000,36005045600,282,2021-04-12
36061008200,36005045600,156,2021-04-12
36061009900,36005045600,220,2021-04-12
36061010300,36005045600,198,2021-04-12
36061010900,36005045600,128,2021-04-12
36061011000,36005045600,178,2021-04-12
36061012100,36005045600,112,2021-04-12
36061012500,36005045600,175,2021-04-12
36061013700,36005045600,123,2021-04-12
36061013900,36005045600,108,2021-04-12
36061014802,36005045600,166,2021-04-12
36061015100,36005045600,190,2021-04-12
36061015300,36005045600,237,2021-04-12
36061016200,36005045600,184,2021-04-12
36061016300,36005045600,435,2021-04-12
36061016500,36005045600,120,2021-04-12
36061016700,36005045600,295,2021-04-12
36061016900,36005045600,118,2021-04-12
36061017100,36005045600,219,2021-04-12
36061017300,36005045600,203,2021-04-12
36061018600,36005045600,108,2021-04-12
36061018700,36005045600,301,2021-04-12
36061018900,36005045600,143,2021-04-12
36061021600,36005045600,108,2021-04-12
36061022200,36005045600,111,2021-04-12
36061023501,36005045600,130,2021-04-12
36079011800,36005045600,131,2021-04-12
36081010200,36005045600,191,2021-04-12
36081024000,36005045600,180,2021-04-12
36103122300,36005045600,162,2021-04-12
36119000900,36005045600,108,2021-04-12
36119001502,36005045600,132,2021-04-12
36119002101,36005045600,123,2021-04-12
36119002404,36005045600,122,2021-04-12
36119002600,36005045600,1281,2021-04-12
36119003000,36005045600,201,2021-04-12
36119003100,36005045600,121,2021-04-12
36119003300,36005045600,122,2021-04-12
36119003400,36005045600,261,2021-04-12
36119005500,36005045600,1646,2021-04-12
36119005701,36005045600,691,2021-04-12
36119006000,36005045600,294,2021-04-12
36119006100,36005045600,249,2021-04-12
36119006400,36005045600,214,2021-04-12
36119006801,36005045600,163,2021-04-12
36119006900,36005045600,135,2021-04-12
36119007100,36005045600,123,2021-04-12
36119007402,36005045600,126,2021-04-12
36119007900,36005045600,241,2021-04-12
36119008100,36005045600,226,2021-04-12
36119011000,36005045600,386,2021-04-12
34003006201,36005045600,114,2021-04-19
34003054600,36005045600,155,2021-04-19
36005001900,36005045600,166,2021-04-19
36005004200,36005045600,165,2021-04-19
36005006300,36005045600,117,2021-04-19
36005008300,36005045600,177,2021-04-19
36005009300,36005045600,198,2021-04-19
36005016900,36005045600,325,2021-04-19
36005017300,36005045600,257,2021-04-19
36005018102,36005045600,145,2021-04-19
36005018900,36005045600,193,2021-04-19
36005025000,36005045600,196,2021-04-19
36005027600,36005045600,191,2021-04-19
36005029600,36005045600,280,2021-04-19
36005030100,36005045600,342,2021-04-19
36005030200,36005045600,192,2021-04-19
36005031000,36005045600,141,2021-04-19
36005033201,36005045600,170,2021-04-19
36005033400,36005045600,178,2021-04-19
36005034800,36005045600,166,2021-04-19
36005035800,36005045600,113,2021-04-19
36005038100,36005045600,155,2021-04-19
36005038200,36005045600,269,2021-04-19
36005038500,36005045600,189,2021-04-19
36005038600,36005045600,138,2021-04-19
36005038700,36005045600,143,2021-04-19
36005039700,36005045600,142,2021-04-19
36005039800,36005045600,142,2021-04-19
36005040600,36005045600,128,2021-04-19
36005041400,36005045600,116,2021-04-19
36005041800,36005045600,139,2021-04-19
36005042600,36005045600,557,2021-04-19
36005043400,36005045600,157,2021-04-19
36005044400,36005045600,138,2021-04-19
36005045600,36005045600,687,2021-04-19
36005046201,36005045600,1198,2021-04-19
36005046202,36005045600,808,2021-04-19
36005048400,36005045600,148,2021-04-19
36005050400,36005045600,392,2021-04-19
36047096000,36005045600,280,2021-04-19
36059520502,36005045600,147,2021-04-19
36061005800,36005045600,109,2021-04-19
36061006600,36005045600,152,2021-04-19
36061008200,36005045600,122,2021-04-19
36061009400,36005045600,109,2021-04-19
36061010100,36005045600,111,2021-04-19
36061010400,36005045600,238,2021-04-19
36061010900,36005045600,573,2021-04-19
36061011000,36005045600,206,2021-04-19
36061011202,36005045600,160,2021-04-19
36061013400,36005045600,119,2021-04-19
36061014000,36005045600,117,2021-04-19
36061014500,36005045600,209,2021-04-19
36061014602,36005045600,118,2021-04-19
36061014802,36005045600,284,2021-04-19
36061015002,36005045600,152,2021-04-19
36061015300,36005045600,113,2021-04-19
36061015500,36005045600,307,2021-04-19
36061015602,36005045600,137,2021-04-19
36061016300,36005045600,338,2021-04-19
36061016700,36005045600,163,2021-04-19
36061016900,36005045600,114,2021-04-19
36061017000,36005045600,354,2021-04-19
36061017402,36005045600,156,2021-04-19
36061017900,36005045600,135,2021-04-19
36061018100,36005045600,187,2021-04-19
36061018300,36005045600,226,2021-04-19
36061019100,36005045600,130,2021-04-19
36061019500,36005045600,145,2021-04-19
36061019600,36005045600,116,2021-04-19
36061019900,36005045600,116,2021-04-19
36061020701,36005045600,132,2021-04-19
36061021200,36005045600,160,2021-04-19
36061021900,36005045600,139,2021-04-19
36061022200,36005045600,109,2021-04-19
36061022400,36005045600,160,2021-04-19
36061023501,36005045600,205,2021-04-19
36061024000,36005045600,175,2021-04-19
36061024301,36005045600,141,2021-04-19
36061024500,36005045600,190,2021-04-19
36061029900,36005045600,130,2021-04-19
36079011800,36005045600,196,2021-04-19
36081071600,36005045600,139,2021-04-19
36119000401,36005045600,177,2021-04-19
36119000900,36005045600,134,2021-04-19
36119001503,36005045600,150,2021-04-19
36119002000,36005045600,137,2021-04-19
36119002404,36005045600,139,2021-04-19
36119002600,36005045600,632,2021-04-19
36119003300,36005045600,351,2021-04-19
36119004000,36005045600,369,2021-04-19
36119004100,36005045600,175,2021-04-19
36119005300,36005045600,135,2021-04-19
36119005400,36005045600,374,2021-04-19
36119005500,36005045600,2388,2021-04-19
36119005701,36005045600,209,2021-04-19
36119005702,36005045600,255,2021-04-19
36119006000,36005045600,291,2021-04-19
36119006100,36005045600,251,2021-04-19
36119006300,36005045600,112,2021-04-19
36119006801,36005045600,128,2021-04-19
36119009400,36005045600,279,2021-04-19
36119010701,36005045600,156,2021-04-19
36119011000,36005045600,181,2021-04-19
34003017100,36005045600,158,2021-04-26
34003036100,36005045600,148,2021-04-26
34017001202,36005045600,92,2021-04-26
34017007600,36005045600,122,2021-04-26
34029717300,36005045600,443,2021-04-26
36005001900,36005045600,177,2021-04-26
36005002400,36005045600,183,2021-04-26
36005004200,36005045600,430,2021-04-26
36005006300,36005045600,172,2021-04-26
36005009300,36005045600,163,2021-04-26
36005011700,36005045600,267,2021-04-26
36005014500,36005045600,113,2021-04-26
36005016900,36005045600,123,2021-04-26
36005017702,36005045600,185,2021-04-26
36005018102,36005045600,148,2021-04-26
36005021100,36005045600,163,2021-04-26
36005022403,36005045600,124,2021-04-26
36005024400,36005045600,227,2021-04-26
36005030000,36005045600,135,2021-04-26
36005030100,36005045600,310,2021-04-26
36005032600,36005045600,145,2021-04-26
36005034000,36005045600,217,2021-04-26
36005038000,36005045600,108,2021-04-26
36005038200,36005045600,234,2021-04-26
36005038600,36005045600,116,2021-04-26
36005039700,36005045600,263,2021-04-26
36005040302,36005045600,319,2021-04-26
36005040400,36005045600,157,2021-04-26
36005042100,36005045600,137,2021-04-26
36005042200,36005045600,131,2021-04-26
36005042400,36005045600,134,2021-04-26
36005042500,36005045600,163,2021-04-26
36005042600,36005045600,1073,2021-04-26
36005042800,36005045600,155,2021-04-26
36005043100,36005045600,143,2021-04-26
36005043400,36005045600,268,2021-04-26
36005045600,36005045600,391,2021-04-26
36005046000,36005045600,128,2021-04-26
36005046201,36005045600,1102,2021-04-26
36005046202,36005045600,572,2021-04-26
36005048400,36005045600,1062,2021-04-26
36047069200,36005045600,126,2021-04-26
36047093000,36005045600,108,2021-04-26
36047093400,36005045600,197,2021-04-26
36047096000,36005045600,330,2021-04-26
36059300700,36005045600,160,2021-04-26
36061006500,36005045600,135,2021-04-26
36061008300,36005045600,119,2021-04-26
36061009900,36005045600,153,2021-04-26
36061010100,36005045600,133,2021-04-26
36061010200,36005045600,124,2021-04-26
36061010400,36005045600,129,2021-04-26
36061010800,36005045600,137,2021-04-26
36061010900,36005045600,108,2021-04-26
36061011402,36005045600,108,2021-04-26
36061013300,36005045600,129,2021-04-26
36061014500,36005045600,273,2021-04-26
36061015300,36005045600,130,2021-04-26
36061015500,36005045600,385,2021-04-26
36061015700,36005045600,159,2021-04-26
36061015900,36005045600,143,2021-04-26
36061016001,36005045600,206,2021-04-26
36061016100,36005045600,303,2021-04-26
36061016200,36005045600,169,2021-04-26
36061016300,36005045600,108,2021-04-26
36061016500,36005045600,149,2021-04-26
36061016900,36005045600,415,2021-04-26
36061017000,36005045600,174,2021-04-26
36061017100,36005045600,341,2021-04-26
36061017900,36005045600,137,2021-04-26
36061018300,36005045600,157,2021-04-26
36061018800,36005045600,168,2021-04-26
36061019000,36005045600,148,2021-04-26
36061020800,36005045600,127,2021-04-26
36061021303,36005045600,353,2021-04-26
36061021600,36005045600,155,2021-04-26
36061022102,36005045600,119,2021-04-26
36061022200,36005045600,125,2021-04-26
36061022301,36005045600,141,2021-04-26
36061024200,36005045600,144,2021-04-26
36061024500,36005045600,405,2021-04-26
36061029300,36005045600,121,2021-04-26
36061031100,36005045600,160,2021-04-26
36061031703,36005045600,203,2021-04-26
36081003300,36005045600,135,2021-04-26
36081030904,36005045600,241,2021-04-26
36081062200,36005045600,208,2021-04-26
36087011602,36005045600,130,2021-04-26
36087012402,36005045600,122,2021-04-26
36119000101,36005045600,253,2021-04-26
36119000801,36005045600,169,2021-04-26
36119000900,36005045600,125,2021-04-26
36119001401,36005045600,164,2021-04-26
36119001502,36005045600,191,2021-04-26
36119002000,36005045600,128,2021-04-26
36119002404,36005045600,251,2021-04-26
36119002600,36005045600,1303,2021-04-26
36119003000,36005045600,170,2021-04-26
36119003300,36005045600,190,2021-04-26
36119003600,36005045600,188,2021-04-26
36119003800,36005045600,111,2021-04-26
36119005001,36005045600,143,2021-04-26
36119005002,36005045600,118,2021-04-26
36119005400,36005045600,1057,2021-04-26
36119005500,36005045600,1283,2021-04-26
36119005701,36005045600,261,2021-04-26
36119006900,36005045600,134,2021-04-26
36119007200,36005045600,223,2021-04-26
36119007800,36005045600,150,2021-04-26
36119008602,36005045600,303,2021-04-26
36119012200,36005045600,203,2021-04-26
36119012802,36005045600,149,2021-04-26
34003036100,36005045600,144,2021-05-03
34027045401,36005045600,110,2021-05-03
36005001900,36005045600,150,2021-05-03
36005006500,36005045600,307,2021-05-03
36005007100,36005045600,117,2021-05-03
36005008900,36005045600,120,2021-05-03
36005009300,36005045600,183,2021-05-03
36005014702,36005045600,143,2021-05-03
36005016100,36005045600,159,2021-05-03
36005016900,36005045600,319,2021-05-03
36005017702,36005045600,207,2021-05-03
36005022000,36005045600,167,2021-05-03
36005022404,36005045600,122,2021-05-03
36005028400,36005045600,166,2021-05-03
36005029500,36005045600,176,2021-05-03
36005030200,36005045600,139,2021-05-03
36005031000,36005045600,136,2021-05-03
36005032600,36005045600,147,2021-05-03
36005033000,36005045600,138,2021-05-03
36005033400,36005045600,151,2021-05-03
36005034800,36005045600,106,2021-05-03
36005035800,36005045600,120,2021-05-03
36005036400,36005045600,168,2021-05-03
36005037100,36005045600,207,2021-05-03
36005039000,36005045600,122,2021-05-03
36005040400,36005045600,123,2021-05-03
36005040600,36005045600,150,2021-05-03
36005041800,36005045600,490,2021-05-03
36005042100,36005045600,131,2021-05-03
36005042600,36005045600,1182,2021-05-03
36005042800,36005045600,132,2021-05-03
36005043500,36005045600,167,2021-05-03
36005044400,36005045600,106,2021-05-03
36005044901,36005045600,120,2021-05-03
36005045600,36005045600,689,2021-05-03
36005046000,36005045600,128,2021-05-03
36005046201,36005045600,2406,2021-05-03
36005046202,36005045600,511,2021-05-03
36005048400,36005045600,738,2021-05-03
36005050400,36005045600,315,2021-05-03
36005051600,36005045600,149,2021-05-03
36047011400,36005045600,129,2021-05-03
36047049000,36005045600,122,2021-05-03
36047079801,36005045600,112,2021-05-03
36047080200,36005045600,160,2021-05-03
36047093400,36005045600,345,2021-05-03
36047096000,36005045600,106,2021-05-03
36059406801,36005045600,116,2021-05-03
36059520502,36005045600,140,2021-05-03
36061000700,36005045600,280,2021-05-03
36061004900,36005045600,141,2021-05-03
36061005600,36005045600,106,2021-05-03
36061007900,36005045600,126,2021-05-03
36061009200,36005045600,160,2021-05-03
36061009900,36005045600,180,2021-05-03
36061011202,36005045600,261,2021-05-03
36061011203,36005045600,134,2021-05-03
36061012800,36005045600,178,2021-05-03
36061013000,36005045600,362,2021-05-03
36061013300,36005045600,149,2021-05-03
36061013400,36005045600,144,2021-05-03
36061014500,36005045600,351,2021-05-03
36061014602,36005045600,115,2021-05-03
36061014900,36005045600,158,2021-05-03
36061015400,36005045600,184,2021-05-03
36061015700,36005045600,106,2021-05-03
36061016300,36005045600,438,2021-05-03
36061017000,36005045600,452,2021-05-03
36061017100,36005045600,170,2021-05-03
36061017300,36005045600,183,2021-05-03
36061017700,36005045600,124,2021-05-03
36061017900,36005045600,129,2021-05-03
36061018300,36005045600,161,2021-05-03
36061018600,36005045600,152,2021-05-03
36061019000,36005045600,106,2021-05-03
36061021303,36005045600,337,2021-05-03
36061021600,36005045600,302,2021-05-03
36061022000,36005045600,125,2021-05-03
36061022200,36005045600,415,2021-05-03
36061022600,36005045600,106,2021-05-03
36061023400,36005045600,165,2021-05-03
36061024500,36005045600,133,2021-05-03
36061025100,36005045600,167,2021-05-03
36061025700,36005045600,129,2021-05-03
36079011800,36005045600,226,2021-05-03
36081015802,36005045600,106,2021-05-03
36081017400,36005045600,183,2021-05-03
36081126700,36005045600,203,2021-05-03
36087013002,36005045600,189,2021-05-03
36119000402,36005045600,140,2021-05-03
36119001600,36005045600,264,2021-05-03
36119002000,36005045600,171,2021-05-03
36119002104,36005045600,141,2021-05-03
36119002105,36005045600,273,2021-05-03
36119002600,36005045600,1134,2021-05-03
36119003100,36005045600,111,2021-05-03
36119005001,36005045600,136,2021-05-03
36119005100,36005045600,124,2021-05-03
36119005300,36005045600,174,2021-05-03
36119005400,36005045600,541,2021-05-03
36119005500,36005045600,2152,2021-05-03
36119005701,36005045600,207,2021-05-03
36119006000,36005045600,148,2021-05-03
36119006500,36005045600,106,2021-05-03
36119006802,36005045600,126,2021-05-03
36119008000,36005045600,130,2021-05-03
36119008401,36005045600,352,2021-05-03
36119009400,36005045600,297,2021-05-03
36119011000,36005045600,135,2021-05-03
36119013000,36005045600,196,2021-05-03
36119014604,36005045600,339,2021-05-03
36119014808,36005045600,149,2021-05-03
34003050000,36005045600,102,2021-05-10
36005000400,36005045600,148,2021-05-10
36005001900,36005045600,446,2021-05-10
36005005100,36005045600,114,2021-05-10
36005007100,36005045600,432,2021-05-10
36005008300,36005045600,131,2021-05-10
36005011700,36005045600,250,2021-05-10
36005016900,36005045600,140,2021-05-10
36005017300,36005045600,127,2021-05-10
36005017702,36005045600,173,2021-05-10
36005018400,36005045600,136,2021-05-10
36005021100,36005045600,178,2021-05-10
36005022401,36005045600,130,2021-05-10
36005022403,36005045600,276,2021-05-10
36005030200,36005045600,138,2021-05-10
36005031000,36005045600,119,2021-05-10
36005033400,36005045600,157,2021-05-10
36005034200,36005045600,118,2021-05-10
36005035000,36005045600,111,2021-05-10
36005035800,36005045600,122,2021-05-10
36005036100,36005045600,185,2021-05-10
36005036501,36005045600,146,2021-05-10
36005038000,36005045600,181,2021-05-10
36005039901,36005045600,145,2021-05-10
36005041800,36005045600,170,2021-05-10
36005042200,36005045600,134,2021-05-10
36005042600,36005045600,576,2021-05-10
36005042800,36005045600,139,2021-05-10
36005045600,36005045600,234,2021-05-10
36005046000,36005045600,114,2021-05-10
36005046201,36005045600,1522,2021-05-10
36005046202,36005045600,747,2021-05-10
36005048400,36005045600,298,2021-05-10
36005050400,36005045600,148,2021-05-10
36047001500,36005045600,224,2021-05-10
36047027700,36005045600,144,2021-05-10
36047030100,36005045600,196,2021-05-10
36047069601,36005045600,128,2021-05-10
36047093400,36005045600,195,2021-05-10
36061002900,36005045600,129,2021-05-10
36061003800,36005045600,133,2021-05-10
36061009600,36005045600,107,2021-05-10
36061009900,36005045600,107,2021-05-10
36061010000,36005045600,151,2021-05-10
36061010400,36005045600,133,2021-05-10
36061010900,36005045600,107,2021-05-10
36061011300,36005045600,140,2021-05-10
36061011402,36005045600,111,2021-05-10
36061013300,36005045600,336,2021-05-10
36061013700,36005045600,292,2021-05-10
36061014300,36005045600,271,2021-05-10
36061014500,36005045600,204,2021-05-10
36061014802,36005045600,107,2021-05-10
36061015500,36005045600,198,2021-05-10
36061016300,36005045600,178,2021-05-10
36061017000,36005045600,335,2021-05-10
36061017100,36005045600,174,2021-05-10
36061017800,36005045600,322,2021-05-10
36061017900,36005045600,127,2021-05-10
36061018200,36005045600,147,2021-05-10
36061018500,36005045600,135,2021-05-10
36061018800,36005045600,296,2021-05-10
36061019400,36005045600,129,2021-05-10
36061019500,36005045600,152,2021-05-10
36061020500,36005045600,172,2021-05-10
36061020901,36005045600,142,2021-05-10
36061021303,36005045600,156,2021-05-10
36061021600,36005045600,179,2021-05-10
36061021900,36005045600,149,2021-05-10
36061022301,36005045600,126,2021-05-10
36061022400,36005045600,278,2021-05-10
36061023300,36005045600,155,2021-05-10
36061023501,36005045600,256,2021-05-10
36061024100,36005045600,157,2021-05-10
36061024500,36005045600,135,2021-05-10
36061025300,36005045600,107,2021-05-10
36061031703,36005045600,346,2021-05-10
36079011800,36005045600,321,2021-05-10
36081003400,36005045600,160,2021-05-10
36081015000,36005045600,164,2021-05-10
36081038302,36005045600,158,2021-05-10
36119000801,36005045600,129,2021-05-10
36119001403,36005045600,107,2021-05-10
36119001504,36005045600,241,2021-05-10
36119002202,36005045600,173,2021-05-10
36119002600,36005045600,1239,2021-05-10
36119003100,36005045600,217,2021-05-10
36119003300,36005045600,281,2021-05-10
36119003600,36005045600,107,2021-05-10
36119005002,36005045600,505,2021-05-10
36119005300,36005045600,160,2021-05-10
36119005400,36005045600,385,2021-05-10
36119005500,36005045600,1674,2021-05-10
36119005701,36005045600,132,2021-05-10
36119006000,36005045600,485,2021-05-10
36119008500,36005045600,122,2021-05-10
36119009400,36005045600,267,2021-05-10
36119010500,36005045600,167,2021-05-10
36119011200,36005045600,139,2021-05-10
34003042500,36005045600,116,2021-05-17
36005000400,36005045600,150,2021-05-17
36005001900,36005045600,173,2021-05-17
36005002702,36005045600,139,2021-05-17
36005005100,36005045600,123,2021-05-17
36005006500,36005045600,124,2021-05-17
36005007100,36005045600,123,2021-05-17
36005009300,36005045600,220,2021-05-17
36005014702,36005045600,194,2021-05-17
36005016900,36005045600,343,2021-05-17
36005017701,36005045600,138,2021-05-17
36005017702,36005045600,137,2021-05-17
36005022000,36005045600,129,2021-05-17
36005023800,36005045600,126,2021-05-17
36005028400,36005045600,168,2021-05-17
36005030100,36005045600,337,2021-05-17
36005031000,36005045600,214,2021-05-17
36005033000,36005045600,145,2021-05-17
36005035800,36005045600,175,2021-05-17
36005036100,36005045600,200,2021-05-17
36005036400,36005045600,129,2021-05-17
36005037100,36005045600,159,2021-05-17
36005038600,36005045600,254,2021-05-17
36005038800,36005045600,219,2021-05-17
36005041800,36005045600,384,2021-05-17
36005042000,36005045600,155,2021-05-17
36005042100,36005045600,232,2021-05-17
36005042200,36005045600,157,2021-05-17
36005042600,36005045600,1112,2021-05-17
36005042800,36005045600,157,2021-05-17
36005043100,36005045600,142,2021-05-17
36005043400,36005045600,142,2021-05-17
36005043600,36005045600,280,2021-05-17
36005045600,36005045600,120,2021-05-17
36005046201,36005045600,1535,2021-05-17
36005046202,36005045600,916,2021-05-17
36005048400,36005045600,698,2021-05-17
36047001500,36005045600,136,2021-05-17
36047002100,36005045600,114,2021-05-17
36047030100,36005045600,482,2021-05-17
36047084000,36005045600,109,2021-05-17
36047089200,36005045600,250,2021-05-17
36047093200,36005045600,148,2021-05-17
36047096000,36005045600,313,2021-05-17
36059300700,36005045600,144,2021-05-17
36059407301,36005045600,292,2021-05-17
36059520502,36005045600,132,2021-05-17
36059521801,36005045600,137,2021-05-17
36061000700,36005045600,274,2021-05-17
36061003002,36005045600,133,2021-05-17
36061003900,36005045600,174,2021-05-17
36061004900,36005045600,112,2021-05-17
36061005800,36005045600,109,2021-05-17
36061007800,36005045600,120,2021-05-17
36061007900,36005045600,122,2021-05-17
36061009000,36005045600,286,2021-05-17
36061009600,36005045600,128,2021-05-17
36061009900,36005045600,165,2021-05-17
36061010100,36005045600,147,2021-05-17
36061010400,36005045600,237,2021-05-17
36061010800,36005045600,246,2021-05-17
36061011000,36005045600,398,2021-05-17
36061012500,36005045600,181,2021-05-17
36061013000,36005045600,109,2021-05-17
36061013400,36005045600,116,2021-05-17
36061013700,36005045600,122,2021-05-17
36061013900,36005045600,109,2021-05-17
36061014500,36005045600,614,2021-05-17
36061014602,36005045600,109,2021-05-17
36061015300,36005045600,132,2021-05-17
36061015500,36005045600,180,2021-05-17
36061016300,36005045600,415,2021-05-17
36061016600,36005045600,118,2021-05-17
36061016900,36005045600,370,2021-05-17
36061017000,36005045600,471,2021-05-17
36061017300,36005045600,109,2021-05-17
36061017500,36005045600,256,2021-05-17
36061018200,36005045600,125,2021-05-17
36061018800,36005045600,179,2021-05-17
36061019400,36005045600,393,2021-05-17
36061022200,36005045600,154,2021-05-17
36061022400,36005045600,124,2021-05-17
36061023501,36005045600,138,2021-05-17
36061024000,36005045600,172,2021-05-17
36061024301,36005045600,140,2021-05-17
36061024500,36005045600,147,2021-05-17
36061025500,36005045600,152,2021-05-17
36081017400,36005045600,155,2021-05-17
36081099705,36005045600,149,2021-05-17
36119002105,36005045600,124,2021-05-17
36119002404,36005045600,135,2021-05-17
36119002600,36005045600,1332,2021-05-17
36119003300,36005045600,127,2021-05-17
36119003800,36005045600,197,2021-05-17
36119005400,36005045600,582,2021-05-17
36119005500,36005045600,1514,2021-05-17
36119005701,36005045600,262,2021-05-17
36119006000,36005045600,439,2021-05-17
36119006100,36005045600,137,2021-05-17
36119006500,36005045600,109,2021-05-17
36119007402,36005045600,118,2021-05-17
36119007500,36005045600,231,2021-05-17
36119008500,36005045600,121,2021-05-17
36119010803,36005045600,117,2021-05-17
34003023502,36005045600,151,2021-05-24
34003030100,36005045600,88,2021-05-24
34017007400,36005045600,181,2021-05-24
34017007700,36005045600,128,2021-05-24
36005006300,36005045600,184,2021-05-24
36005011502,36005045600,176,2021-05-24
36005017702,36005045600,139,2021-05-24
36005022000,36005045600,617,2021-05-24
36005022404,36005045600,179,2021-05-24
36005024400,36005045600,181,2021-05-24
36005030000,36005045600,123,2021-05-24
36005030100,36005045600,282,2021-05-24
36005030200,36005045600,118,2021-05-24
36005033400,36005045600,160,2021-05-24
36005035800,36005045600,113,2021-05-24
36005036800,36005045600,215,2021-05-24
36005037400,36005045600,133,2021-05-24
36005038000,36005045600,165,2021-05-24
36005038500,36005045600,207,2021-05-24
36005038600,36005045600,125,2021-05-24
36005040702,36005045600,147,2021-05-24
36005041400,36005045600,118,2021-05-24
36005041900,36005045600,226,2021-05-24
36005042100,36005045600,152,2021-05-24
36005042600,36005045600,675,2021-05-24
36005042800,36005045600,137,2021-05-24
36005045600,36005045600,238,2021-05-24
36005046201,36005045600,1918,2021-05-24
36005046202,36005045600,644,2021-05-24
36005048400,36005045600,759,2021-05-24
36005050400,36005045600,155,2021-05-24
36047003700,36005045600,142,2021-05-24
36047030100,36005045600,155,2021-05-24
36047096000,36005045600,151,2021-05-24
36059407301,36005045600,112,2021-05-24
36059410900,36005045600,132,2021-05-24
36059411000,36005045600,134,2021-05-24
36059411100,36005045600,136,2021-05-24
36059411302,36005045600,139,2021-05-24
36059520502,36005045600,117,2021-05-24
36061000900,36005045600,156,2021-05-24
36061001401,36005045600,145,2021-05-24
36061001502,36005045600,123,2021-05-24
36061003001,36005045600,119,2021-05-24
36061004100,36005045600,135,2021-05-24
36061004900,36005045600,117,2021-05-24
36061005200,36005045600,138,2021-05-24
36061005800,36005045600,119,2021-05-24
36061007400,36005045600,129,2021-05-24
36061009600,36005045600,119,2021-05-24
36061009900,36005045600,304,2021-05-24
36061010000,36005045600,168,2021-05-24
36061010300,36005045600,114,2021-05-24
36061010400,36005045600,201,2021-05-24
36061010900,36005045600,103,2021-05-24
36061011201,36005045600,134,2021-05-24
36061011800,36005045600,130,2021-05-24
36061012400,36005045600,165,2021-05-24
36061012600,36005045600,155,2021-05-24
36061014602,36005045600,110,2021-05-24
36061018000,36005045600,157,2021-05-24
36061018800,36005045600,286,2021-05-24
36061020000,36005045600,300,2021-05-24
36061020901,36005045600,153,2021-05-24
36061021200,36005045600,124,2021-05-24
36061021303,36005045600,416,2021-05-24
36061021600,36005045600,153,2021-05-24
36061022200,36005045600,322,2021-05-24
36061022400,36005045600,109,2021-05-24
36061023000,36005045600,118,2021-05-24
36061025700,36005045600,118,2021-05-24
36061031703,36005045600,125,2021-05-24
36061031704,36005045600,220,2021-05-24
36081015000,36005045600,188,2021-05-24
36081017400,36005045600,159,2021-05-24
36081021900,36005045600,153,2021-05-24
36081071600,36005045600,111,2021-05-24
36081100802,36005045600,170,2021-05-24
36103122300,36005045600,156,2021-05-24
36103169704,36005045600,110,2021-05-24
36119002000,36005045600,292,2021-05-24
36119002104,36005045600,129,2021-05-24
36119002105,36005045600,156,2021-05-24
36119002404,36005045600,157,2021-05-24
36119002600,36005045600,957,2021-05-24
36119003500,36005045600,169,2021-05-24
36119005300,36005045600,314,2021-05-24
36119005400,36005045600,833,2021-05-24
36119005500,36005045600,2043,2021-05-24
36119005701,36005045600,124,2021-05-24
36119006000,36005045600,124,2021-05-24
36119006300,36005045600,178,2021-05-24
36119008602,36005045600,233,2021-05-24
34003017100,36005045600,132,2021-05-31
34003017500,36005045600,92,2021-05-31
34003046300,36005045600,128,2021-05-31
36005000400,36005045600,290,2021-05-31
36005001900,36005045600,121,2021-05-31
36005004001,36005045600,129,2021-05-31
36005005100,36005045600,112,2021-05-31
36005006300,36005045600,432,2021-05-31
36005006500,36005045600,117,2021-05-31
36005009000,36005045600,240,2021-05-31
36005009300,36005045600,152,2021-05-31
36005015300,36005045600,205,2021-05-31
36005016100,36005045600,148,2021-05-31
36005017702,36005045600,171,2021-05-31
36005021100,36005045600,117,2021-05-31
36005022403,36005045600,120,2021-05-31
36005030000,36005045600,126,2021-05-31
36005030100,36005045600,279,2021-05-31
36005030200,36005045600,129,2021-05-31
36005031000,36005045600,134,2021-05-31
36005033400,36005045600,165,2021-05-31
36005036502,36005045600,112,2021-05-31
36005037100,36005045600,146,2021-05-31
36005038000,36005045600,124,2021-05-31
36005038600,36005045600,146,2021-05-31
36005040400,36005045600,126,2021-05-31
36005040900,36005045600,137,2021-05-31
36005041800,36005045600,194,2021-05-31
36005042100,36005045600,275,2021-05-31
36005042200,36005045600,264,2021-05-31
36005042600,36005045600,1331,2021-05-31
36005043400,36005045600,135,2021-05-31
36005043600,36005045600,123,2021-05-31
36005045101,36005045600,111,2021-05-31
36005045600,36005045600,223,2021-05-31
36005046000,36005045600,116,2021-05-31
36005046201,36005045600,1658,2021-05-31
36005046202,36005045600,134,2021-05-31
36005048400,36005045600,792,2021-05-31
36005050400,36005045600,283,2021-05-31
36047001500,36005045600,167,2021-05-31
36047032500,36005045600,157,2021-05-31
36047093400,36005045600,153,2021-05-31
36047096000,36005045600,133,2021-05-31
36059407201,36005045600,151,2021-05-31
36061005800,36005045600,150,2021-05-31
36061006100,36005045600,113,2021-05-31
36061008000,36005045600,112,2021-05-31
36061009100,36005045600,217,2021-05-31
36061009200,36005045600,193,2021-05-31
36061009900,36005045600,155,2021-05-31
36061010100,36005045600,141,2021-05-31
36061010400,36005045600,276,2021-05-31
36061010900,36005045600,258,2021-05-31
36061011402,36005045600,128,2021-05-31
36061011800,36005045600,103,2021-05-31
36061012000,36005045600,103,2021-05-31
36061013700,36005045600,170,2021-05-31
36061013800,36005045600,103,2021-05-31
36061013900,36005045600,112,2021-05-31
36061015300,36005045600,143,2021-05-31
36061015500,36005045600,176,2021-05-31
36061015900,36005045600,121,2021-05-31
36061016300,36005045600,253,2021-05-31
36061016500,36005045600,129,2021-05-31
36061016600,36005045600,103,2021-05-31
36061017000,36005045600,132,2021-05-31
36061018000,36005045600,135,2021-05-31
36061018200,36005045600,379,2021-05-31
36061018300,36005045600,267,2021-05-31
36061018800,36005045600,148,2021-05-31
36061021200,36005045600,133,2021-05-31
36061022200,36005045600,383,2021-05-31
36061023000,36005045600,154,2021-05-31
36061024500,36005045600,277,2021-05-31
36061025300,36005045600,103,2021-05-31
36079011800,36005045600,333,2021-05-31
36081000100,36005045600,103,2021-05-31
36081007100,36005045600,114,2021-05-31
36081029500,36005045600,143,2021-05-31
36081087100,36005045600,148,2021-05-31
36119001502,36005045600,120,2021-05-31
36119002000,36005045600,128,2021-05-31
36119002404,36005045600,122,2021-05-31
36119002600,36005045600,1827,2021-05-31
36119003000,36005045600,289,2021-05-31
36119003100,36005045600,131,2021-05-31
36119003400,36005045600,115,2021-05-31
36119004000,36005045600,147,2021-05-31
36119004100,36005045600,120,2021-05-31
36119004300,36005045600,124,2021-05-31
36119004600,36005045600,138,2021-05-31
36119005001,36005045600,123,2021-05-31
36119005002,36005045600,380,2021-05-31
36119005400,36005045600,466,2021-05-31
36119005500,36005045600,1534,2021-05-31
36119005701,36005045600,367,2021-05-31
36119005902,36005045600,139,2021-05-31
36119006000,36005045600,427,2021-05-31
36119006802,36005045600,240,2021-05-31
36119007500,36005045600,146,2021-05-31
36119008602,36005045600,322,2021-05-31
36119009400,36005045600,112,2021-05-31
36119013102,36005045600,175,2021-05-31
34003016000,36005045600,105,2021-06-07
34017005802,36005045600,326,2021-06-07
36005006300,36005045600,178,2021-06-07
36005014500,36005045600,132,2021-06-07
36005017300,36005045600,114,2021-06-07
36005022403,36005045600,167,2021-06-07
36005028400,36005045600,163,2021-06-07
36005033400,36005045600,146,2021-06-07
36005033700,36005045600,139,2021-06-07
36005036100,36005045600,207,2021-06-07
36005038302,36005045600,130,2021-06-07
36005038600,36005045600,131,2021-06-07
36005039400,36005045600,252,2021-06-07
36005039700,36005045600,665,2021-06-07
36005040400,36005045600,324,2021-06-07
36005040600,36005045600,277,2021-06-07
36005041400,36005045600,143,2021-06-07
36005041800,36005045600,166,2021-06-07
36005042200,36005045600,149,2021-06-07
36005042600,36005045600,993,2021-06-07
36005043400,36005045600,266,2021-06-07
36005044901,36005045600,123,2021-06-07
36005045101,36005045600,111,2021-06-07
36005045600,36005045600,714,2021-06-07
36005046201,36005045600,1546,2021-06-07
36005046202,36005045600,524,2021-06-07
36005048400,36005045600,326,2021-06-07
36005050400,36005045600,166,2021-06-07
36047014900,36005045600,127,2021-06-07
36059407301,36005045600,141,2021-06-07
36061004900,36005045600,224,2021-06-07
36061005200,36005045600,146,2021-06-07
36061005400,36005045600,156,2021-06-07
36061005800,36005045600,146,2021-06-07
36061007400,36005045600,162,2021-06-07
36061009900,36005045600,146,2021-06-07
36061010200,36005045600,246,2021-06-07
36061010800,36005045600,115,2021-06-07
36061010900,36005045600,129,2021-06-07
36061011201,36005045600,135,2021-06-07
36061011202,36005045600,627,2021-06-07
36061011300,36005045600,132,2021-06-07
36061011800,36005045600,117,2021-06-07
36061012500,36005045600,150,2021-06-07
36061012800,36005045600,153,2021-06-07
36061013000,36005045600,129,2021-06-07
36061013800,36005045600,173,2021-06-07
36061014900,36005045600,139,2021-06-07
36061015100,36005045600,172,2021-06-07
36061015300,36005045600,310,2021-06-07
36061016200,36005045600,199,2021-06-07
36061016300,36005045600,297,2021-06-07
36061017000,36005045600,121,2021-06-07
36061017100,36005045600,127,2021-06-07
36061017200,36005045600,121,2021-06-07
36061017300,36005045600,337,2021-06-07
36061017401,36005045600,146,2021-06-07
36061017900,36005045600,267,2021-06-07
36061018400,36005045600,167,2021-06-07
36061018800,36005045600,200,2021-06-07
36061021100,36005045600,216,2021-06-07
36061021600,36005045600,180,2021-06-07
36061022500,36005045600,133,2021-06-07
36061023200,36005045600,173,2021-06-07
36061024500,36005045600,168,2021-06-07
36061024700,36005045600,147,2021-06-07
36061025300,36005045600,144,2021-06-07
36061025500,36005045600,144,2021-06-07
36061026300,36005045600,119,2021-06-07
36061029300,36005045600,125,2021-06-07
36061029700,36005045600,236,2021-06-07
36061029900,36005045600,123,2021-06-07
36081066300,36005045600,383,2021-06-07
36081136700,36005045600,155,2021-06-07
36119002105,36005045600,278,2021-06-07
36119002404,36005045600,611,2021-06-07
36119002600,36005045600,1044,2021-06-07
36119003000,36005045600,198,2021-06-07
36119003100,36005045600,123,2021-06-07
36119003300,36005045600,132,2021-06-07
36119003400,36005045600,167,2021-06-07
36119003600,36005045600,241,2021-06-07
36119005002,36005045600,162,2021-06-07
36119005400,36005045600,324,2021-06-07
36119005500,36005045600,1930,2021-06-07
36119005701,36005045600,271,2021-06-07
36119006000,36005045600,497,2021-06-07
36119006802,36005045600,150,2021-06-07
36119006900,36005045600,139,2021-06-07
36119011000,36005045600,281,2021-06-07
36119012304,36005045600,134,2021-06-07
34027046106,36005045600,148,2021-06-14
34031154001,36005045600,148,2021-06-14
34039039800,36005045600,113,2021-06-14
36005001900,36005045600,129,2021-06-14
36005006300,36005045600,135,2021-06-14
36005009200,36005045600,117,2021-06-14
36005014702,36005045600,241,2021-06-14
36005016900,36005045600,139,2021-06-14
36005022200,36005045600,138,2021-06-14
36005022901,36005045600,139,2021-06-14
36005024100,36005045600,127,2021-06-14
36005032400,36005045600,202,2021-06-14
36005033400,36005045600,454,2021-06-14
36005034800,36005045600,110,2021-06-14
36005038600,36005045600,120,2021-06-14
36005039700,36005045600,412,2021-06-14
36005040400,36005045600,139,2021-06-14
36005041800,36005045600,287,2021-06-14
36005042100,36005045600,165,2021-06-14
36005042200,36005045600,268,2021-06-14
36005042600,36005045600,419,2021-06-14
36005043400,36005045600,167,2021-06-14
36005045600,36005045600,381,2021-06-14
36005046201,36005045600,547,2021-06-14
36005046202,36005045600,524,2021-06-14
36005048400,36005045600,1337,2021-06-14
36047069601,36005045600,124,2021-06-14
36059300700,36005045600,207,2021-06-14
36059407301,36005045600,122,2021-06-14
36059416900,36005045600,162,2021-06-14
36061005800,36005045600,128,2021-06-14
36061006400,36005045600,159,2021-06-14
36061007400,36005045600,764,2021-06-14
36061007600,36005045600,252,2021-06-14
36061008400,36005045600,169,2021-06-14
36061009200,36005045600,293,2021-06-14
36061009900,36005045600,189,2021-06-14
36061010200,36005045600,139,2021-06-14
36061010400,36005045600,294,2021-06-14
36061010900,36005045600,110,2021-06-14
36061011100,36005045600,158,2021-06-14
36061011202,36005045600,445,2021-06-14
36061011800,36005045600,147,2021-06-14
36061012000,36005045600,110,2021-06-14
36061012900,36005045600,127,2021-06-14
36061015002,36005045600,145,2021-06-14
36061015300,36005045600,174,2021-06-14
36061015500,36005045600,193,2021-06-14
36061015700,36005045600,158,2021-06-14
36061016200,36005045600,121,2021-06-14
36061016300,36005045600,527,2021-06-14
36061017000,36005045600,114,2021-06-14
36061017100,36005045600,152,2021-06-14
36061018300,36005045600,158,2021-06-14
36061018900,36005045600,164,2021-06-14
36061020901,36005045600,161,2021-06-14
36061021800,36005045600,146,2021-06-14
36061022200,36005045600,138,2021-06-14
36061022400,36005045600,143,2021-06-14
36061025300,36005045600,332,2021-06-14
36081071600,36005045600,116,2021-06-14
36087011303,36005045600,152,2021-06-14
36119002000,36005045600,129,2021-06-14
36119002202,36005045600,178,2021-06-14
36119002600,36005045600,1757,2021-06-14
36119002800,36005045600,438,2021-06-14
36119005002,36005045600,197,2021-06-14
36119005100,36005045600,247,2021-06-14
36119005300,36005045600,377,2021-06-14
36119005400,36005045600,429,2021-06-14
36119005500,36005045600,1404,2021-06-14
36119005701,36005045600,298,2021-06-14
36119006000,36005045600,577,2021-06-14
36119006900,36005045600,151,2021-06-14
36119008500,36005045600,167,2021-06-14
36119009300,36005045600,652,2021-06-14
36119009400,36005045600,115,2021-06-14
36119011200,36005045600,128,2021-06-14
36119013000,36005045600,213,2021-06-14
34017013900,36005045600,149,2021-06-21
34029717300,36005045600,95,2021-06-21
36005001900,36005045600,174,2021-06-21
36005003900,36005045600,153,2021-06-21
36005004001,36005045600,121,2021-06-21
36005004600,36005045600,152,2021-06-21
36005005100,36005045600,165,2021-06-21
36005006300,36005045600,335,2021-06-21
36005009200,36005045600,312,2021-06-21
36005017702,36005045600,438,2021-06-21
36005022000,36005045600,153,2021-06-21
36005022701,36005045600,153,2021-06-21
36005023703,36005045600,270,2021-06-21
36005025300,36005045600,135,2021-06-21
36005027300,36005045600,185,2021-06-21
36005030000,36005045600,135,2021-06-21
36005030200,36005045600,173,2021-06-21
36005031000,36005045600,301,2021-06-21
36005031200,36005045600,279,2021-06-21
36005035800,36005045600,123,2021-06-21
36005037100,36005045600,173,2021-06-21
36005038900,36005045600,160,2021-06-21
36005039400,36005045600,506,2021-06-21
36005039700,36005045600,372,2021-06-21
36005039901,36005045600,113,2021-06-21
36005040600,36005045600,146,2021-06-21
36005040800,36005045600,160,2021-06-21
36005041800,36005045600,170,2021-06-21
36005042100,36005045600,260,2021-06-21
36005042400,36005045600,130,2021-06-21
36005042600,36005045600,1149,2021-06-21
36005042800,36005045600,138,2021-06-21
36005043400,36005045600,144,2021-06-21
36005043500,36005045600,167,2021-06-21
36005045102,36005045600,173,2021-06-21
36005045600,36005045600,129,2021-06-21
36005046201,36005045600,2379,2021-06-21
36005046202,36005045600,725,2021-06-21
36005048400,36005045600,336,2021-06-21
36005050400,36005045600,320,2021-06-21
36047036900,36005045600,137,2021-06-21
36047093400,36005045600,180,2021-06-21
36047096000,36005045600,112,2021-06-21
36047102200,36005045600,273,2021-06-21
36059300700,36005045600,145,2021-06-21
36059407301,36005045600,122,2021-06-21
36059410000,36005045600,141,2021-06-21
36059411901,36005045600,129,2021-06-21
36059416900,36005045600,289,2021-06-21
36061004900,36005045600,121,2021-06-21
36061005502,36005045600,113,2021-06-21
36061006100,36005045600,125,2021-06-21
36061006200,36005045600,147,2021-06-21
36061007400,36005045600,118,2021-06-21
36061007600,36005045600,184,2021-06-21
36061010400,36005045600,231,2021-06-21
36061011402,36005045600,121,2021-06-21
36061012600,36005045600,194,2021-06-21
36061013100,36005045600,116,2021-06-21
36061014802,36005045600,164,2021-06-21
36061018800,36005045600,157,2021-06-21
36061021800,36005045600,150,2021-06-21
36061023501,36005045600,146,2021-06-21
36061024301,36005045600,135,2021-06-21
36061024500,36005045600,110,2021-06-21
36061031703,36005045600,169,2021-06-21
36081009800,36005045600,147,2021-06-21
36081015801,36005045600,141,2021-06-21
36081017400,36005045600,172,2021-06-21
36081126700,36005045600,156,2021-06-21
36087010101,36005045600,154,2021-06-21
36087012106,36005045600,138,2021-06-21
36103122300,36005045600,128,2021-06-21
36103123301,36005045600,110,2021-06-21
36103158711,36005045600,120,2021-06-21
36119000900,36005045600,129,2021-06-21
36119001102,36005045600,164,2021-06-21
36119001302,36005045600,133,2021-06-21
36119001403,36005045600,125,2021-06-21
36119001503,36005045600,159,2021-06-21
36119002000,36005045600,614,2021-06-21
36119002600,36005045600,2189,2021-06-21
36119002700,36005045600,151,2021-06-21
36119003000,36005045600,132,2021-06-21
36119003300,36005045600,130,2021-06-21
36119003800,36005045600,184,2021-06-21
36119003900,36005045600,115,2021-06-21
36119005002,36005045600,422,2021-06-21
36119005500,36005045600,2554,2021-06-21
36119005701,36005045600,263,2021-06-21
36119006000,36005045600,287,2021-06-21
36119006100,36005045600,127,2021-06-21
36119006802,36005045600,148,2021-06-21
36119009400,36005045600,429,2021-06-21
36119010701,36005045600,160,2021-06-21
36119011000,36005045600,276,2021-06-21
36119014808,36005045600,122,2021-06-21
34003042500,36005045600,125,2021-06-28
34039034800,36005045600,257,2021-06-28
36005000400,36005045600,164,2021-06-28
36005003900,36005045600,263,2021-06-28
36005004100,36005045600,161,2021-06-28
36005005100,36005045600,192,2021-06-28
36005007700,36005045600,154,2021-06-28
36005007800,36005045600,211,2021-06-28
36005009300,36005045600,212,2021-06-28
36005014500,36005045600,129,2021-06-28
36005017702,36005045600,147,2021-06-28
36005020000,36005045600,109,2021-06-28
36005022101,36005045600,125,2021-06-28
36005022703,36005045600,146,2021-06-28
36005023000,36005045600,178,2021-06-28
36005029600,36005045600,164,2021-06-28
36005033400,36005045600,314,2021-06-28
36005034800,36005045600,173,2021-06-28
36005035000,36005045600,122,2021-06-28
36005036300,36005045600,127,2021-06-28
36005039400,36005045600,129,2021-06-28
36005039600,36005045600,124,2021-06-28
36005040600,36005045600,210,2021-06-28
36005041400,36005045600,120,2021-06-28
36005042000,36005045600,182,2021-06-28
36005042400,36005045600,266,2021-06-28
36005042600,36005045600,851,2021-06-28
36005042800,36005045600,203,2021-06-28
36005043400,36005045600,589,2021-06-28
36005044901,36005045600,118,2021-06-28
36005045600,36005045600,252,2021-06-28
36005046000,36005045600,123,2021-06-28
36005046201,36005045600,2026,2021-06-28
36005046202,36005045600,1038,2021-06-28
36005048400,36005045600,726,2021-06-28
36005050400,36005045600,142,2021-06-28
36047034500,36005045600,128,2021-06-28
36047070203,36005045600,170,2021-06-28
36059300700,36005045600,115,2021-06-28
36059405100,36005045600,159,2021-06-28
36061004000,36005045600,123,2021-06-28
36061004800,36005045600,140,2021-06-28
36061005800,36005045600,128,2021-06-28
36061007400,36005045600,301,2021-06-28
36061009200,36005045600,148,2021-06-28
36061010400,36005045600,134,2021-06-28
36061011202,36005045600,128,2021-06-28
36061011300,36005045600,111,2021-06-28
36061011900,36005045600,397,2021-06-28
36061014500,36005045600,180,2021-06-28
36061015400,36005045600,184,2021-06-28
36061016300,36005045600,129,2021-06-28
36061016600,36005045600,301,2021-06-28
36061017000,36005045600,129,2021-06-28
36061017500,36005045600,118,2021-06-28
36061017900,36005045600,123,2021-06-28
36061018100,36005045600,158,2021-06-28
36061018300,36005045600,117,2021-06-28
36061019600,36005045600,116,2021-06-28
36061019900,36005045600,113,2021-06-28
36061020102,36005045600,115,2021-06-28
36061020500,36005045600,164,2021-06-28
36061021600,36005045600,169,2021-06-28
36081008500,36005045600,208,2021-06-28
36081071600,36005045600,133,2021-06-28
36081093800,36005045600,212,2021-06-28
36103159412,36005045600,379,2021-06-28
36103190800,36005045600,171,2021-06-28
36119000900,36005045600,173,2021-06-28
36119002105,36005045600,118,2021-06-28
36119002404,36005045600,239,2021-06-28
36119002600,36005045600,1042,2021-06-28
36119003300,36005045600,121,2021-06-28
36119003800,36005045600,133,2021-06-28
36119005002,36005045600,365,2021-06-28
36119005300,36005045600,167,2021-06-28
36119005400,36005045600,126,2021-06-28
36119005500,36005045600,1887,2021-06-28
36119005701,36005045600,263,2021-06-28
36119006000,36005045600,130,2021-06-28
36119006100,36005045600,146,2021-06-28
36119006802,36005045600,140,2021-06-28
36119008902,36005045600,169,2021-06-28
36119009400,36005045600,124,2021-06-28
36119010701,36005045600,306,2021-06-28
36119010803,36005045600,113,2021-06-28
34017007700,36005045600,144,2021-07-05
34025811900,36005045600,101,2021-07-05
34027041704,36005045600,182,2021-07-05
34029717300,36005045600,421,2021-07-05
36005000200,36005045600,165,2021-07-05
36005002500,36005045600,120,2021-07-05
36005003100,36005045600,174,2021-07-05
36005003900,36005045600,155,2021-07-05
36005004100,36005045600,159,2021-07-05
36005006000,36005045600,124,2021-07-05
36005006300,36005045600,123,2021-07-05
36005006500,36005045600,148,2021-07-05
36005009000,36005045600,360,2021-07-05
36005012901,36005045600,232,2021-07-05
36005013800,36005045600,161,2021-07-05
36005016700,36005045600,125,2021-07-05
36005017300,36005045600,322,2021-07-05
36005031000,36005045600,273,2021-07-05
36005032600,36005045600,145,2021-07-05
36005033000,36005045600,113,2021-07-05
36005034000,36005045600,184,2021-07-05
36005035000,36005045600,276,2021-07-05
36005036400,36005045600,118,2021-07-05
36005036502,36005045600,175,2021-07-05
36005038500,36005045600,212,2021-07-05
36005038600,36005045600,141,2021-07-05
36005038700,36005045600,135,2021-07-05
36005040302,36005045600,135,2021-07-05
36005040303,36005045600,166,2021-07-05
36005040304,36005045600,163,2021-07-05
36005040600,36005045600,337,2021-07-05
36005042100,36005045600,153,2021-07-05
36005042200,36005045600,169,2021-07-05
36005042600,36005045600,465,2021-07-05
36005045600,36005045600,441,2021-07-05
36005046201,36005045600,1825,2021-07-05
36005046202,36005045600,515,2021-07-05
36005048400,36005045600,558,2021-07-05
36005050400,36005045600,139,2021-07-05
36005051600,36005045600,107,2021-07-05
36047034500,36005045600,125,2021-07-05
36047087401,36005045600,151,2021-07-05
36047096600,36005045600,128,2021-07-05
36059407301,36005045600,110,2021-07-05
36059520502,36005045600,184,2021-07-05
36061004700,36005045600,115,2021-07-05
36061004900,36005045600,113,2021-07-05
36061006900,36005045600,192,2021-07-05
36061007600,36005045600,161,2021-07-05
36061009600,36005045600,158,2021-07-05
36061010900,36005045600,121,2021-07-05
36061011100,36005045600,163,2021-07-05
36061011202,36005045600,280,2021-07-05
36061011402,36005045600,121,2021-07-05
36061011800,36005045600,129,2021-07-05
36061013200,36005045600,123,2021-07-05
36061013500,36005045600,137,2021-07-05
36061013900,36005045600,196,2021-07-05
36061015002,36005045600,245,2021-07-05
36061015300,36005045600,418,2021-07-05
36061015500,36005045600,156,2021-07-05
36061015900,36005045600,148,2021-07-05
36061016300,36005045600,231,2021-07-05
36061016500,36005045600,203,2021-07-05
36061016600,36005045600,155,2021-07-05
36061017000,36005045600,122,2021-07-05
36061017100,36005045600,225,2021-07-05
36061019300,36005045600,107,2021-07-05
36061019600,36005045600,120,2021-07-05
36061022200,36005045600,113,2021-07-05
36061024500,36005045600,107,2021-07-05
36061025300,36005045600,179,2021-07-05
36061029900,36005045600,237,2021-07-05
36079011800,36005045600,233,2021-07-05
36081017400,36005045600,209,2021-07-05
36103159412,36005045600,122,2021-07-05
36103190704,36005045600,334,2021-07-05
36103190800,36005045600,206,2021-07-05
36103200901,36005045600,149,2021-07-05
36103200902,36005045600,168,2021-07-05
36119001502,36005045600,134,2021-07-05
36119001600,36005045600,107,2021-07-05
36119002000,36005045600,148,2021-07-05
36119002105,36005045600,383,2021-07-05
36119002202,36005045600,172,2021-07-05
36119002404,36005045600,243,2021-07-05
36119002600,36005045600,970,2021-07-05
36119003300,36005045600,283,2021-07-05
36119003400,36005045600,271,2021-07-05
36119005400,36005045600,183,2021-07-05
36119005500,36005045600,2182,2021-07-05
36119005701,36005045600,376,2021-07-05
36119006100,36005045600,157,2021-07-05
36119006300,36005045600,130,2021-07-05
36119007200,36005045600,107,2021-07-05
36119007800,36005045600,124,2021-07-05
36119010701,36005045600,135,2021-07-05
36119011000,36005045600,269,2021-07-05
34003017100,36005045600,274,2021-07-12
34003036100,36005045600,146,2021-07-12
34003058100,36005045600,156,2021-07-12
34017010300,36005045600,110,2021-07-12
34027046106,36005045600,180,2021-07-12
36005002400,36005045600,188,2021-07-12
36005005100,36005045600,133,2021-07-12
36005006300,36005045600,185,2021-07-12
36005008300,36005045600,144,2021-07-12
36005012101,36005045600,179,2021-07-12
36005017701,36005045600,132,2021-07-12
36005020000,36005045600,290,2021-07-12
36005021800,36005045600,120,2021-07-12
36005022902,36005045600,181,2021-07-12
36005023704,36005045600,130,2021-07-12
36005033400,36005045600,304,2021-07-12
36005035800,36005045600,389,2021-07-12
36005036100,36005045600,133,2021-07-12
36005037504,36005045600,164,2021-07-12
36005038600,36005045600,187,2021-07-12
36005039700,36005045600,232,2021-07-12
36005039902,36005045600,175,2021-07-12
36005040302,36005045600,155,2021-07-12
36005040501,36005045600,136,2021-07-12
36005040600,36005045600,525,2021-07-12
36005040702,36005045600,159,2021-07-12
36005041400,36005045600,172,2021-07-12
36005041800,36005045600,437,2021-07-12
36005042100,36005045600,171,2021-07-12
36005042600,36005045600,207,2021-07-12
36005043000,36005045600,177,2021-07-12
36005043400,36005045600,264,2021-07-12
36005043600,36005045600,146,2021-07-12
36005044800,36005045600,243,2021-07-12
36005044901,36005045600,126,2021-07-12
36005045600,36005045600,372,2021-07-12
36005046201,36005045600,936,2021-07-12
36005046202,36005045600,713,2021-07-12
36005048400,36005045600,811,2021-07-12
36047044900,36005045600,129,2021-07-12
36047072800,36005045600,136,2021-07-12
36047093400,36005045600,156,2021-07-12
36059300700,36005045600,145,2021-07-12
36059407301,36005045600,441,2021-07-12
36059412900,36005045600,131,2021-07-12
36059413500,36005045600,122,2021-07-12
36059414400,36005045600,131,2021-07-12
36059520502,36005045600,122,2021-07-12
36061001501,36005045600,150,2021-07-12
36061004900,36005045600,223,2021-07-12
36061005800,36005045600,258,2021-07-12
36061006300,36005045600,138,2021-07-12
36061007300,36005045600,198,2021-07-12
36061008000,36005045600,120,2021-07-12
36061008400,36005045600,165,2021-07-12
36061009200,36005045600,141,2021-07-12
36061009400,36005045600,178,2021-07-12
36061009600,36005045600,141,2021-07-12
36061009800,36005045600,156,2021-07-12
36061009900,36005045600,151,2021-07-12
36061010200,36005045600,241,2021-07-12
36061010800,36005045600,139,2021-07-12
36061010900,36005045600,176,2021-07-12
36061011202,36005045600,658,2021-07-12
36061011300,36005045600,613,2021-07-12
36061011402,36005045600,128,2021-07-12
36061011500,36005045600,174,2021-07-12
36061012200,36005045600,189,2021-07-12
36061012500,36005045600,153,2021-07-12
36061014300,36005045600,127,2021-07-12
36061015500,36005045600,284,2021-07-12
36061016100,36005045600,149,2021-07-12
36061016300,36005045600,158,2021-07-12
36061017100,36005045600,121,2021-07-12
36061017200,36005045600,156,2021-07-12
36061017700,36005045600,186,2021-07-12
36061018300,36005045600,108,2021-07-12
36061019600,36005045600,108,2021-07-12
36061019900,36005045600,121,2021-07-12
36061020500,36005045600,406,2021-07-12
36061023501,36005045600,134,2021-07-12
36061024500,36005045600,108,2021-07-12
36081010000,36005045600,139,2021-07-12
36081010600,36005045600,123,2021-07-12
36081011000,36005045600,114,2021-07-12
36081015200,36005045600,118,2021-07-12
36081016600,36005045600,135,2021-07-12
36081017200,36005045600,108,2021-07-12
36081017400,36005045600,166,2021-07-12
36081071600,36005045600,445,2021-07-12
36081079200,36005045600,361,2021-07-12
36081081800,36005045600,139,2021-07-12
36081086400,36005045600,131,2021-07-12
36119000900,36005045600,128,2021-07-12
36119001301,36005045600,186,2021-07-12
36119001401,36005045600,151,2021-07-12
36119001503,36005045600,160,2021-07-12
36119002000,36005045600,499,2021-07-12
36119002105,36005045600,123,2021-07-12
36119002404,36005045600,117,2021-07-12
36119002600,36005045600,1036,2021-07-12
36119003100,36005045600,112,2021-07-12
36119003300,36005045600,419,2021-07-12
36119004600,36005045600,119,2021-07-12
36119005100,36005045600,144,2021-07-12
36119005300,36005045600,140,2021-07-12
36119005500,36005045600,1978,2021-07-12
36119005701,36005045600,397,2021-07-12
36119006802,36005045600,149,2021-07-12
36119007500,36005045600,212,2021-07-12
36119007600,36005045600,186,2021-07-12
36119007900,36005045600,131,2021-07-12
36119008000,36005045600,133,2021-07-12
36119009400,36005045600,122,2021-07-12
34029717300,36005045600,308,2021-07-19
34029728000,36005045600,104,2021-07-19
36005001600,36005045600,238,2021-07-19
36005007200,36005045600,154,2021-07-19
36005008300,36005045600,336,2021-07-19
36005009000,36005045600,130,2021-07-19
36005014701,36005045600,196,2021-07-19
36005015500,36005045600,144,2021-07-19
36005017300,36005045600,148,2021-07-19
36005022000,36005045600,151,2021-07-19
36005023702,36005045600,124,2021-07-19
36005026300,36005045600,262,2021-07-19
36005028400,36005045600,167,2021-07-19
36005028900,36005045600,249,2021-07-19
36005031000,36005045600,145,2021-07-19
36005033400,36005045600,141,2021-07-19
36005035800,36005045600,118,2021-07-19
36005036400,36005045600,117,2021-07-19
36005037100,36005045600,180,2021-07-19
36005037504,36005045600,209,2021-07-19
36005039700,36005045600,134,2021-07-19
36005040100,36005045600,257,2021-07-19
36005040302,36005045600,130,2021-07-19
36005041400,36005045600,158,2021-07-19
36005042000,36005045600,179,2021-07-19
36005042600,36005045600,1176,2021-07-19
36005043400,36005045600,319,2021-07-19
36005044200,36005045600,112,2021-07-19
36005045600,36005045600,1056,2021-07-19
36005046201,36005045600,737,2021-07-19
36005046202,36005045600,399,2021-07-19
36005048400,36005045600,1591,2021-07-19
36005051600,36005045600,125,2021-07-19
36047030100,36005045600,191,2021-07-19
36047035200,36005045600,226,2021-07-19
36047042300,36005045600,133,2021-07-19
36059416900,36005045600,166,2021-07-19
36061001800,36005045600,121,2021-07-19
36061003100,36005045600,147,2021-07-19
36061005400,36005045600,123,2021-07-19
36061007900,36005045600,131,2021-07-19
36061008000,36005045600,218,2021-07-19
36061009200,36005045600,147,2021-07-19
36061009400,36005045600,197,2021-07-19
36061009600,36005045600,315,2021-07-19
36061009900,36005045600,124,2021-07-19
36061010800,36005045600,156,2021-07-19
36061010900,36005045600,189,2021-07-19
36061011000,36005045600,130,2021-07-19
36061011202,36005045600,344,2021-07-19
36061012000,36005045600,169,2021-07-19
36061012200,36005045600,120,2021-07-19
36061012400,36005045600,513,2021-07-19
36061012900,36005045600,277,2021-07-19
36061014300,36005045600,130,2021-07-19
36061014802,36005045600,168,2021-07-19
36061015002,36005045600,126,2021-07-19
36061015300,36005045600,109,2021-07-19
36061015500,36005045600,170,2021-07-19
36061015700,36005045600,115,2021-07-19
36061016300,36005045600,505,2021-07-19
36061017000,36005045600,188,2021-07-19
36061018700,36005045600,124,2021-07-19
36061020000,36005045600,337,2021-07-19
36061021200,36005045600,223,2021-07-19
36061022200,36005045600,150,2021-07-19
36061025300,36005045600,328,2021-07-19
36081009800,36005045600,179,2021-07-19
36087010902,36005045600,158,2021-07-19
36087011102,36005045600,146,2021-07-19
36103159412,36005045600,146,2021-07-19
36103190603,36005045600,131,2021-07-19
36103190604,36005045600,146,2021-07-19
36103201004,36005045600,121,2021-07-19
36119000300,36005045600,126,2021-07-19
36119000401,36005045600,121,2021-07-19
36119001301,36005045600,309,2021-07-19
36119001600,36005045600,192,2021-07-19
36119002000,36005045600,874,2021-07-19
36119002203,36005045600,154,2021-07-19
36119002404,36005045600,131,2021-07-19
36119002600,36005045600,900,2021-07-19
36119003600,36005045600,348,2021-07-19
36119004100,36005045600,158,2021-07-19
36119005002,36005045600,728,2021-07-19
36119005200,36005045600,124,2021-07-19
36119005300,36005045600,165,2021-07-19
36119005400,36005045600,155,2021-07-19
36119005500,36005045600,1963,2021-07-19
36119005701,36005045600,263,2021-07-19
36119006000,36005045600,531,2021-07-19
36119007200,36005045600,178,2021-07-19
36119007600,36005045600,643,2021-07-19
36119008302,36005045600,109,2021-07-19
36119009702,36005045600,299,2021-07-19
36119010600,36005045600,184,2021-07-19
36119010903,36005045600,152,2021-07-19
36119011000,36005045600,481,2021-07-19
36119012200,36005045600,161,2021-07-19
36119013000,36005045600,147,2021-07-19
36005001900,36005045600,189,2021-07-26
36005002500,36005045600,132,2021-07-26
36005006500,36005045600,175,2021-07-26
36005009000,36005045600,157,2021-07-26
36005009200,36005045600,147,2021-07-26
36005014500,36005045600,460,2021-07-26
36005016100,36005045600,169,2021-07-26
36005022000,36005045600,147,2021-07-26
36005022401,36005045600,150,2021-07-26
36005022403,36005045600,164,2021-07-26
36005025500,36005045600,167,2021-07-26
36005031000,36005045600,200,2021-07-26
36005033400,36005045600,163,2021-07-26
36005034800,36005045600,152,2021-07-26
36005035800,36005045600,152,2021-07-26
36005036000,36005045600,160,2021-07-26
36005036400,36005045600,113,2021-07-26
36005041800,36005045600,398,2021-07-26
36005042100,36005045600,268,2021-07-26
36005042600,36005045600,776,2021-07-26
36005043600,36005045600,180,2021-07-26
36005044200,36005045600,168,2021-07-26
36005044800,36005045600,209,2021-07-26
36005045600,36005045600,1141,2021-07-26
36005046000,36005045600,141,2021-07-26
36005046201,36005045600,1324,2021-07-26
36005046202,36005045600,711,2021-07-26
36005048400,36005045600,857,2021-07-26
36047027100,36005045600,172,2021-07-26
36047089200,36005045600,127,2021-07-26
36047092200,36005045600,177,2021-07-26
36047093400,36005045600,186,2021-07-26
36047096000,36005045600,140,2021-07-26
36059300700,36005045600,261,2021-07-26
36059301900,36005045600,140,2021-07-26
36059416900,36005045600,181,2021-07-26
36061001300,36005045600,181,2021-07-26
36061006200,36005045600,487,2021-07-26
36061007000,36005045600,133,2021-07-26
36061009100,36005045600,298,2021-07-26
36061009900,36005045600,150,2021-07-26
36061010400,36005045600,125,2021-07-26
36061011300,36005045600,129,2021-07-26
36061011401,36005045600,138,2021-07-26
36061012500,36005045600,215,2021-07-26
36061013900,36005045600,144,2021-07-26
36061014200,36005045600,130,2021-07-26
36061014300,36005045600,136,2021-07-26
36061015900,36005045600,135,2021-07-26
36061016002,36005045600,140,2021-07-26
36061016300,36005045600,160,2021-07-26
36061018300,36005045600,125,2021-07-26
36061021303,36005045600,209,2021-07-26
36061021900,36005045600,122,2021-07-26
36061023501,36005045600,153,2021-07-26
36061025300,36005045600,332,2021-07-26
36061029900,36005045600,207,2021-07-26
36081094202,36005045600,142,2021-07-26
36087011102,36005045600,351,2021-07-26
36103159412,36005045600,119,2021-07-26
36103190704,36005045600,263,2021-07-26
36119000401,36005045600,134,2021-07-26
36119000900,36005045600,110,2021-07-26
36119002404,36005045600,532,2021-07-26
36119002600,36005045600,554,2021-07-26
36119002700,36005045600,159,2021-07-26
36119003600,36005045600,372,2021-07-26
36119005100,36005045600,135,2021-07-26
36119005500,36005045600,1330,2021-07-26
36119005701,36005045600,447,2021-07-26
36119006100,36005045600,110,2021-07-26
36119006900,36005045600,123,2021-07-26
36119007401,36005045600,129,2021-07-26
36119007600,36005045600,1024,2021-07-26
36119010600,36005045600,178,2021-07-26
36119012802,36005045600,184,2021-07-26
34037371600,36005045600,140,2021-08-02
36005004200,36005045600,275,2021-08-02
36005005100,36005045600,137,2021-08-02
36005005200,36005045600,149,2021-08-02
36005006300,36005045600,316,2021-08-02
36005006500,36005045600,135,2021-08-02
36005007500,36005045600,126,2021-08-02
36005007800,36005045600,128,2021-08-02
36005008300,36005045600,254,2021-08-02
36005009200,36005045600,132,2021-08-02
36005009300,36005045600,156,2021-08-02
36005014500,36005045600,360,2021-08-02
36005014702,36005045600,169,2021-08-02
36005016900,36005045600,158,2021-08-02
36005018101,36005045600,127,2021-08-02
36005020400,36005045600,133,2021-08-02
36005021601,36005045600,183,2021-08-02
36005022101,36005045600,289,2021-08-02
36005022200,36005045600,169,2021-08-02
36005022702,36005045600,183,2021-08-02
36005023800,36005045600,205,2021-08-02
36005025100,36005045600,114,2021-08-02
36005030200,36005045600,213,2021-08-02
36005031000,36005045600,149,2021-08-02
36005033400,36005045600,1154,2021-08-02
36005034400,36005045600,226,2021-08-02
36005034800,36005045600,174,2021-08-02
36005036000,36005045600,172,2021-08-02
36005036100,36005045600,374,2021-08-02
36005038000,36005045600,154,2021-08-02
36005038301,36005045600,114,2021-08-02
36005038500,36005045600,148,2021-08-02
36005039100,36005045600,184,2021-08-02
36005040600,36005045600,152,2021-08-02
36005042600,36005045600,1111,2021-08-02
36005042800,36005045600,158,2021-08-02
36005042901,36005045600,160,2021-08-02
36005043400,36005045600,152,2021-08-02
36005045600,36005045600,398,2021-08-02
36005046000,36005045600,151,2021-08-02
36005046201,36005045600,1439,2021-08-02
36005046202,36005045600,838,2021-08-02
36005048400,36005045600,1600,2021-08-02
36005050400,36005045600,184,2021-08-02
36005051600,36005045600,140,2021-08-02
36059300700,36005045600,140,2021-08-02
36059407301,36005045600,133,2021-08-02
36059520502,36005045600,135,2021-08-02
36061004900,36005045600,114,2021-08-02
36061005502,36005045600,114,2021-08-02
36061006200,36005045600,313,2021-08-02
36061010400,36005045600,124,2021-08-02
36061010800,36005045600,168,2021-08-02
36061011201,36005045600,215,2021-08-02
36061011202,36005045600,144,2021-08-02
36061012900,36005045600,149,2021-08-02
36061013500,36005045600,211,2021-08-02
36061013900,36005045600,192,2021-08-02
36061014802,36005045600,123,2021-08-02
36061016200,36005045600,189,2021-08-02
36061016300,36005045600,122,2021-08-02
36061017500,36005045600,172,2021-08-02
36061019600,36005045600,121,2021-08-02
36061021303,36005045600,194,2021-08-02
36061022200,36005045600,229,2021-08-02
36061025500,36005045600,265,2021-08-02
36081012000,36005045600,301,2021-08-02
36081017400,36005045600,193,2021-08-02
36081017800,36005045600,146,2021-08-02
36081038302,36005045600,246,2021-08-02
36081044400,36005045600,118,2021-08-02
36081045400,36005045600,216,2021-08-02
36081071600,36005045600,141,2021-08-02
36103159412,36005045600,126,2021-08-02
36103169704,36005045600,131,2021-08-02
36103190704,36005045600,348,2021-08-02
36119001102,36005045600,184,2021-08-02
36119001502,36005045600,132,2021-08-02
36119001503,36005045600,123,2021-08-02
36119001600,36005045600,233,2021-08-02
36119002000,36005045600,191,2021-08-02
36119002105,36005045600,126,2021-08-02
36119002600,36005045600,1065,2021-08-02
36119003300,36005045600,401,2021-08-02
36119005300,36005045600,417,2021-08-02
36119005500,36005045600,1990,2021-08-02
36119005701,36005045600,438,2021-08-02
36119005702,36005045600,179,2021-08-02
36119006000,36005045600,228,2021-08-02
36119006100,36005045600,127,2021-08-02
36119009400,36005045600,168,2021-08-02
36119009702,36005045600,313,2021-08-02
36119010600,36005045600,214,2021-08-02
36119010903,36005045600,127,2021-08-02
34003042500,36005045600,346,2021-08-09
34017013900,36005045600,152,2021-08-09
34027041705,36005045600,112,2021-08-09
34027042000,36005045600,126,2021-08-09
36005003900,36005045600,208,2021-08-09
36005005100,36005045600,326,2021-08-09
36005005400,36005045600,209,2021-08-09
36005006500,36005045600,124,2021-08-09
36005007800,36005045600,145,2021-08-09
36005008300,36005045600,265,2021-08-09
36005009000,36005045600,437,2021-08-09
36005009200,36005045600,181,2021-08-09
36005009300,36005045600,550,2021-08-09
36005009600,36005045600,207,2021-08-09
36005011000,36005045600,205,2021-08-09
36005011700,36005045600,258,2021-08-09
36005011800,36005045600,267,2021-08-09
36005012300,36005045600,208,2021-08-09
36005014500,36005045600,137,2021-08-09
36005015700,36005045600,199,2021-08-09
36005017500,36005045600,161,2021-08-09
36005017702,36005045600,149,2021-08-09
36005018500,36005045600,146,2021-08-09
36005020000,36005045600,125,2021-08-09
36005030000,36005045600,236,2021-08-09
36005031000,36005045600,277,2021-08-09
36005034800,36005045600,112,2021-08-09
36005035000,36005045600,175,2021-08-09
36005035800,36005045600,173,2021-08-09
36005036000,36005045600,144,2021-08-09
36005036501,36005045600,159,2021-08-09
36005037200,36005045600,210,2021-08-09
36005038600,36005045600,161,2021-08-09
36005039400,36005045600,185,2021-08-09
36005039600,36005045600,320,2021-08-09
36005040100,36005045600,151,2021-08-09
36005040304,36005045600,122,2021-08-09
36005040600,36005045600,350,2021-08-09
36005040800,36005045600,189,2021-08-09
36005041400,36005045600,137,2021-08-09
36005041800,36005045600,534,2021-08-09
36005042000,36005045600,112,2021-08-09
36005042100,36005045600,667,2021-08-09
36005042200,36005045600,166,2021-08-09
36005042600,36005045600,479,2021-08-09
36005042800,36005045600,171,2021-08-09
36005045600,36005045600,692,2021-08-09
36005046000,36005045600,117,2021-08-09
36005046201,36005045600,1052,2021-08-09
36005046202,36005045600,1123,2021-08-09
36005048400,36005045600,471,2021-08-09
36005050400,36005045600,322,2021-08-09
36059300700,36005045600,122,2021-08-09
36059300800,36005045600,112,2021-08-09
36059407301,36005045600,361,2021-08-09
36059408000,36005045600,127,2021-08-09
36061000900,36005045600,188,2021-08-09
36061008000,36005045600,191,2021-08-09
36061010200,36005045600,134,2021-08-09
36061010800,36005045600,117,2021-08-09
36061012000,36005045600,130,2021-08-09
36061012400,36005045600,160,2021-08-09
36061014802,36005045600,162,2021-08-09
36061015100,36005045600,150,2021-08-09
36061015300,36005045600,234,2021-08-09
36061015400,36005045600,169,2021-08-09
36061015500,36005045600,112,2021-08-09
36061016300,36005045600,296,2021-08-09
36061017000,36005045600,123,2021-08-09
36061017300,36005045600,112,2021-08-09
36061017500,36005045600,283,2021-08-09
36061017700,36005045600,387,2021-08-09
36061017900,36005045600,440,2021-08-09
36061019000,36005045600,115,2021-08-09
36061019100,36005045600,112,2021-08-09
36061019702,36005045600,183,2021-08-09
36061021303,36005045600,241,2021-08-09
36061021500,36005045600,118,2021-08-09
36061021600,36005045600,144,2021-08-09
36061022600,36005045600,121,2021-08-09
36061022800,36005045600,143,2021-08-09
36061023000,36005045600,193,2021-08-09
36061024500,36005045600,152,2021-08-09
36061025300,36005045600,450,2021-08-09
36061029900,36005045600,168,2021-08-09
36081032900,36005045600,125,2021-08-09
36081054900,36005045600,151,2021-08-09
36081071600,36005045600,169,2021-08-09
36081090700,36005045600,122,2021-08-09
36081150702,36005045600,117,2021-08-09
36103112206,36005045600,201,2021-08-09
36119001502,36005045600,135,2021-08-09
36119002000,36005045600,118,2021-08-09
36119002404,36005045600,389,2021-08-09
36119002600,36005045600,2021,2021-08-09
36119002900,36005045600,179,2021-08-09
36119003000,36005045600,175,2021-08-09
36119003100,36005045600,137,2021-08-09
36119004000,36005045600,163,2021-08-09
36119004400,36005045600,258,2021-08-09
36119005300,36005045600,124,2021-08-09
36119005500,36005045600,1365,2021-08-09
36119005701,36005045600,492,2021-08-09
36119005800,36005045600,112,2021-08-09
36119006000,36005045600,203,2021-08-09
36119006500,36005045600,150,2021-08-09
36119007500,36005045600,269,2021-08-09
36119007600,36005045600,160,2021-08-09
36119008302,36005045600,506,2021-08-09
36119008404,36005045600,166,2021-08-09
36119009300,36005045600,299,2021-08-09
36119009400,36005045600,573,2021-08-09
36119010400,36005045600,203,2021-08-09
36119010500,36005045600,128,2021-08-09
36119010600,36005045600,372,2021-08-09
36119014607,36005045600,221,2021-08-09
34003007002,36005045600,145,2021-08-16
34003012001,36005045600,225,2021-08-16
34003021400,36005045600,182,2021-08-16
34003042500,36005045600,175,2021-08-16
34027041000,36005045600,112,2021-08-16
34027041706,36005045600,108,2021-08-16
34027041802,36005045600,172,2021-08-16
34027042000,36005045600,127,2021-08-16
36005000400,36005045600,150,2021-08-16
36005001900,36005045600,195,2021-08-16
36005006100,36005045600,350,2021-08-16
36005006500,36005045600,130,2021-08-16
36005009800,36005045600,193,2021-08-16
36005016500,36005045600,120,2021-08-16
36005018400,36005045600,143,2021-08-16
36005020601,36005045600,122,2021-08-16
36005021002,36005045600,166,2021-08-16
36005021900,36005045600,139,2021-08-16
36005028300,36005045600,112,2021-08-16
36005028400,36005045600,314,2021-08-16
36005030100,36005045600,288,2021-08-16
36005030200,36005045600,117,2021-08-16
36005033400,36005045600,294,2021-08-16
36005033800,36005045600,180,2021-08-16
36005034200,36005045600,259,2021-08-16
36005034800,36005045600,204,2021-08-16
36005035000,36005045600,168,2021-08-16
36005037200,36005045600,210,2021-08-16
36005037800,36005045600,150,2021-08-16
36005038000,36005045600,139,2021-08-16
36005038500,36005045600,341,2021-08-16
36005038600,36005045600,135,2021-08-16
36005039500,36005045600,139,2021-08-16
36005040302,36005045600,165,2021-08-16
36005041400,36005045600,279,2021-08-16
36005041800,36005045600,381,2021-08-16
36005041900,36005045600,155,2021-08-16
36005042000,36005045600,144,2021-08-16
36005042100,36005045600,130,2021-08-16
36005042600,36005045600,740,2021-08-16
36005042800,36005045600,132,2021-08-16
36005046201,36005045600,1158,2021-08-16
36005046202,36005045600,285,2021-08-16
36005048400,36005045600,1478,2021-08-16
36005050400,36005045600,529,2021-08-16
36005051600,36005045600,350,2021-08-16
36047021300,36005045600,112,2021-08-16
36059522700,36005045600,125,2021-08-16
36061004900,36005045600,162,2021-08-16
36061006400,36005045600,161,2021-08-16
36061007600,36005045600,120,2021-08-16
36061008400,36005045600,119,2021-08-16
36061010000,36005045600,168,2021-08-16
36061010100,36005045600,126,2021-08-16
36061011201,36005045600,133,2021-08-16
36061011202,36005045600,148,2021-08-16
36061011402,36005045600,139,2021-08-16
36061012000,36005045600,129,2021-08-16
36061012400,36005045600,168,2021-08-16
36061012900,36005045600,140,2021-08-16
36061014500,36005045600,178,2021-08-16
36061015300,36005045600,178,2021-08-16
36061015500,36005045600,179,2021-08-16
36061015700,36005045600,372,2021-08-16
36061016100,36005045600,270,2021-08-16
36061016300,36005045600,511,2021-08-16
36061017000,36005045600,359,2021-08-16
36061017200,36005045600,112,2021-08-16
36061017500,36005045600,128,2021-08-16
36061017700,36005045600,248,2021-08-16
36061018700,36005045600,119,2021-08-16
36061019702,36005045600,171,2021-08-16
36061020500,36005045600,583,2021-08-16
36061022301,36005045600,126,2021-08-16
36061025300,36005045600,281,2021-08-16
36061029900,36005045600,211,2021-08-16
36081038302,36005045600,189,2021-08-16
36081125700,36005045600,172,2021-08-16
36087011102,36005045600,152,2021-08-16
36103159412,36005045600,127,2021-08-16
36119000900,36005045600,290,2021-08-16
36119002404,36005045600,403,2021-08-16
36119002600,36005045600,960,2021-08-16
36119003100,36005045600,200,2021-08-16
36119003300,36005045600,356,2021-08-16
36119003600,36005045600,157,2021-08-16
36119004800,36005045600,289,2021-08-16
36119005002,36005045600,925,2021-08-16
36119005400,36005045600,146,2021-08-16
36119005500,36005045600,1537,2021-08-16
36119005701,36005045600,246,2021-08-16
36119005702,36005045600,194,2021-08-16
36119005800,36005045600,133,2021-08-16
36119006000,36005045600,127,2021-08-16
36119006802,36005045600,163,2021-08-16
36119007600,36005045600,317,2021-08-16
36119010600,36005045600,196,2021-08-16
36119011000,36005045600,400,2021-08-16
36119014804,36005045600,112,2021-08-16
36119985000,36005045600,261,2021-08-16
34027041902,36005045600,100,2021-08-23
34029717300,36005045600,117,2021-08-23
34031181900,36005045600,143,2021-08-23
36005001600,36005045600,132,2021-08-23
36005002000,36005045600,149,2021-08-23
36005003100,36005045600,150,2021-08-23
36005004200,36005045600,285,2021-08-23
36005004800,36005045600,167,2021-08-23
36005005100,36005045600,308,2021-08-23
36005006300,36005045600,390,2021-08-23
36005007000,36005045600,169,2021-08-23
36005007800,36005045600,127,2021-08-23
36005008300,36005045600,164,2021-08-23
36005009600,36005045600,180,2021-08-23
36005014701,36005045600,159,2021-08-23
36005016100,36005045600,152,2021-08-23
36005016600,36005045600,159,2021-08-23
36005017100,36005045600,168,2021-08-23
36005017702,36005045600,150,2021-08-23
36005022000,36005045600,145,2021-08-23
36005022901,36005045600,146,2021-08-23
36005028500,36005045600,209,2021-08-23
36005030100,36005045600,537,2021-08-23
36005033000,36005045600,129,2021-08-23
36005033400,36005045600,216,2021-08-23
36005034800,36005045600,474,2021-08-23
36005035800,36005045600,122,2021-08-23
36005038000,36005045600,142,2021-08-23
36005038600,36005045600,161,2021-08-23
36005040400,36005045600,169,2021-08-23
36005040600,36005045600,286,2021-08-23
36005041400,36005045600,190,2021-08-23
36005041900,36005045600,146,2021-08-23
36005042100,36005045600,225,2021-08-23
36005042600,36005045600,794,2021-08-23
36005045600,36005045600,258,2021-08-23
36005045800,36005045600,259,2021-08-23
36005046201,36005045600,1211,2021-08-23
36005046202,36005045600,654,2021-08-23
36005048400,36005045600,2130,2021-08-23
36005050400,36005045600,300,2021-08-23
36047101800,36005045600,128,2021-08-23
36059300700,36005045600,164,2021-08-23
36059413500,36005045600,251,2021-08-23
36059413600,36005045600,139,2021-08-23
36061003300,36005045600,304,2021-08-23
36061004900,36005045600,213,2021-08-23
36061006200,36005045600,453,2021-08-23
36061007000,36005045600,125,2021-08-23
36061008601,36005045600,148,2021-08-23
36061009900,36005045600,125,2021-08-23
36061010200,36005045600,139,2021-08-23
36061010800,36005045600,138,2021-08-23
36061010900,36005045600,117,2021-08-23
36061011000,36005045600,143,2021-08-23
36061011202,36005045600,285,2021-08-23
36061012900,36005045600,171,2021-08-23
36061014602,36005045600,365,2021-08-23
36061014802,36005045600,134,2021-08-23
36061017000,36005045600,206,2021-08-23
36061018000,36005045600,142,2021-08-23
36061018800,36005045600,424,2021-08-23
36061020500,36005045600,180,2021-08-23
36061021303,36005045600,387,2021-08-23
36061021500,36005045600,277,2021-08-23
36061021600,36005045600,142,2021-08-23
36061021703,36005045600,168,2021-08-23
36061021900,36005045600,526,2021-08-23
36061023100,36005045600,120,2021-08-23
36061023501,36005045600,154,2021-08-23
36061025500,36005045600,165,2021-08-23
36087011102,36005045600,196,2021-08-23
36087013003,36005045600,130,2021-08-23
36119001403,36005045600,153,2021-08-23
36119001502,36005045600,121,2021-08-23
36119001600,36005045600,223,2021-08-23
36119002000,36005045600,424,2021-08-23
36119002404,36005045600,258,2021-08-23
36119002600,36005045600,1717,2021-08-23
36119002900,36005045600,135,2021-08-23
36119003100,36005045600,111,2021-08-23
36119003300,36005045600,253,2021-08-23
36119003600,36005045600,123,2021-08-23
36119005500,36005045600,2047,2021-08-23
36119005701,36005045600,360,2021-08-23
36119006000,36005045600,605,2021-08-23
36119006300,36005045600,130,2021-08-23
36119006500,36005045600,111,2021-08-23
36119006802,36005045600,144,2021-08-23
36119006900,36005045600,196,2021-08-23
36119007100,36005045600,154,2021-08-23
36119007300,36005045600,111,2021-08-23
36119007500,36005045600,272,2021-08-23
36119008000,36005045600,118,2021-08-23
36119008302,36005045600,335,2021-08-23
36119010600,36005045600,137,2021-08-23
36119010701,36005045600,118,2021-08-23
36119010803,36005045600,259,2021-08-23
36119011000,36005045600,133,2021-08-23
36119012200,36005045600,173,2021-08-23
36119014805,36005045600,168,2021-08-23
34027041706,36005045600,118,2021-08-30
36005001600,36005045600,310,2021-08-30
36005001900,36005045600,165,2021-08-30
36005005100,36005045600,180,2021-08-30
36005006100,36005045600,130,2021-08-30
36005007800,36005045600,158,2021-08-30
36005008500,36005045600,152,2021-08-30
36005009600,36005045600,372,2021-08-30
36005018400,36005045600,126,2021-08-30
36005022000,36005045600,158,2021-08-30
36005022200,36005045600,138,2021-08-30
36005026400,36005045600,143,2021-08-30
36005026500,36005045600,294,2021-08-30
36005028600,36005045600,248,2021-08-30
36005030100,36005045600,274,2021-08-30
36005033000,36005045600,154,2021-08-30
36005033400,36005045600,339,2021-08-30
36005034400,36005045600,193,2021-08-30
36005034800,36005045600,193,2021-08-30
36005035800,36005045600,137,2021-08-30
36005036502,36005045600,140,2021-08-30
36005037400,36005045600,193,2021-08-30
36005037900,36005045600,132,2021-08-30
36005038301,36005045600,290,2021-08-30
36005038600,36005045600,115,2021-08-30
36005039300,36005045600,135,2021-08-30
36005041400,36005045600,120,2021-08-30
36005042000,36005045600,194,2021-08-30
36005042200,36005045600,121,2021-08-30
36005042600,36005045600,755,2021-08-30
36005042800,36005045600,115,2021-08-30
36005043100,36005045600,338,2021-08-30
36005043400,36005045600,153,2021-08-30
36005044200,36005045600,153,2021-08-30
36005045600,36005045600,948,2021-08-30
36005046000,36005045600,142,2021-08-30
36005046201,36005045600,1503,2021-08-30
36005046202,36005045600,1421,2021-08-30
36005048400,36005045600,1281,2021-08-30
36005050400,36005045600,140,2021-08-30
36047000900,36005045600,112,2021-08-30
36047069601,36005045600,256,2021-08-30
36047069800,36005045600,210,2021-08-30
36047081600,36005045600,295,2021-08-30
36047096000,36005045600,307,2021-08-30
36059407301,36005045600,208,2021-08-30
36059407502,36005045600,136,2021-08-30
36059412900,36005045600,132,2021-08-30
36059414400,36005045600,122,2021-08-30
36061001501,36005045600,139,2021-08-30
36061004100,36005045600,112,2021-08-30
36061004300,36005045600,126,2021-08-30
36061004700,36005045600,112,2021-08-30
36061005400,36005045600,128,2021-08-30
36061006100,36005045600,112,2021-08-30
36061006500,36005045600,151,2021-08-30
36061008000,36005045600,169,2021-08-30
36061009900,36005045600,147,2021-08-30
36061010000,36005045600,128,2021-08-30
36061010200,36005045600,117,2021-08-30
36061010400,36005045600,205,2021-08-30
36061011202,36005045600,119,2021-08-30
36061011402,36005045600,122,2021-08-30
36061013200,36005045600,209,2021-08-30
36061013300,36005045600,112,2021-08-30
36061013700,36005045600,116,2021-08-30
36061014500,36005045600,151,2021-08-30
36061015100,36005045600,160,2021-08-30
36061015300,36005045600,120,2021-08-30
36061016300,36005045600,735,2021-08-30
36061016500,36005045600,140,2021-08-30
36061016700,36005045600,210,2021-08-30
36061017700,36005045600,112,2021-08-30
36061017900,36005045600,373,2021-08-30
36061018100,36005045600,177,2021-08-30
36061018200,36005045600,117,2021-08-30
36061018300,36005045600,120,2021-08-30
36061018700,36005045600,147,2021-08-30
36061020000,36005045600,172,2021-08-30
36061020500,36005045600,154,2021-08-30
36061021303,36005045600,150,2021-08-30
36061021900,36005045600,323,2021-08-30
36061022200,36005045600,126,2021-08-30
36061022900,36005045600,126,2021-08-30
36061028700,36005045600,144,2021-08-30
36061031703,36005045600,195,2021-08-30
36081038302,36005045600,306,2021-08-30
36081065400,36005045600,147,2021-08-30
36081065600,36005045600,119,2021-08-30
36081071600,36005045600,435,2021-08-30
36119000300,36005045600,128,2021-08-30
36119001502,36005045600,131,2021-08-30
36119002000,36005045600,365,2021-08-30
36119002600,36005045600,1403,2021-08-30
36119002900,36005045600,176,2021-08-30
36119003000,36005045600,164,2021-08-30
36119003100,36005045600,146,2021-08-30
36119003300,36005045600,239,2021-08-30
36119003500,36005045600,159,2021-08-30
36119004000,36005045600,391,2021-08-30
36119005100,36005045600,220,2021-08-30
36119005400,36005045600,338,2021-08-30
36119005500,36005045600,1545,2021-08-30
36119005701,36005045600,1231,2021-08-30
36119006000,36005045600,242,2021-08-30
36119006100,36005045600,459,2021-08-30
36119006802,36005045600,134,2021-08-30
36119007800,36005045600,124,2021-08-30
34017014600,36005045600,136,2021-09-06
36005001900,36005045600,147,2021-09-06
36005005100,36005045600,459,2021-09-06
36005006100,36005045600,533,2021-09-06
36005006300,36005045600,167,2021-09-06
36005007000,36005045600,131,2021-09-06
36005007700,36005045600,135,2021-09-06
36005008300,36005045600,164,2021-09-06
36005009200,36005045600,134,2021-09-06
36005009300,36005045600,178,2021-09-06
36005011700,36005045600,234,2021-09-06
36005014100,36005045600,132,2021-09-06
36005014500,36005045600,152,2021-09-06
36005017300,36005045600,132,2021-09-06
36005017702,36005045600,150,2021-09-06
36005022000,36005045600,160,2021-09-06
36005024400,36005045600,128,2021-09-06
36005029302,36005045600,130,2021-09-06
36005031200,36005045600,161,2021-09-06
36005033400,36005045600,331,2021-09-06
36005034800,36005045600,199,2021-09-06
36005035800,36005045600,113,2021-09-06
36005037400,36005045600,124,2021-09-06
36005038600,36005045600,183,2021-09-06
36005039000,36005045600,195,2021-09-06
36005039100,36005045600,133,2021-09-06
36005039400,36005045600,144,2021-09-06
36005039700,36005045600,951,2021-09-06
36005040400,36005045600,141,2021-09-06
36005040600,36005045600,130,2021-09-06
36005041800,36005045600,131,2021-09-06
36005042100,36005045600,135,2021-09-06
36005042400,36005045600,150,2021-09-06
36005042600,36005045600,938,2021-09-06
36005042800,36005045600,145,2021-09-06
36005043100,36005045600,146,2021-09-06
36005043400,36005045600,518,2021-09-06
36005045600,36005045600,437,2021-09-06
36005046201,36005045600,2341,2021-09-06
36005046202,36005045600,919,2021-09-06
36005048400,36005045600,1364,2021-09-06
36005050400,36005045600,143,2021-09-06
36047011400,36005045600,125,2021-09-06
36047080800,36005045600,283,2021-09-06
36047094600,36005045600,134,2021-09-06
36059300700,36005045600,142,2021-09-06
36059520502,36005045600,151,2021-09-06
36061000700,36005045600,183,2021-09-06
36061000900,36005045600,153,2021-09-06
36061003300,36005045600,155,2021-09-06
36061003602,36005045600,168,2021-09-06
36061003700,36005045600,309,2021-09-06
36061003800,36005045600,120,2021-09-06
36061004500,36005045600,176,2021-09-06
36061004900,36005045600,113,2021-09-06
36061005400,36005045600,409,2021-09-06
36061005600,36005045600,125,2021-09-06
36061006200,36005045600,160,2021-09-06
36061006800,36005045600,150,2021-09-06
36061007900,36005045600,137,2021-09-06
36061008603,36005045600,183,2021-09-06
36061009400,36005045600,248,2021-09-06
36061009900,36005045600,303,2021-09-06
36061010800,36005045600,113,2021-09-06
36061010900,36005045600,261,2021-09-06
36061011201,36005045600,275,2021-09-06
36061011202,36005045600,280,2021-09-06
36061011203,36005045600,311,2021-09-06
36061011401,36005045600,543,2021-09-06
36061011600,36005045600,198,2021-09-06
36061012200,36005045600,147,2021-09-06
36061012800,36005045600,184,2021-09-06
36061013700,36005045600,146,2021-09-06
36061013900,36005045600,165,2021-09-06
36061014500,36005045600,356,2021-09-06
36061014900,36005045600,184,2021-09-06
36061015300,36005045600,164,2021-09-06
36061015500,36005045600,126,2021-09-06
36061016200,36005045600,206,2021-09-06
36061016300,36005045600,278,2021-09-06
36061016400,36005045600,150,2021-09-06
36061016600,36005045600,143,2021-09-06
36061017500,36005045600,299,2021-09-06
36061018900,36005045600,143,2021-09-06
36061019100,36005045600,140,2021-09-06
36061023000,36005045600,132,2021-09-06
36061024100,36005045600,126,2021-09-06
36081038302,36005045600,319,2021-09-06
36081045800,36005045600,215,2021-09-06
36081066400,36005045600,181,2021-09-06
36087013002,36005045600,385,2021-09-06
36103201003,36005045600,113,2021-09-06
36119001301,36005045600,155,2021-09-06
36119001502,36005045600,120,2021-09-06
36119002000,36005045600,333,2021-09-06
36119002403,36005045600,230,2021-09-06
36119002404,36005045600,256,2021-09-06
36119002600,36005045600,1367,2021-09-06
36119002900,36005045600,238,2021-09-06
36119003000,36005045600,298,2021-09-06
36119003600,36005045600,177,2021-09-06
36119004200,36005045600,256,2021-09-06
36119005002,36005045600,165,2021-09-06
36119005400,36005045600,442,2021-09-06
36119005500,36005045600,1862,2021-09-06
36119005701,36005045600,339,2021-09-06
36119005702,36005045600,113,2021-09-06
36119006000,36005045600,119,2021-09-06
36119006900,36005045600,270,2021-09-06
36119007100,36005045600,113,2021-09-06
36119007800,36005045600,554,2021-09-06
36119008000,36005045600,113,2021-09-06
36119008302,36005045600,166,2021-09-06
36119010701,36005045600,127,2021-09-06
36119012900,36005045600,125,2021-09-06
34003056200,36005045600,139,2021-09-13
34017014600,36005045600,131,2021-09-13
36005001600,36005045600,193,2021-09-13
36005004200,36005045600,116,2021-09-13
36005005100,36005045600,610,2021-09-13
36005006300,36005045600,472,2021-09-13
36005006500,36005045600,122,2021-09-13
36005007500,36005045600,170,2021-09-13
36005007600,36005045600,119,2021-09-13
36005011502,36005045600,207,2021-09-13
36005011700,36005045600,331,2021-09-13
36005012300,36005045600,162,2021-09-13
36005017701,36005045600,120,2021-09-13
36005017702,36005045600,279,2021-09-13
36005019500,36005045600,126,2021-09-13
36005019900,36005045600,150,2021-09-13
36005021502,36005045600,178,2021-09-13
36005023000,36005045600,157,2021-09-13
36005029600,36005045600,163,2021-09-13
36005030000,36005045600,126,2021-09-13
36005033400,36005045600,643,2021-09-13
36005033800,36005045600,154,2021-09-13
36005034400,36005045600,141,2021-09-13
36005034800,36005045600,202,2021-09-13
36005038302,36005045600,138,2021-09-13
36005038600,36005045600,129,2021-09-13
36005039600,36005045600,125,2021-09-13
36005039700,36005045600,1007,2021-09-13
36005039901,36005045600,194,2021-09-13
36005039902,36005045600,118,2021-09-13
36005040100,36005045600,116,2021-09-13
36005040600,36005045600,184,2021-09-13
36005041400,36005045600,134,2021-09-13
36005041800,36005045600,452,2021-09-13
36005042000,36005045600,195,2021-09-13
36005042200,36005045600,110,2021-09-13
36005042400,36005045600,183,2021-09-13
36005042500,36005045600,158,2021-09-13
36005042600,36005045600,1634,2021-09-13
36005043400,36005045600,147,2021-09-13
36005044400,36005045600,483,2021-09-13
36005045600,36005045600,969,2021-09-13
36005046201,36005045600,2236,2021-09-13
36005046202,36005045600,836,2021-09-13
36005048400,36005045600,1517,2021-09-13
36047022100,36005045600,128,2021-09-13
36047022700,36005045600,151,2021-09-13
36047035700,36005045600,174,2021-09-13
36047052700,36005045600,145,2021-09-13
36047081600,36005045600,430,2021-09-13
36061005600,36005045600,116,2021-09-13
36061007500,36005045600,175,2021-09-13
36061008601,36005045600,146,2021-09-13
36061009200,36005045600,157,2021-09-13
36061009900,36005045600,198,2021-09-13
36061010000,36005045600,170,2021-09-13
36061013100,36005045600,186,2021-09-13
36061013400,36005045600,143,2021-09-13
36061013500,36005045600,290,2021-09-13
36061014300,36005045600,311,2021-09-13
36061014602,36005045600,128,2021-09-13
36061015700,36005045600,282,2021-09-13
36061015801,36005045600,124,2021-09-13
36061015900,36005045600,378,2021-09-13
36061016300,36005045600,132,2021-09-13
36061016800,36005045600,207,2021-09-13
36061017800,36005045600,284,2021-09-13
36061017900,36005045600,206,2021-09-13
36061018300,36005045600,154,2021-09-13
36061020500,36005045600,381,2021-09-13
36061021800,36005045600,475,2021-09-13
36061022200,36005045600,254,2021-09-13
36061022900,36005045600,149,2021-09-13
36061023000,36005045600,141,2021-09-13
36061023100,36005045600,167,2021-09-13
36079011200,36005045600,195,2021-09-13
36081003600,36005045600,340,2021-09-13
36081094500,36005045600,157,2021-09-13
36103122603,36005045600,150,2021-09-13
36119000300,36005045600,151,2021-09-13
36119001502,36005045600,138,2021-09-13
36119002404,36005045600,259,2021-09-13
36119002600,36005045600,1347,2021-09-13
36119002700,36005045600,153,2021-09-13
36119002800,36005045600,147,2021-09-13
36119003100,36005045600,110,2021-09-13
36119003300,36005045600,245,2021-09-13
36119003500,36005045600,136,2021-09-13
36119003700,36005045600,126,2021-09-13
36119004200,36005045600,227,2021-09-13
36119004800,36005045600,121,2021-09-13
36119005002,36005045600,133,2021-09-13
36119005300,36005045600,160,2021-09-13
36119005400,36005045600,613,2021-09-13
36119005500,36005045600,1820,2021-09-13
36119006000,36005045600,126,2021-09-13
36119006802,36005045600,149,2021-09-13
36119006900,36005045600,139,2021-09-13
36119007800,36005045600,131,2021-09-13
36119008602,36005045600,139,2021-09-13
36119010701,36005045600,123,2021-09-13
36119010803,36005045600,270,2021-09-13
36119981000,36005045600,523,2021-09-13
36005001900,36005045600,167,2021-09-20
36005004100,36005045600,164,2021-09-20
36005005100,36005045600,161,2021-09-20
36005005400,36005045600,135,2021-09-20
36005005902,36005045600,150,2021-09-20
36005006100,36005045600,178,2021-09-20
36005006300,36005045600,216,2021-09-20
36005006500,36005045600,226,2021-09-20
36005009600,36005045600,130,2021-09-20
36005018301,36005045600,175,2021-09-20
36005018302,36005045600,181,2021-09-20
36005022403,36005045600,163,2021-09-20
36005023702,36005045600,134,2021-09-20
36005027600,36005045600,217,2021-09-20
36005028400,36005045600,387,2021-09-20
36005031200,36005045600,134,2021-09-20
36005035800,36005045600,408,2021-09-20
36005039000,36005045600,175,2021-09-20
36005039600,36005045600,337,2021-09-20
36005040304,36005045600,144,2021-09-20
36005040400,36005045600,164,2021-09-20
36005040600,36005045600,225,2021-09-20
36005041800,36005045600,135,2021-09-20
36005042100,36005045600,202,2021-09-20
36005042400,36005045600,176,2021-09-20
36005042600,36005045600,1081,2021-09-20
36005042800,36005045600,132,2021-09-20
36005043400,36005045600,381,2021-09-20
36005045600,36005045600,516,2021-09-20
36005046000,36005045600,139,2021-09-20
36005046201,36005045600,2152,2021-09-20
36005046202,36005045600,539,2021-09-20
36005048400,36005045600,1649,2021-09-20
36047003700,36005045600,240,2021-09-20
36047030100,36005045600,219,2021-09-20
36047080800,36005045600,297,2021-09-20
36061004900,36005045600,249,2021-09-20
36061006200,36005045600,415,2021-09-20
36061007600,36005045600,109,2021-09-20
36061008300,36005045600,140,2021-09-20
36061008601,36005045600,181,2021-09-20
36061009900,36005045600,408,2021-09-20
36061010200,36005045600,120,2021-09-20
36061011202,36005045600,169,2021-09-20
36061012200,36005045600,120,2021-09-20
36061014900,36005045600,355,2021-09-20
36061015700,36005045600,113,2021-09-20
36061016001,36005045600,213,2021-09-20
36061016300,36005045600,275,2021-09-20
36061016500,36005045600,216,2021-09-20
36061017200,36005045600,126,2021-09-20
36061017300,36005045600,263,2021-09-20
36061018300,36005045600,135,2021-09-20
36061020500,36005045600,160,2021-09-20
36061021703,36005045600,180,2021-09-20
36061021900,36005045600,372,2021-09-20
36061022102,36005045600,128,2021-09-20
36061022200,36005045600,128,2021-09-20
36061022302,36005045600,229,2021-09-20
36061023501,36005045600,132,2021-09-20
36061029900,36005045600,118,2021-09-20
36081037700,36005045600,143,2021-09-20
36119000402,36005045600,232,2021-09-20
36119000900,36005045600,124,2021-09-20
36119001502,36005045600,148,2021-09-20
36119002000,36005045600,136,2021-09-20
36119002404,36005045600,435,2021-09-20
36119002600,36005045600,710,2021-09-20
36119003100,36005045600,344,2021-09-20
36119003300,36005045600,185,2021-09-20
36119003400,36005045600,164,2021-09-20
36119005002,36005045600,183,2021-09-20
36119005300,36005045600,322,2021-09-20
36119005400,36005045600,475,2021-09-20
36119005500,36005045600,2393,2021-09-20
36119005701,36005045600,123,2021-09-20
36119005702,36005045600,124,2021-09-20
36119006000,36005045600,271,2021-09-20
36119006802,36005045600,138,2021-09-20
36119010803,36005045600,228,2021-09-20
36119011300,36005045600,137,2021-09-20
36119012301,36005045600,155,2021-09-20
36119014701,36005045600,141,2021-09-20
34003017300,36005045600,451,2021-09-27
34003030200,36005045600,109,2021-09-27
34003061200,36005045600,109,2021-09-27
36005005200,36005045600,229,2021-09-27
36005006300,36005045600,270,2021-09-27
36005006500,36005045600,139,2021-09-27
36005011700,36005045600,222,2021-09-27
36005014500,36005045600,151,2021-09-27
36005015500,36005045600,142,2021-09-27
36005016900,36005045600,267,2021-09-27
36005017701,36005045600,170,2021-09-27
36005018302,36005045600,210,2021-09-27
36005018900,36005045600,125,2021-09-27
36005021200,36005045600,117,2021-09-27
36005030000,36005045600,144,2021-09-27
36005031000,36005045600,420,2021-09-27
36005031200,36005045600,130,2021-09-27
36005032600,36005045600,146,2021-09-27
36005035000,36005045600,143,2021-09-27
36005038000,36005045600,203,2021-09-27
36005038600,36005045600,184,2021-09-27
36005038700,36005045600,155,2021-09-27
36005039000,36005045600,137,2021-09-27
36005040302,36005045600,164,2021-09-27
36005040600,36005045600,169,2021-09-27
36005040702,36005045600,277,2021-09-27
36005041800,36005045600,126,2021-09-27
36005042100,36005045600,223,2021-09-27
36005042200,36005045600,142,2021-09-27
36005042600,36005045600,1230,2021-09-27
36005042800,36005045600,298,2021-09-27
36005043400,36005045600,283,2021-09-27
36005045600,36005045600,575,2021-09-27
36005046201,36005045600,3089,2021-09-27
36005046202,36005045600,845,2021-09-27
36005048400,36005045600,1238,2021-09-27
36005050400,36005045600,153,2021-09-27
36047030100,36005045600,273,2021-09-27
36047091000,36005045600,164,2021-09-27
36047110400,36005045600,202,2021-09-27
36059406400,36005045600,126,2021-09-27
36061004500,36005045600,141,2021-09-27
36061004900,36005045600,461,2021-09-27
36061009400,36005045600,127,2021-09-27
36061009500,36005045600,152,2021-09-27
36061009900,36005045600,373,2021-09-27
36061010200,36005045600,337,2021-09-27
36061010400,36005045600,140,2021-09-27
36061010900,36005045600,402,2021-09-27
36061011202,36005045600,742,2021-09-27
36061011401,36005045600,128,2021-09-27
36061011500,36005045600,534,2021-09-27
36061013300,36005045600,148,2021-09-27
36061016300,36005045600,274,2021-09-27
36061016400,36005045600,213,2021-09-27
36061016700,36005045600,167,2021-09-27
36061017000,36005045600,422,2021-09-27
36061017300,36005045600,122,2021-09-27
36061017500,36005045600,280,2021-09-27
36061017900,36005045600,115,2021-09-27
36061018700,36005045600,159,2021-09-27
36061018900,36005045600,222,2021-09-27
36061019100,36005045600,111,2021-09-27
36061021303,36005045600,278,2021-09-27
36061021800,36005045600,338,2021-09-27
36061021900,36005045600,417,2021-09-27
36061024301,36005045600,149,2021-09-27
36061024500,36005045600,181,2021-09-27
36061025700,36005045600,127,2021-09-27
36061027300,36005045600,250,2021-09-27
36081012400,36005045600,222,2021-09-27
36081015802,36005045600,175,2021-09-27
36081084900,36005045600,127,2021-09-27
36081087100,36005045600,111,2021-09-27
36119000103,36005045600,138,2021-09-27
36119000701,36005045600,156,2021-09-27
36119002404,36005045600,127,2021-09-27
36119002600,36005045600,1979,2021-09-27
36119003100,36005045600,290,2021-09-27
36119003400,36005045600,161,2021-09-27
36119003800,36005045600,150,2021-09-27
36119005002,36005045600,542,2021-09-27
36119005400,36005045600,316,2021-09-27
36119005500,36005045600,1575,2021-09-27
36119005701,36005045600,599,2021-09-27
36119006000,36005045600,209,2021-09-27
36119006100,36005045600,306,2021-09-27
36119006600,36005045600,274,2021-09-27
36119007100,36005045600,128,2021-09-27
36119010600,36005045600,170,2021-09-27
36119981000,36005045600,801,2021-09-27
34003012001,36005045600,236,2021-10-04
34003017100,36005045600,160,2021-10-04
34003017500,36005045600,107,2021-10-04
34003023402,36005045600,112,2021-10-04
34003042500,36005045600,98,2021-10-04
34027043402,36005045600,483,2021-10-04
36005005100,36005045600,129,2021-10-04
36005006100,36005045600,191,2021-10-04
36005006300,36005045600,134,2021-10-04
36005006500,36005045600,273,2021-10-04
36005007100,36005045600,452,2021-10-04
36005009200,36005045600,135,2021-10-04
36005016900,36005045600,142,2021-10-04
36005018302,36005045600,687,2021-10-04
36005019500,36005045600,173,2021-10-04
36005020900,36005045600,117,2021-10-04
36005021302,36005045600,160,2021-10-04
36005022200,36005045600,119,2021-10-04
36005022403,36005045600,131,2021-10-04
36005022500,36005045600,110,2021-10-04
36005022800,36005045600,157,2021-10-04
36005027600,36005045600,179,2021-10-04
36005030100,36005045600,339,2021-10-04
36005032600,36005045600,123,2021-10-04
36005033400,36005045600,156,2021-10-04
36005034800,36005045600,401,2021-10-04
36005035000,36005045600,120,2021-10-04
36005036400,36005045600,154,2021-10-04
36005037200,36005045600,373,2021-10-04
36005037400,36005045600,126,2021-10-04
36005038600,36005045600,143,2021-10-04
36005039600,36005045600,116,2021-10-04
36005039700,36005045600,777,2021-10-04
36005039901,36005045600,133,2021-10-04
36005040100,36005045600,220,2021-10-04
36005040900,36005045600,248,2021-10-04
36005041800,36005045600,137,2021-10-04
36005042600,36005045600,1058,2021-10-04
36005043400,36005045600,479,2021-10-04
36005043600,36005045600,117,2021-10-04
36005045600,36005045600,498,2021-10-04
36005046000,36005045600,399,2021-10-04
36005046201,36005045600,1865,2021-10-04
36005046202,36005045600,567,2021-10-04
36005048400,36005045600,1577,2021-10-04
36047115000,36005045600,195,2021-10-04
36059412800,36005045600,134,2021-10-04
36061005400,36005045600,220,2021-10-04
36061007400,36005045600,149,2021-10-04
36061008000,36005045600,279,2021-10-04
36061008603,36005045600,154,2021-10-04
36061009000,36005045600,163,2021-10-04
36061009400,36005045600,123,2021-10-04
36061009800,36005045600,320,2021-10-04
36061009900,36005045600,293,2021-10-04
36061010000,36005045600,137,2021-10-04
36061010200,36005045600,137,2021-10-04
36061011100,36005045600,316,2021-10-04
36061011201,36005045600,134,2021-10-04
36061011202,36005045600,401,2021-10-04
36061011300,36005045600,247,2021-10-04
36061011401,36005045600,177,2021-10-04
36061011500,36005045600,786,2021-10-04
36061012500,36005045600,184,2021-10-04
36061013700,36005045600,121,2021-10-04
36061014300,36005045600,166,2021-10-04
36061015601,36005045600,127,2021-10-04
36061015700,36005045600,170,2021-10-04
36061016200,36005045600,149,2021-10-04
36061016300,36005045600,510,2021-10-04
36061016400,36005045600,165,2021-10-04
36061017000,36005045600,368,2021-10-04
36061017100,36005045600,129,2021-10-04
36061017900,36005045600,234,2021-10-04
36061019900,36005045600,170,2021-10-04
36061020500,36005045600,201,2021-10-04
36061021303,36005045600,177,2021-10-04
36061025700,36005045600,134,2021-10-04
36061026100,36005045600,163,2021-10-04
36061027300,36005045600,146,2021-10-04
36061030900,36005045600,234,2021-10-04
36081050000,36005045600,184,2021-10-04
36103124602,36005045600,147,2021-10-04
36119000900,36005045600,129,2021-10-04
36119001600,36005045600,254,2021-10-04
36119002105,36005045600,128,2021-10-04
36119002202,36005045600,186,2021-10-04
36119002404,36005045600,218,2021-10-04
36119002600,36005045600,813,2021-10-04
36119002900,36005045600,240,2021-10-04
36119003100,36005045600,114,2021-10-04
36119003300,36005045600,231,2021-10-04
36119004000,36005045600,157,2021-10-04
36119005002,36005045600,220,2021-10-04
36119005300,36005045600,119,2021-10-04
36119005400,36005045600,627,2021-10-04
36119005500,36005045600,1976,2021-10-04
36119005701,36005045600,408,2021-10-04
36119005800,36005045600,132,2021-10-04
36119006000,36005045600,147,2021-10-04
36119006300,36005045600,237,2021-10-04
36119007500,36005045600,154,2021-10-04
36119008602,36005045600,145,2021-10-04
36119010500,36005045600,122,2021-10-04
36119010600,36005045600,180,2021-10-04
36119011000,36005045600,308,2021-10-04
34003002200,36005045600,135,2021-10-11
34003012001,36005045600,410,2021-10-11
34003036100,36005045600,155,2021-10-11
34003059100,36005045600,159,2021-10-11
34025812502,36005045600,98,2021-10-11
34029717300,36005045600,161,2021-10-11
34039034800,36005045600,235,2021-10-11
36005005100,36005045600,130,2021-10-11
36005006500,36005045600,383,2021-10-11
36005007100,36005045600,133,2021-10-11
36005007500,36005045600,135,2021-10-11
36005009000,36005045600,156,2021-10-11
36005011700,36005045600,243,2021-10-11
36005013100,36005045600,166,2021-10-11
36005016500,36005045600,177,2021-10-11
36005017702,36005045600,153,2021-10-11
36005018302,36005045600,373,2021-10-11
36005020000,36005045600,170,2021-10-11
36005020900,36005045600,237,2021-10-11
36005022000,36005045600,158,2021-10-11
36005022101,36005045600,126,2021-10-11
36005023900,36005045600,127,2021-10-11
36005026602,36005045600,199,2021-10-11
36005028400,36005045600,173,2021-10-11
36005030100,36005045600,299,2021-10-11
36005032600,36005045600,164,2021-10-11
36005033000,36005045600,364,2021-10-11
36005033400,36005045600,323,2021-10-11
36005034800,36005045600,357,2021-10-11
36005035600,36005045600,137,2021-10-11
36005037200,36005045600,173,2021-10-11
36005037800,36005045600,296,2021-10-11
36005038000,36005045600,154,2021-10-11
36005038500,36005045600,162,2021-10-11
36005038600,36005045600,202,2021-10-11
36005039400,36005045600,292,2021-10-11
36005039600,36005045600,277,2021-10-11
36005039700,36005045600,130,2021-10-11
36005040400,36005045600,299,2021-10-11
36005040900,36005045600,240,2021-10-11
36005041800,36005045600,191,2021-10-11
36005042600,36005045600,780,2021-10-11
36005042800,36005045600,400,2021-10-11
36005043100,36005045600,298,2021-10-11
36005043400,36005045600,317,2021-10-11
36005044400,36005045600,275,2021-10-11
36005045600,36005045600,572,2021-10-11
36005046000,36005045600,304,2021-10-11
36005046201,36005045600,1396,2021-10-11
36005046202,36005045600,521,2021-10-11
36005048400,36005045600,1131,2021-10-11
36047030100,36005045600,161,2021-10-11
36047036100,36005045600,140,2021-10-11
36047081600,36005045600,228,2021-10-11
36047087800,36005045600,178,2021-10-11
36059407401,36005045600,122,2021-10-11
36059412900,36005045600,120,2021-10-11
36061000900,36005045600,316,2021-10-11
36061003300,36005045600,143,2021-10-11
36061004900,36005045600,168,2021-10-11
36061006100,36005045600,127,2021-10-11
36061006300,36005045600,158,2021-10-11
36061008601,36005045600,163,2021-10-11
36061009000,36005045600,276,2021-10-11
36061009200,36005045600,148,2021-10-11
36061010000,36005045600,159,2021-10-11
36061010300,36005045600,126,2021-10-11
36061010400,36005045600,122,2021-10-11
36061011201,36005045600,176,2021-10-11
36061011202,36005045600,272,2021-10-11
36061011300,36005045600,127,2021-10-11
36061011401,36005045600,141,2021-10-11
36061011800,36005045600,113,2021-10-11
36061012400,36005045600,142,2021-10-11
36061013700,36005045600,162,2021-10-11
36061014300,36005045600,166,2021-10-11
36061015300,36005045600,114,2021-10-11
36061015500,36005045600,172,2021-10-11
36061015700,36005045600,153,2021-10-11
36061016700,36005045600,182,2021-10-11
36061016800,36005045600,196,2021-10-11
36061017000,36005045600,356,2021-10-11
36061017100,36005045600,189,2021-10-11
36061017300,36005045600,577,2021-10-11
36061017500,36005045600,141,2021-10-11
36061017700,36005045600,188,2021-10-11
36061018100,36005045600,212,2021-10-11
36061020500,36005045600,220,2021-10-11
36061021200,36005045600,109,2021-10-11
36061022302,36005045600,282,2021-10-11
36061022900,36005045600,162,2021-10-11
36061023501,36005045600,141,2021-10-11
36061024700,36005045600,291,2021-10-11
36061027300,36005045600,206,2021-10-11
36079011200,36005045600,204,2021-10-11
36081028800,36005045600,162,2021-10-11
36119001301,36005045600,168,2021-10-11
36119001401,36005045600,279,2021-10-11
36119002000,36005045600,141,2021-10-11
36119002404,36005045600,399,2021-10-11
36119002600,36005045600,1103,2021-10-11
36119003100,36005045600,130,2021-10-11
36119003600,36005045600,113,2021-10-11
36119004000,36005045600,327,2021-10-11
36119005002,36005045600,362,2021-10-11
36119005500,36005045600,1769,2021-10-11
36119005701,36005045600,393,2021-10-11
36119006000,36005045600,227,2021-10-11
36119008000,36005045600,128,2021-10-11
36119009400,36005045600,153,2021-10-11
36119012900,36005045600,154,2021-10-11
36119981000,36005045600,501,2021-10-11
34003019202,36005045600,98,2021-10-18
34035053703,36005045600,160,2021-10-18
34035053804,36005045600,113,2021-10-18
36005002702,36005045600,144,2021-10-18
36005006000,36005045600,272,2021-10-18
36005006300,36005045600,315,2021-10-18
36005006500,36005045600,251,2021-10-18
36005017500,36005045600,181,2021-10-18
36005017702,36005045600,142,2021-10-18
36005017902,36005045600,159,2021-10-18
36005020601,36005045600,153,2021-10-18
36005022404,36005045600,155,2021-10-18
36005023703,36005045600,135,2021-10-18
36005030000,36005045600,162,2021-10-18
36005030200,36005045600,350,2021-10-18
36005031000,36005045600,627,2021-10-18
36005031200,36005045600,129,2021-10-18
36005033000,36005045600,122,2021-10-18
36005034800,36005045600,130,2021-10-18
36005035800,36005045600,156,2021-10-18
36005036000,36005045600,141,2021-10-18
36005037800,36005045600,145,2021-10-18
36005037900,36005045600,140,2021-10-18
36005038000,36005045600,145,2021-10-18
36005038500,36005045600,259,2021-10-18
36005038600,36005045600,161,2021-10-18
36005039200,36005045600,146,2021-10-18
36005039700,36005045600,315,2021-10-18
36005040100,36005045600,118,2021-10-18
36005040600,36005045600,148,2021-10-18
36005040900,36005045600,400,2021-10-18
36005041400,36005045600,188,2021-10-18
36005041800,36005045600,385,2021-10-18
36005042100,36005045600,133,2021-10-18
36005042200,36005045600,110,2021-10-18
36005042600,36005045600,1140,2021-10-18
36005042800,36005045600,305,2021-10-18
36005043600,36005045600,175,2021-10-18
36005045600,36005045600,114,2021-10-18
36005046000,36005045600,668,2021-10-18
36005046201,36005045600,1689,2021-10-18
36005046202,36005045600,1486,2021-10-18
36005048400,36005045600,781,2021-10-18
36059300500,36005045600,137,2021-10-18
36059300700,36005045600,154,2021-10-18
36061004900,36005045600,110,2021-10-18
36061005800,36005045600,138,2021-10-18
36061007100,36005045600,110,2021-10-18
36061007500,36005045600,309,2021-10-18
36061008000,36005045600,123,2021-10-18
36061008601,36005045600,253,2021-10-18
36061009900,36005045600,342,2021-10-18
36061010000,36005045600,145,2021-10-18
36061010100,36005045600,135,2021-10-18
36061010900,36005045600,127,2021-10-18
36061011202,36005045600,276,2021-10-18
36061011300,36005045600,323,2021-10-18
36061014900,36005045600,186,2021-10-18
36061015300,36005045600,295,2021-10-18
36061015500,36005045600,177,2021-10-18
36061015700,36005045600,253,2021-10-18
36061015900,36005045600,304,2021-10-18
36061016300,36005045600,124,2021-10-18
36061016400,36005045600,129,2021-10-18
36061016800,36005045600,605,2021-10-18
36061017100,36005045600,376,2021-10-18
36061017200,36005045600,110,2021-10-18
36061017900,36005045600,269,2021-10-18
36061020500,36005045600,168,2021-10-18
36061021200,36005045600,157,2021-10-18
36061022200,36005045600,313,2021-10-18
36061022301,36005045600,282,2021-10-18
36061023501,36005045600,144,2021-10-18
36081005500,36005045600,192,2021-10-18
36081015400,36005045600,145,2021-10-18
36119000801,36005045600,129,2021-10-18
36119001301,36005045600,204,2021-10-18
36119001900,36005045600,159,2021-10-18
36119002404,36005045600,240,2021-10-18
36119002600,36005045600,1710,2021-10-18
36119003400,36005045600,210,2021-10-18
36119003500,36005045600,136,2021-10-18
36119004000,36005045600,142,2021-10-18
36119004100,36005045600,251,2021-10-18
36119004200,36005045600,192,2021-10-18
36119004300,36005045600,165,2021-10-18
36119005002,36005045600,385,2021-10-18
36119005400,36005045600,254,2021-10-18
36119005500,36005045600,1813,2021-10-18
36119005701,36005045600,338,2021-10-18
36119006100,36005045600,244,2021-10-18
36119006801,36005045600,128,2021-10-18
36119006802,36005045600,127,2021-10-18
36119009400,36005045600,467,2021-10-18
36119009500,36005045600,126,2021-10-18
36119010400,36005045600,174,2021-10-18
36119010803,36005045600,119,2021-10-18
36119011600,36005045600,141,2021-10-18
42103950603,36005045600,122,2021-10-18
34023002402,36005045600,108,2021-10-25
36005006300,36005045600,130,2021-10-25
36005006500,36005045600,378,2021-10-25
36005007300,36005045600,452,2021-10-25
36005009000,36005045600,163,2021-10-25
36005011700,36005045600,197,2021-10-25
36005015300,36005045600,137,2021-10-25
36005017300,36005045600,150,2021-10-25
36005018302,36005045600,149,2021-10-25
36005021200,36005045600,120,2021-10-25
36005022000,36005045600,478,2021-10-25
36005022902,36005045600,199,2021-10-25
36005025300,36005045600,137,2021-10-25
36005026900,36005045600,132,2021-10-25
36005029600,36005045600,157,2021-10-25
36005031000,36005045600,113,2021-10-25
36005031200,36005045600,118,2021-10-25
36005032600,36005045600,172,2021-10-25
36005033400,36005045600,170,2021-10-25
36005033800,36005045600,130,2021-10-25
36005036000,36005045600,124,2021-10-25
36005036100,36005045600,219,2021-10-25
36005036400,36005045600,113,2021-10-25
36005037400,36005045600,143,2021-10-25
36005037800,36005045600,146,2021-10-25
36005038302,36005045600,141,2021-10-25
36005038600,36005045600,227,2021-10-25
36005039400,36005045600,181,2021-10-25
36005039700,36005045600,191,2021-10-25
36005040100,36005045600,121,2021-10-25
36005040900,36005045600,676,2021-10-25
36005041400,36005045600,574,2021-10-25
36005042000,36005045600,257,2021-10-25
36005042100,36005045600,117,2021-10-25
36005042600,36005045600,688,2021-10-25
36005042902,36005045600,207,2021-10-25
36005045101,36005045600,243,2021-10-25
36005045102,36005045600,123,2021-10-25
36005045600,36005045600,175,2021-10-25
36005045800,36005045600,156,2021-10-25
36005046201,36005045600,833,2021-10-25
36005046202,36005045600,1004,2021-10-25
36005048400,36005045600,1149,2021-10-25
36047012902,36005045600,201,2021-10-25
36047049800,36005045600,181,2021-10-25
36059300700,36005045600,117,2021-10-25
36059302800,36005045600,125,2021-10-25
36059518204,36005045600,139,2021-10-25
36061001501,36005045600,108,2021-10-25
36061004900,36005045600,232,2021-10-25
36061005200,36005045600,108,2021-10-25
36061007000,36005045600,168,2021-10-25
36061007500,36005045600,181,2021-10-25
36061007800,36005045600,263,2021-10-25
36061008000,36005045600,175,2021-10-25
36061009400,36005045600,238,2021-10-25
36061009900,36005045600,183,2021-10-25
36061010100,36005045600,153,2021-10-25
36061010400,36005045600,425,2021-10-25
36061010900,36005045600,264,2021-10-25
36061011201,36005045600,179,2021-10-25
36061011202,36005045600,666,2021-10-25
36061011300,36005045600,283,2021-10-25
36061011401,36005045600,155,2021-10-25
36061012500,36005045600,217,2021-10-25
36061012900,36005045600,361,2021-10-25
36061013100,36005045600,135,2021-10-25
36061014300,36005045600,125,2021-10-25
36061015500,36005045600,162,2021-10-25
36061015700,36005045600,167,2021-10-25
36061016300,36005045600,297,2021-10-25
36061016400,36005045600,160,2021-10-25
36061016500,36005045600,456,2021-10-25
36061016800,36005045600,181,2021-10-25
36061016900,36005045600,108,2021-10-25
36061017100,36005045600,167,2021-10-25
36061017200,36005045600,211,2021-10-25
36061017500,36005045600,108,2021-10-25
36061018300,36005045600,153,2021-10-25
36061019100,36005045600,108,2021-10-25
36061020901,36005045600,117,2021-10-25
36061022200,36005045600,153,2021-10-25
36061023501,36005045600,139,2021-10-25
36061026100,36005045600,111,2021-10-25
36061029300,36005045600,111,2021-10-25
36081006100,36005045600,170,2021-10-25
36081017400,36005045600,191,2021-10-25
36081045800,36005045600,143,2021-10-25
36081071600,36005045600,648,2021-10-25
36119001301,36005045600,250,2021-10-25
36119001401,36005045600,155,2021-10-25
36119001503,36005045600,122,2021-10-25
36119001504,36005045600,108,2021-10-25
36119002000,36005045600,367,2021-10-25
36119002600,36005045600,393,2021-10-25
36119003300,36005045600,119,2021-10-25
36119003600,36005045600,185,2021-10-25
36119004400,36005045600,397,2021-10-25
36119005002,36005045600,701,2021-10-25
36119005400,36005045600,476,2021-10-25
36119005500,36005045600,1566,2021-10-25
36119005701,36005045600,121,2021-10-25
36119005800,36005045600,253,2021-10-25
36119005902,36005045600,194,2021-10-25
36119006000,36005045600,112,2021-10-25
36119007100,36005045600,155,2021-10-25
36119007700,36005045600,124,2021-10-25
36119008000,36005045600,140,2021-10-25
36119008800,36005045600,186,2021-10-25
36119009000,36005045600,131,2021-10-25
36119010300,36005045600,167,2021-10-25
36119010400,36005045600,221,2021-10-25
36119010903,36005045600,174,2021-10-25
36119013103,36005045600,263,2021-10-25
34017007500,36005045600,233,2021-11-01
36005005100,36005045600,130,2021-11-01
36005009000,36005045600,146,2021-11-01
36005011502,36005045600,317,2021-11-01
36005012300,36005045600,178,2021-11-01
36005013100,36005045600,142,2021-11-01
36005019500,36005045600,146,2021-11-01
36005021100,36005045600,163,2021-11-01
36005022901,36005045600,210,2021-11-01
36005023703,36005045600,261,2021-11-01
36005026400,36005045600,120,2021-11-01
36005026602,36005045600,122,2021-11-01
36005029600,36005045600,266,2021-11-01
36005031000,36005045600,462,2021-11-01
36005031200,36005045600,123,2021-11-01
36005033400,36005045600,169,2021-11-01
36005033500,36005045600,169,2021-11-01
36005034200,36005045600,283,2021-11-01
36005034800,36005045600,174,2021-11-01
36005035000,36005045600,137,2021-11-01
36005035800,36005045600,186,2021-11-01
36005037900,36005045600,141,2021-11-01
36005038600,36005045600,630,2021-11-01
36005038700,36005045600,167,2021-11-01
36005039400,36005045600,173,2021-11-01
36005039600,36005045600,153,2021-11-01
36005039700,36005045600,380,2021-11-01
36005039902,36005045600,150,2021-11-01
36005040100,36005045600,283,2021-11-01
36005040400,36005045600,268,2021-11-01
36005040600,36005045600,130,2021-11-01
36005040900,36005045600,241,2021-11-01
36005041900,36005045600,134,2021-11-01
36005042000,36005045600,168,2021-11-01
36005042100,36005045600,300,2021-11-01
36005042600,36005045600,1083,2021-11-01
36005042800,36005045600,178,2021-11-01
36005043400,36005045600,137,2021-11-01
36005045600,36005045600,297,2021-11-01
36005045800,36005045600,199,2021-11-01
36005046000,36005045600,416,2021-11-01
36005046201,36005045600,1787,2021-11-01
36005046202,36005045600,859,2021-11-01
36005048400,36005045600,2341,2021-11-01
36047004300,36005045600,190,2021-11-01
36047031701,36005045600,163,2021-11-01
36061001501,36005045600,194,2021-11-01
36061001600,36005045600,113,2021-11-01
36061003900,36005045600,232,2021-11-01
36061004900,36005045600,135,2021-11-01
36061007100,36005045600,130,2021-11-01
36061008000,36005045600,164,2021-11-01
36061008400,36005045600,265,2021-11-01
36061009900,36005045600,157,2021-11-01
36061012800,36005045600,152,2021-11-01
36061013000,36005045600,277,2021-11-01
36061014300,36005045600,167,2021-11-01
36061014601,36005045600,140,2021-11-01
36061015100,36005045600,178,2021-11-01
36061015500,36005045600,624,2021-11-01
36061016001,36005045600,407,2021-11-01
36061016300,36005045600,661,2021-11-01
36061016500,36005045600,150,2021-11-01
36061017300,36005045600,135,2021-11-01
36061017500,36005045600,153,2021-11-01
36061017800,36005045600,154,2021-11-01
36061017900,36005045600,346,2021-11-01
36061018100,36005045600,299,2021-11-01
36061018900,36005045600,185,2021-11-01
36061019500,36005045600,150,2021-11-01
36061021303,36005045600,255,2021-11-01
36061022200,36005045600,123,2021-11-01
36081006100,36005045600,178,2021-11-01
36081028800,36005045600,219,2021-11-01
36081045800,36005045600,114,2021-11-01
36119000300,36005045600,219,2021-11-01
36119001900,36005045600,181,2021-11-01
36119002000,36005045600,188,2021-11-01
36119002105,36005045600,127,2021-11-01
36119002404,36005045600,121,2021-11-01
36119002600,36005045600,952,2021-11-01
36119003000,36005045600,196,2021-11-01
36119003100,36005045600,163,2021-11-01
36119003300,36005045600,265,2021-11-01
36119003500,36005045600,210,2021-11-01
36119005100,36005045600,130,2021-11-01
36119005300,36005045600,289,2021-11-01
36119005400,36005045600,325,2021-11-01
36119005500,36005045600,1876,2021-11-01
36119005701,36005045600,124,2021-11-01
36119005702,36005045600,120,2021-11-01
36119005800,36005045600,137,2021-11-01
36119006100,36005045600,141,2021-11-01
36119006900,36005045600,130,2021-11-01
36119008404,36005045600,113,2021-11-01
36119008800,36005045600,169,2021-11-01
36119010400,36005045600,205,2021-11-01
36119010500,36005045600,175,2021-11-01
36119010600,36005045600,252,2021-11-01
36119011000,36005045600,257,2021-11-01
34003036100,36005045600,162,2021-11-08
34003042500,36005045600,266,2021-11-08
36005001600,36005045600,499,2021-11-08
36005006500,36005045600,275,2021-11-08
36005009200,36005045600,133,2021-11-08
36005009300,36005045600,161,2021-11-08
36005009600,36005045600,132,2021-11-08
36005011502,36005045600,169,2021-11-08
36005011700,36005045600,520,2021-11-08
36005016500,36005045600,135,2021-11-08
36005016900,36005045600,138,2021-11-08
36005017300,36005045600,112,2021-11-08
36005018302,36005045600,129,2021-11-08
36005022500,36005045600,151,2021-11-08
36005022703,36005045600,183,2021-11-08
36005023702,36005045600,131,2021-11-08
36005026500,36005045600,185,2021-11-08
36005026602,36005045600,149,2021-11-08
36005029600,36005045600,227,2021-11-08
36005030100,36005045600,292,2021-11-08
36005031000,36005045600,541,2021-11-08
36005032400,36005045600,187,2021-11-08
36005033400,36005045600,164,2021-11-08
36005037200,36005045600,218,2021-11-08
36005038000,36005045600,174,2021-11-08
36005038302,36005045600,301,2021-11-08
36005038600,36005045600,166,2021-11-08
36005040302,36005045600,245,2021-11-08
36005040900,36005045600,467,2021-11-08
36005041800,36005045600,139,2021-11-08
36005041900,36005045600,167,2021-11-08
36005042000,36005045600,385,2021-11-08
36005042100,36005045600,184,2021-11-08
36005042600,36005045600,1184,2021-11-08
36005043400,36005045600,288,2021-11-08
36005045600,36005045600,412,2021-11-08
36005046000,36005045600,264,2021-11-08
36005046201,36005045600,1615,2021-11-08
36005046202,36005045600,724,2021-11-08
36005048400,36005045600,1044,2021-11-08
36005050400,36005045600,136,2021-11-08
36047030100,36005045600,177,2021-11-08
36047115000,36005045600,200,2021-11-08
36059300700,36005045600,119,2021-11-08
36059407301,36005045600,155,2021-11-08
36059407700,36005045600,404,2021-11-08
36059412900,36005045600,148,2021-11-08
36059413500,36005045600,112,2021-11-08
36061004900,36005045600,203,2021-11-08
36061005400,36005045600,174,2021-11-08
36061006200,36005045600,252,2021-11-08
36061006300,36005045600,199,2021-11-08
36061009400,36005045600,158,2021-11-08
36061009900,36005045600,142,2021-11-08
36061010400,36005045600,129,2021-11-08
36061010900,36005045600,150,2021-11-08
36061011000,36005045600,177,2021-11-08
36061011202,36005045600,135,2021-11-08
36061011300,36005045600,348,2021-11-08
36061011401,36005045600,162,2021-11-08
36061011402,36005045600,163,2021-11-08
36061013700,36005045600,489,2021-11-08
36061014500,36005045600,169,2021-11-08
36061015100,36005045600,169,2021-11-08
36061015200,36005045600,193,2021-11-08
36061015300,36005045600,117,2021-11-08
36061015400,36005045600,128,2021-11-08
36061015500,36005045600,232,2021-11-08
36061015700,36005045600,141,2021-11-08
36061016200,36005045600,159,2021-11-08
36061016300,36005045600,287,2021-11-08
36061016400,36005045600,184,2021-11-08
36061017000,36005045600,160,2021-11-08
36061017300,36005045600,196,2021-11-08
36061017900,36005045600,504,2021-11-08
36061018800,36005045600,364,2021-11-08
36061019100,36005045600,334,2021-11-08
36061019600,36005045600,249,2021-11-08
36061020000,36005045600,169,2021-11-08
36061020500,36005045600,151,2021-11-08
36061021100,36005045600,218,2021-11-08
36061021303,36005045600,202,2021-11-08
36061022200,36005045600,535,2021-11-08
36061022400,36005045600,156,2021-11-08
36061022700,36005045600,199,2021-11-08
36061022900,36005045600,130,2021-11-08
36061025500,36005045600,135,2021-11-08
36081017400,36005045600,169,2021-11-08
36081037500,36005045600,112,2021-11-08
36081071600,36005045600,329,2021-11-08
36119000900,36005045600,169,2021-11-08
36119001503,36005045600,129,2021-11-08
36119001900,36005045600,169,2021-11-08
36119002101,36005045600,161,2021-11-08
36119002404,36005045600,506,2021-11-08
36119002600,36005045600,912,2021-11-08
36119003000,36005045600,154,2021-11-08
36119003100,36005045600,169,2021-11-08
36119003300,36005045600,286,2021-11-08
36119003600,36005045600,170,2021-11-08
36119004200,36005045600,397,2021-11-08
36119005100,36005045600,184,2021-11-08
36119005300,36005045600,180,2021-11-08
36119005400,36005045600,112,2021-11-08
36119005500,36005045600,1551,2021-11-08
36119005701,36005045600,256,2021-11-08
36119005901,36005045600,177,2021-11-08
36119006000,36005045600,259,2021-11-08
36119009300,36005045600,150,2021-11-08
36119009400,36005045600,618,2021-11-08
36119010500,36005045600,185,2021-11-08
34003045200,36005045600,103,2021-11-15
34039032001,36005045600,195,2021-11-15
36005001600,36005045600,304,2021-11-15
36005004200,36005045600,280,2021-11-15
36005006300,36005045600,244,2021-11-15
36005006500,36005045600,123,2021-11-15
36005007200,36005045600,130,2021-11-15
36005008300,36005045600,113,2021-11-15
36005009000,36005045600,312,2021-11-15
36005009300,36005045600,142,2021-11-15
36005011700,36005045600,512,2021-11-15
36005011900,36005045600,227,2021-11-15
36005014500,36005045600,315,2021-11-15
36005016900,36005045600,167,2021-11-15
36005017300,36005045600,154,2021-11-15
36005017500,36005045600,161,2021-11-15
36005018101,36005045600,116,2021-11-15
36005018302,36005045600,164,2021-11-15
36005019700,36005045600,139,2021-11-15
36005020000,36005045600,289,2021-11-15
36005021001,36005045600,147,2021-11-15
36005022000,36005045600,296,2021-11-15
36005023100,36005045600,122,2021-11-15
36005026702,36005045600,158,2021-11-15
36005031000,36005045600,260,2021-11-15
36005031200,36005045600,414,2021-11-15
36005034800,36005045600,149,2021-11-15
36005035000,36005045600,250,2021-11-15
36005035800,36005045600,450,2021-11-15
36005035900,36005045600,158,2021-11-15
36005036400,36005045600,112,2021-11-15
36005037000,36005045600,227,2021-11-15
36005037900,36005045600,185,2021-11-15
36005038302,36005045600,142,2021-11-15
36005038600,36005045600,114,2021-11-15
36005038700,36005045600,143,2021-11-15
36005039200,36005045600,180,2021-11-15
36005039300,36005045600,125,2021-11-15
36005039700,36005045600,233,2021-11-15
36005040600,36005045600,169,2021-11-15
36005040900,36005045600,356,2021-11-15
36005041800,36005045600,128,2021-11-15
36005042000,36005045600,375,2021-11-15
36005042100,36005045600,149,2021-11-15
36005042200,36005045600,140,2021-11-15
36005042500,36005045600,156,2021-11-15
36005042600,36005045600,874,2021-11-15
36005043400,36005045600,269,2021-11-15
36005044400,36005045600,284,2021-11-15
36005045600,36005045600,599,2021-11-15
36005045800,36005045600,192,2021-11-15
36005046000,36005045600,144,2021-11-15
36005046201,36005045600,1882,2021-11-15
36005046202,36005045600,1128,2021-11-15
36005048400,36005045600,989,2021-11-15
36047016100,36005045600,141,2021-11-15
36047079200,36005045600,144,2021-11-15
36059300700,36005045600,156,2021-11-15
36059407301,36005045600,124,2021-11-15
36059414400,36005045600,249,2021-11-15
36061003700,36005045600,348,2021-11-15
36061007500,36005045600,335,2021-11-15
36061008000,36005045600,314,2021-11-15
36061009200,36005045600,255,2021-11-15
36061009600,36005045600,246,2021-11-15
36061009900,36005045600,1005,2021-11-15
36061010200,36005045600,129,2021-11-15
36061011201,36005045600,251,2021-11-15
36061011202,36005045600,254,2021-11-15
36061011300,36005045600,476,2021-11-15
36061011401,36005045600,129,2021-11-15
36061011700,36005045600,155,2021-11-15
36061012500,36005045600,124,2021-11-15
36061013000,36005045600,211,2021-11-15
36061013700,36005045600,119,2021-11-15
36061014500,36005045600,170,2021-11-15
36061014900,36005045600,290,2021-11-15
36061015100,36005045600,148,2021-11-15
36061015300,36005045600,333,2021-11-15
36061015500,36005045600,536,2021-11-15
36061015700,36005045600,117,2021-11-15
36061016300,36005045600,337,2021-11-15
36061016500,36005045600,168,2021-11-15
36061016900,36005045600,157,2021-11-15
36061017100,36005045600,175,2021-11-15
36061017300,36005045600,111,2021-11-15
36061017500,36005045600,359,2021-11-15
36061017700,36005045600,140,2021-11-15
36061017800,36005045600,151,2021-11-15
36061017900,36005045600,118,2021-11-15
36061018500,36005045600,177,2021-11-15
36061018800,36005045600,155,2021-11-15
36061019100,36005045600,104,2021-11-15
36061019900,36005045600,131,2021-11-15
36061021303,36005045600,369,2021-11-15
36061022200,36005045600,125,2021-11-15
36061022800,36005045600,167,2021-11-15
36061023100,36005045600,112,2021-11-15
36061023300,36005045600,104,2021-11-15
36061023501,36005045600,135,2021-11-15
36061024100,36005045600,107,2021-11-15
36061029300,36005045600,114,2021-11-15
36081015400,36005045600,136,2021-11-15
36081033100,36005045600,281,2021-11-15
36081044400,36005045600,170,2021-11-15
36081071600,36005045600,561,2021-11-15
36081133900,36005045600,113,2021-11-15
36119000300,36005045600,115,2021-11-15
36119000900,36005045600,122,2021-11-15
36119002404,36005045600,278,2021-11-15
36119002600,36005045600,1049,2021-11-15
36119003000,36005045600,138,2021-11-15
36119003100,36005045600,133,2021-11-15
36119003800,36005045600,162,2021-11-15
36119004000,36005045600,129,2021-11-15
36119004300,36005045600,151,2021-11-15
36119005300,36005045600,150,2021-11-15
36119005400,36005045600,781,2021-11-15
36119005500,36005045600,2344,2021-11-15
36119005701,36005045600,364,2021-11-15
36119005702,36005045600,134,2021-11-15
36119006000,36005045600,285,2021-11-15
36119006900,36005045600,266,2021-11-15
36119009300,36005045600,113,2021-11-15
36119009400,36005045600,501,2021-11-15
36119010400,36005045600,130,2021-11-15
36119010500,36005045600,170,2021-11-15
36119010803,36005045600,111,2021-11-15
36119011000,36005045600,286,2021-11-15
36119011101,36005045600,208,2021-11-15
36119013000,36005045600,178,2021-11-15
36005003900,36005045600,90,2021-11-22
36005008700,36005045600,108,2021-11-22
36005011700,36005045600,160,2021-11-22
36005014500,36005045600,97,2021-11-22
36005016900,36005045600,102,2021-11-22
36005017500,36005045600,113,2021-11-22
36005018302,36005045600,82,2021-11-22
36005019500,36005045600,78,2021-11-22
36005021100,36005045600,144,2021-11-22
36005022000,36005045600,118,2021-11-22
36005022403,36005045600,100,2021-11-22
36005023302,36005045600,89,2021-11-22
36005023703,36005045600,79,2021-11-22
36005026602,36005045600,96,2021-11-22
36005026900,36005045600,87,2021-11-22
36005028500,36005045600,86,2021-11-22
36005028900,36005045600,89,2021-11-22
36005029302,36005045600,125,2021-11-22
36005030200,36005045600,118,2021-11-22
36005031200,36005045600,80,2021-11-22
36005032400,36005045600,95,2021-11-22
36005033600,36005045600,99,2021-11-22
36005035800,36005045600,186,2021-11-22
36005036000,36005045600,111,2021-11-22
36005038000,36005045600,175,2021-11-22
36005038600,36005045600,102,2021-11-22
36005038700,36005045600,99,2021-11-22
36005039600,36005045600,99,2021-11-22
36005039700,36005045600,107,2021-11-22
36005040600,36005045600,99,2021-11-22
36005041900,36005045600,203,2021-11-22
36005042400,36005045600,182,2021-11-22
36005042600,36005045600,605,2021-11-22
36005042800,36005045600,180,2021-11-22
36005043100,36005045600,98,2021-11-22
36005043400,36005045600,156,2021-11-22
36005044400,36005045600,84,2021-11-22
36005045102,36005045600,99,2021-11-22
36005045600,36005045600,204,2021-11-22
36005046000,36005045600,82,2021-11-22
36005046201,36005045600,1840,2021-11-22
36005046202,36005045600,361,2021-11-22
36005048400,36005045600,805,2021-11-22
36047044900,36005045600,118,2021-11-22
36047079801,36005045600,103,2021-11-22
36047081600,36005045600,162,2021-11-22
36059413500,36005045600,102,2021-11-22
36061001501,36005045600,105,2021-11-22
36061007600,36005045600,80,2021-11-22
36061008601,36005045600,93,2021-11-22
36061009200,36005045600,85,2021-11-22
36061010400,36005045600,279,2021-11-22
36061011600,36005045600,161,2021-11-22
36061013500,36005045600,82,2021-11-22
36061016800,36005045600,146,2021-11-22
36061017000,36005045600,74,2021-11-22
36061019600,36005045600,86,2021-11-22
36061020000,36005045600,79,2021-11-22
36061020600,36005045600,121,2021-11-22
36061020901,36005045600,80,2021-11-22
36061021303,36005045600,94,2021-11-22
36061021703,36005045600,107,2021-11-22
36061022400,36005045600,88,2021-11-22
36061030700,36005045600,118,2021-11-22
36061030900,36005045600,174,2021-11-22
36081015802,36005045600,157,2021-11-22
36081033100,36005045600,143,2021-11-22
36081071600,36005045600,385,2021-11-22
36119000900,36005045600,85,2021-11-22
36119001301,36005045600,108,2021-11-22
36119002000,36005045600,120,2021-11-22
36119002404,36005045600,350,2021-11-22
36119002600,36005045600,675,2021-11-22
36119002800,36005045600,88,2021-11-22
36119005100,36005045600,78,2021-11-22
36119005300,36005045600,80,2021-11-22
36119005500,36005045600,908,2021-11-22
36119005701,36005045600,168,2021-11-22
36119005800,36005045600,84,2021-11-22
36119006000,36005045600,287,2021-11-22
36119006900,36005045600,191,2021-11-22
36119007100,36005045600,91,2021-11-22
36119009400,36005045600,322,2021-11-22
36119009500,36005045600,90,2021-11-22
36119010701,36005045600,104,2021-11-22
36119010803,36005045600,79,2021-11-22
36119012900,36005045600,83,2021-11-22
36119013000,36005045600,98,2021-11-22
36119014808,36005045600,111,2021-11-22
36005005100,36005045600,151,2021-11-29
36005006300,36005045600,181,2021-11-29
36005011000,36005045600,145,2021-11-29
36005011700,36005045600,415,2021-11-29
36005011800,36005045600,218,2021-11-29
36005012500,36005045600,115,2021-11-29
36005015900,36005045600,94,2021-11-29
36005017500,36005045600,140,2021-11-29
36005017702,36005045600,96,2021-11-29
36005021200,36005045600,80,2021-11-29
36005021301,36005045600,117,2021-11-29
36005021800,36005045600,111,2021-11-29
36005022403,36005045600,100,2021-11-29
36005022701,36005045600,86,2021-11-29
36005022800,36005045600,124,2021-11-29
36005023900,36005045600,107,2021-11-29
36005026400,36005045600,94,2021-11-29
36005028500,36005045600,86,2021-11-29
36005029500,36005045600,100,2021-11-29
36005030100,36005045600,347,2021-11-29
36005031200,36005045600,113,2021-11-29
36005032600,36005045600,96,2021-11-29
36005033400,36005045600,237,2021-11-29
36005034800,36005045600,204,2021-11-29
36005035000,36005045600,97,2021-11-29
36005038000,36005045600,123,2021-11-29
36005038600,36005045600,83,2021-11-29
36005038700,36005045600,119,2021-11-29
36005039500,36005045600,260,2021-11-29
36005039600,36005045600,128,2021-11-29
36005039700,36005045600,344,2021-11-29
36005039901,36005045600,109,2021-11-29
36005040100,36005045600,118,2021-11-29
36005040900,36005045600,196,2021-11-29
36005041400,36005045600,96,2021-11-29
36005041800,36005045600,105,2021-11-29
36005041900,36005045600,148,2021-11-29
36005042100,36005045600,102,2021-11-29
36005042200,36005045600,88,2021-11-29
36005042500,36005045600,104,2021-11-29
36005042600,36005045600,511,2021-11-29
36005042800,36005045600,84,2021-11-29
36005044400,36005045600,398,2021-11-29
36005045101,36005045600,86,2021-11-29
36005045600,36005045600,240,2021-11-29
36005046000,36005045600,269,2021-11-29
36005046201,36005045600,1820,2021-11-29
36005046202,36005045600,318,2021-11-29
36005048400,36005045600,944,2021-11-29
36059300700,36005045600,98,2021-11-29
36059407301,36005045600,247,2021-11-29
36061004900,36005045600,95,2021-11-29
36061005502,36005045600,81,2021-11-29
36061005700,36005045600,152,2021-11-29
36061005800,36005045600,113,2021-11-29
36061008800,36005045600,130,2021-11-29
36061009400,36005045600,103,2021-11-29
36061009600,36005045600,81,2021-11-29
36061009900,36005045600,196,2021-11-29
36061010000,36005045600,93,2021-11-29
36061010300,36005045600,150,2021-11-29
36061010400,36005045600,104,2021-11-29
36061010900,36005045600,88,2021-11-29
36061011202,36005045600,448,2021-11-29
36061011401,36005045600,197,2021-11-29
36061011700,36005045600,85,2021-11-29
36061011800,36005045600,87,2021-11-29
36061013000,36005045600,104,2021-11-29
36061013700,36005045600,192,2021-11-29
36061014500,36005045600,140,2021-11-29
36061014900,36005045600,99,2021-11-29
36061015100,36005045600,102,2021-11-29
36061015300,36005045600,363,2021-11-29
36061015500,36005045600,145,2021-11-29
36061015700,36005045600,263,2021-11-29
36061015900,36005045600,127,2021-11-29
36061016001,36005045600,325,2021-11-29
36061016100,36005045600,263,2021-11-29
36061016300,36005045600,294,2021-11-29
36061016400,36005045600,119,2021-11-29
36061017200,36005045600,114,2021-11-29
36061017300,36005045600,420,2021-11-29
36061017900,36005045600,209,2021-11-29
36061020600,36005045600,168,2021-11-29
36061020800,36005045600,109,2021-11-29
36061020901,36005045600,179,2021-11-29
36061021200,36005045600,126,2021-11-29
36061021800,36005045600,98,2021-11-29
36061022200,36005045600,98,2021-11-29
36061022301,36005045600,87,2021-11-29
36061023501,36005045600,110,2021-11-29
36061023801,36005045600,98,2021-11-29
36061029900,36005045600,84,2021-11-29
36061030900,36005045600,147,2021-11-29
36061031704,36005045600,155,2021-11-29
36081001900,36005045600,124,2021-11-29
36081068300,36005045600,197,2021-11-29
36081071600,36005045600,176,2021-11-29
36081144700,36005045600,88,2021-11-29
36119001301,36005045600,154,2021-11-29
36119001503,36005045600,88,2021-11-29
36119001600,36005045600,113,2021-11-29
36119002000,36005045600,234,2021-11-29
36119002600,36005045600,1346,2021-11-29
36119002700,36005045600,112,2021-11-29
36119003000,36005045600,134,2021-11-29
36119003100,36005045600,100,2021-11-29
36119003300,36005045600,96,2021-11-29
36119003500,36005045600,254,2021-11-29
36119003600,36005045600,122,2021-11-29
36119003900,36005045600,93,2021-11-29
36119004000,36005045600,102,2021-11-29
36119004400,36005045600,282,2021-11-29
36119005400,36005045600,267,2021-11-29
36119005500,36005045600,1881,2021-11-29
36119005701,36005045600,188,2021-11-29
36119005800,36005045600,97,2021-11-29
36119007800,36005045600,122,2021-11-29
36119009100,36005045600,85,2021-11-29
36119009400,36005045600,101,2021-11-29
36119010600,36005045600,111,2021-11-29
36119010701,36005045600,112,2021-11-29
36119010803,36005045600,88,2021-11-29
36119012000,36005045600,224,2021-11-29
34023006403,36005045600,257,2021-12-06
34035053501,36005045600,125,2021-12-06
34035054300,36005045600,246,2021-12-06
36005002702,36005045600,103,2021-12-06
36005005100,36005045600,279,2021-12-06
36005006300,36005045600,147,2021-12-06
36005006500,36005045600,349,2021-12-06
36005009800,36005045600,119,2021-12-06
36005014500,36005045600,100,2021-12-06
36005015100,36005045600,109,2021-12-06
36005016900,36005045600,468,2021-12-06
36005017500,36005045600,95,2021-12-06
36005021900,36005045600,135,2021-12-06
36005022101,36005045600,96,2021-12-06
36005028300,36005045600,115,2021-12-06
36005028900,36005045600,256,2021-12-06
36005029302,36005045600,374,2021-12-06
36005030000,36005045600,207,2021-12-06
36005031200,36005045600,98,2021-12-06
36005033202,36005045600,223,2021-12-06
36005035800,36005045600,132,2021-12-06
36005038000,36005045600,92,2021-12-06
36005038500,36005045600,230,2021-12-06
36005038600,36005045600,123,2021-12-06
36005039100,36005045600,106,2021-12-06
36005039400,36005045600,141,2021-12-06
36005039500,36005045600,135,2021-12-06
36005039600,36005045600,236,2021-12-06
36005039700,36005045600,190,2021-12-06
36005042100,36005045600,261,2021-12-06
36005042200,36005045600,93,2021-12-06
36005042600,36005045600,549,2021-12-06
36005043400,36005045600,115,2021-12-06
36005044400,36005045600,202,2021-12-06
36005045600,36005045600,221,2021-12-06
36005046000,36005045600,530,2021-12-06
36005046201,36005045600,1536,2021-12-06
36005046202,36005045600,611,2021-12-06
36005048400,36005045600,871,2021-12-06
36005050400,36005045600,138,2021-12-06
36047000301,36005045600,107,2021-12-06
36059300700,36005045600,92,2021-12-06
36059300900,36005045600,86,2021-12-06
36059406001,36005045600,90,2021-12-06
36059407301,36005045600,96,2021-12-06
36059410900,36005045600,98,2021-12-06
36061001300,36005045600,130,2021-12-06
36061001501,36005045600,219,2021-12-06
36061001800,36005045600,141,2021-12-06
36061003300,36005045600,160,2021-12-06
36061004900,36005045600,86,2021-12-06
36061005000,36005045600,117,2021-12-06
36061007800,36005045600,103,2021-12-06
36061008200,36005045600,124,2021-12-06
36061008603,36005045600,110,2021-12-06
36061009300,36005045600,169,2021-12-06
36061009900,36005045600,271,2021-12-06
36061010400,36005045600,179,2021-12-06
36061011202,36005045600,258,2021-12-06
36061011401,36005045600,373,2021-12-06
36061011600,36005045600,680,2021-12-06
36061011700,36005045600,133,2021-12-06
36061012400,36005045600,299,2021-12-06
36061012500,36005045600,94,2021-12-06
36061012800,36005045600,103,2021-12-06
36061013700,36005045600,228,2021-12-06
36061015100,36005045600,113,2021-12-06
36061015601,36005045600,106,2021-12-06
36061015700,36005045600,140,2021-12-06
36061016100,36005045600,86,2021-12-06
36061016300,36005045600,216,2021-12-06
36061016500,36005045600,134,2021-12-06
36061017500,36005045600,86,2021-12-06
36061018100,36005045600,124,2021-12-06
36061018300,36005045600,140,2021-12-06
36061020000,36005045600,106,2021-12-06
36061020600,36005045600,238,2021-12-06
36061021303,36005045600,283,2021-12-06
36061021500,36005045600,99,2021-12-06
36061023501,36005045600,124,2021-12-06
36061025100,36005045600,279,2021-12-06
36061029300,36005045600,134,2021-12-06
36061030900,36005045600,347,2021-12-06
36081088901,36005045600,98,2021-12-06
36087010902,36005045600,161,2021-12-06
36119000101,36005045600,162,2021-12-06
36119000900,36005045600,99,2021-12-06
36119001301,36005045600,234,2021-12-06
36119002000,36005045600,236,2021-12-06
36119002404,36005045600,515,2021-12-06
36119002600,36005045600,1542,2021-12-06
36119003000,36005045600,116,2021-12-06
36119003100,36005045600,172,2021-12-06
36119003300,36005045600,100,2021-12-06
36119003600,36005045600,258,2021-12-06
36119004000,36005045600,114,2021-12-06
36119004600,36005045600,159,2021-12-06
36119005300,36005045600,119,2021-12-06
36119005400,36005045600,516,2021-12-06
36119005500,36005045600,2032,2021-12-06
36119005701,36005045600,261,2021-12-06
36119006000,36005045600,122,2021-12-06
36119006100,36005045600,86,2021-12-06
36119009300,36005045600,107,2021-12-06
36119009400,36005045600,103,2021-12-06
36119010500,36005045600,101,2021-12-06
36119010600,36005045600,100,2021-12-06
34003019202,36005045600,138,2021-12-13
34003031100,36005045600,139,2021-12-13
34031175500,36005045600,114,2021-12-13
36005005100,36005045600,172,2021-12-13
36005006300,36005045600,309,2021-12-13
36005008300,36005045600,113,2021-12-13
36005011700,36005045600,267,2021-12-13
36005014500,36005045600,110,2021-12-13
36005016700,36005045600,122,2021-12-13
36005017300,36005045600,102,2021-12-13
36005017701,36005045600,178,2021-12-13
36005018301,36005045600,142,2021-12-13
36005018302,36005045600,211,2021-12-13
36005021002,36005045600,118,2021-12-13
36005021200,36005045600,102,2021-12-13
36005022500,36005045600,128,2021-12-13
36005022902,36005045600,104,2021-12-13
36005027402,36005045600,122,2021-12-13
36005028300,36005045600,96,2021-12-13
36005028400,36005045600,128,2021-12-13
36005028900,36005045600,392,2021-12-13
36005029302,36005045600,410,2021-12-13
36005030900,36005045600,99,2021-12-13
36005031000,36005045600,116,2021-12-13
36005031200,36005045600,93,2021-12-13
36005032600,36005045600,229,2021-12-13
36005033000,36005045600,103,2021-12-13
36005034500,36005045600,252,2021-12-13
36005035800,36005045600,304,2021-12-13
36005036000,36005045600,101,2021-12-13
36005036800,36005045600,143,2021-12-13
36005038302,36005045600,114,2021-12-13
36005038600,36005045600,116,2021-12-13
36005039000,36005045600,109,2021-12-13
36005040100,36005045600,147,2021-12-13
36005040501,36005045600,203,2021-12-13
36005040900,36005045600,237,2021-12-13
36005041400,36005045600,87,2021-12-13
36005041900,36005045600,132,2021-12-13
36005042200,36005045600,106,2021-12-13
36005042400,36005045600,121,2021-12-13
36005042600,36005045600,600,2021-12-13
36005042800,36005045600,102,2021-12-13
36005043100,36005045600,127,2021-12-13
36005043400,36005045600,113,2021-12-13
36005044901,36005045600,109,2021-12-13
36005045600,36005045600,469,2021-12-13
36005046000,36005045600,99,2021-12-13
36005046201,36005045600,2295,2021-12-13
36005046202,36005045600,809,2021-12-13
36005048400,36005045600,575,2021-12-13
36059300700,36005045600,109,2021-12-13
36061001501,36005045600,295,2021-12-13
36061003100,36005045600,163,2021-12-13
36061006600,36005045600,136,2021-12-13
36061008000,36005045600,93,2021-12-13
36061008900,36005045600,99,2021-12-13
36061009400,36005045600,116,2021-12-13
36061009900,36005045600,122,2021-12-13
36061010200,36005045600,107,2021-12-13
36061010400,36005045600,213,2021-12-13
36061011000,36005045600,110,2021-12-13
36061011201,36005045600,205,2021-12-13
36061011202,36005045600,213,2021-12-13
36061011401,36005045600,94,2021-12-13
36061012400,36005045600,127,2021-12-13
36061013300,36005045600,148,2021-12-13
36061013700,36005045600,96,2021-12-13
36061013900,36005045600,131,2021-12-13
36061014500,36005045600,240,2021-12-13
36061014602,36005045600,145,2021-12-13
36061015400,36005045600,113,2021-12-13
36061015500,36005045600,148,2021-12-13
36061015700,36005045600,225,2021-12-13
36061015900,36005045600,152,2021-12-13
36061016300,36005045600,322,2021-12-13
36061016400,36005045600,108,2021-12-13
36061016500,36005045600,226,2021-12-13
36061016800,36005045600,149,2021-12-13
36061019100,36005045600,87,2021-12-13
36061020500,36005045600,92,2021-12-13
36061021900,36005045600,131,2021-12-13
36061022200,36005045600,145,2021-12-13
36061022301,36005045600,124,2021-12-13
36061022900,36005045600,91,2021-12-13
36061024500,36005045600,137,2021-12-13
36081046400,36005045600,152,2021-12-13
36119000402,36005045600,103,2021-12-13
36119002000,36005045600,206,2021-12-13
36119002105,36005045600,196,2021-12-13
36119002107,36005045600,114,2021-12-13
36119002404,36005045600,279,2021-12-13
36119002405,36005045600,102,2021-12-13
36119002600,36005045600,930,2021-12-13
36119003500,36005045600,170,2021-12-13
36119003600,36005045600,190,2021-12-13
36119003800,36005045600,101,2021-12-13
36119005002,36005045600,241,2021-12-13
36119005300,36005045600,304,2021-12-13
36119005500,36005045600,1642,2021-12-13
36119005701,36005045600,396,2021-12-13
36119006000,36005045600,319,2021-12-13
36119008000,36005045600,105,2021-12-13
36119009300,36005045600,221,2021-12-13
36119009400,36005045600,90,2021-12-13
36119010500,36005045600,151,2021-12-13
36119010600,36005045600,224,2021-12-13
36119010701,36005045600,119,2021-12-13
36119010803,36005045600,93,2021-12-13
36119010903,36005045600,192,2021-12-13
36119011000,36005045600,224,2021-12-13
36119011400,36005045600,298,2021-12-13
36119012802,36005045600,96,2021-12-13
36119981000,36005045600,576,2021-12-13
34013980200,36005045600,136,2021-12-20
34025809100,36005045600,94,2021-12-20
34031181000,36005045600,101,2021-12-20
36005007100,36005045600,92,2021-12-20
36005008300,36005045600,130,2021-12-20
36005009300,36005045600,147,2021-12-20
36005011700,36005045600,242,2021-12-20
36005016100,36005045600,95,2021-12-20
36005017500,36005045600,238,2021-12-20
36005017901,36005045600,109,2021-12-20
36005018302,36005045600,250,2021-12-20
36005020502,36005045600,138,2021-12-20
36005023900,36005045600,108,2021-12-20
36005026602,36005045600,93,2021-12-20
36005027402,36005045600,125,2021-12-20
36005028400,36005045600,133,2021-12-20
36005028900,36005045600,226,2021-12-20
36005030100,36005045600,125,2021-12-20
36005031000,36005045600,137,2021-12-20
36005033400,36005045600,134,2021-12-20
36005033800,36005045600,248,2021-12-20
36005034800,36005045600,484,2021-12-20
36005036000,36005045600,128,2021-12-20
36005036400,36005045600,115,2021-12-20
36005037200,36005045600,137,2021-12-20
36005038302,36005045600,104,2021-12-20
36005039100,36005045600,116,2021-12-20
36005039400,36005045600,138,2021-12-20
36005039700,36005045600,219,2021-12-20
36005040100,36005045600,113,2021-12-20
36005040400,36005045600,144,2021-12-20
36005041400,36005045600,252,2021-12-20
36005041800,36005045600,216,2021-12-20
36005042100,36005045600,437,2021-12-20
36005042200,36005045600,95,2021-12-20
36005042600,36005045600,808,2021-12-20
36005042800,36005045600,98,2021-12-20
36005043400,36005045600,213,2021-12-20
36005043500,36005045600,122,2021-12-20
36005044200,36005045600,111,2021-12-20
36005045600,36005045600,345,2021-12-20
36005046000,36005045600,102,2021-12-20
36005046201,36005045600,2158,2021-12-20
36005046202,36005045600,546,2021-12-20
36005048400,36005045600,916,2021-12-20
36005051600,36005045600,107,2021-12-20
36059303800,36005045600,95,2021-12-20
36059407301,36005045600,109,2021-12-20
36061008200,36005045600,86,2021-12-20
36061009900,36005045600,109,2021-12-20
36061010300,36005045600,238,2021-12-20
36061010900,36005045600,259,2021-12-20
36061011202,36005045600,100,2021-12-20
36061011900,36005045600,93,2021-12-20
36061013700,36005045600,102,2021-12-20
36061014700,36005045600,146,2021-12-20
36061015001,36005045600,100,2021-12-20
36061015300,36005045600,103,2021-12-20
36061015400,36005045600,151,2021-12-20
36061015700,36005045600,332,2021-12-20
36061016200,36005045600,86,2021-12-20
36061016300,36005045600,442,2021-12-20
36061016500,36005045600,331,2021-12-20
36061016600,36005045600,102,2021-12-20
36061017100,36005045600,120,2021-12-20
36061017300,36005045600,136,2021-12-20
36061017500,36005045600,112,2021-12-20
36061017900,36005045600,156,2021-12-20
36061018100,36005045600,184,2021-12-20
36061018300,36005045600,144,2021-12-20
36061019900,36005045600,203,2021-12-20
36061020500,36005045600,125,2021-12-20
36061021100,36005045600,98,2021-12-20
36061021900,36005045600,180,2021-12-20
36061024301,36005045600,94,2021-12-20
36061025500,36005045600,318,2021-12-20
36061030300,36005045600,112,2021-12-20
36081009800,36005045600,247,2021-12-20
36081010400,36005045600,199,2021-12-20
36081023500,36005045600,86,2021-12-20
36081033100,36005045600,230,2021-12-20
36081060600,36005045600,104,2021-12-20
36081071600,36005045600,348,2021-12-20
36081099801,36005045600,118,2021-12-20
36119000801,36005045600,92,2021-12-20
36119002000,36005045600,140,2021-12-20
36119002105,36005045600,117,2021-12-20
36119002600,36005045600,1199,2021-12-20
36119003000,36005045600,86,2021-12-20
36119003600,36005045600,86,2021-12-20
36119004100,36005045600,162,2021-12-20
36119005002,36005045600,128,2021-12-20
36119005300,36005045600,100,2021-12-20
36119005400,36005045600,129,2021-12-20
36119005500,36005045600,1535,2021-12-20
36119005701,36005045600,253,2021-12-20
36119005901,36005045600,310,2021-12-20
36119005902,36005045600,99,2021-12-20
36119007700,36005045600,86,2021-12-20
36119008401,36005045600,154,2021-12-20
36119008404,36005045600,86,2021-12-20
36119011000,36005045600,167,2021-12-20
36119013202,36005045600,155,2021-12-20
34017015900,36005045600,77,2021-12-27
34023002901,36005045600,78,2021-12-27
34023007402,36005045600,158,2021-12-27
34027041705,36005045600,109,2021-12-27
36005003900,36005045600,121,2021-12-27
36005004200,36005045600,97,2021-12-27
36005011700,36005045600,140,2021-12-27
36005017500,36005045600,255,2021-12-27
36005021200,36005045600,140,2021-12-27
36005022703,36005045600,137,2021-12-27
36005028400,36005045600,146,2021-12-27
36005031000,36005045600,252,2021-12-27
36005034400,36005045600,100,2021-12-27
36005036901,36005045600,131,2021-12-27
36005037000,36005045600,90,2021-12-27
36005037200,36005045600,195,2021-12-27
36005038500,36005045600,289,2021-12-27
36005039100,36005045600,85,2021-12-27
36005039600,36005045600,132,2021-12-27
36005039700,36005045600,105,2021-12-27
36005040100,36005045600,134,2021-12-27
36005042500,36005045600,142,2021-12-27
36005042600,36005045600,440,2021-12-27
36005042800,36005045600,99,2021-12-27
36005043400,36005045600,222,2021-12-27
36005045600,36005045600,381,2021-12-27
36005046201,36005045600,1073,2021-12-27
36005046202,36005045600,525,2021-12-27
36005048400,36005045600,605,2021-12-27
36005050400,36005045600,114,2021-12-27
36059411800,36005045600,309,2021-12-27
36061001800,36005045600,97,2021-12-27
36061004900,36005045600,88,2021-12-27
36061005400,36005045600,125,2021-12-27
36061006500,36005045600,124,2021-12-27
36061007700,36005045600,89,2021-12-27
36061010100,36005045600,100,2021-12-27
36061010200,36005045600,108,2021-12-27
36061010400,36005045600,132,2021-12-27
36061011202,36005045600,90,2021-12-27
36061015700,36005045600,313,2021-12-27
36061016300,36005045600,419,2021-12-27
36061017300,36005045600,113,2021-12-27
36061018300,36005045600,90,2021-12-27
36061018800,36005045600,118,2021-12-27
36061019100,36005045600,200,2021-12-27
36061019400,36005045600,244,2021-12-27
36061020500,36005045600,217,2021-12-27
36061021100,36005045600,261,2021-12-27
36061021303,36005045600,157,2021-12-27
36061023501,36005045600,143,2021-12-27
36061024500,36005045600,303,2021-12-27
36081033100,36005045600,111,2021-12-27
36119001303,36005045600,105,2021-12-27
36119001403,36005045600,105,2021-12-27
36119001900,36005045600,103,2021-12-27
36119002000,36005045600,236,2021-12-27
36119002600,36005045600,953,2021-12-27
36119003000,36005045600,267,2021-12-27
36119005002,36005045600,93,2021-12-27
36119005300,36005045600,175,2021-12-27
36119005400,36005045600,141,2021-12-27
36119005500,36005045600,1188,2021-12-27
36119005800,36005045600,124,2021-12-27
36119006000,36005045600,118,2021-12-27
36119006100,36005045600,93,2021-12-27
36119006900,36005045600,207,2021-12-27
36119007100,36005045600,93,2021-12-27
36119008302,36005045600,296,2021-12-27
36119009400,36005045600,325,2021-12-27
36119010701,36005045600,98,2021-12-27
36119011000,36005045600,487,2021-12-27
34023009300,36005045600,187,2022-01-03
36005003100,36005045600,92,2022-01-03
36005004300,36005045600,101,2022-01-03
36005006100,36005045600,145,2022-01-03
36005006300,36005045600,99,2022-01-03
36005006500,36005045600,181,2022-01-03
36005008500,36005045600,133,2022-01-03
36005009300,36005045600,119,2022-01-03
36005012901,36005045600,110,2022-01-03
36005016900,36005045600,223,2022-01-03
36005017300,36005045600,256,2022-01-03
36005027402,36005045600,156,2022-01-03
36005031000,36005045600,126,2022-01-03
36005032600,36005045600,113,2022-01-03
36005036502,36005045600,102,2022-01-03
36005038301,36005045600,130,2022-01-03
36005038600,36005045600,387,2022-01-03
36005038700,36005045600,106,2022-01-03
36005039700,36005045600,290,2022-01-03
36005041400,36005045600,140,2022-01-03
36005041900,36005045600,86,2022-01-03
36005042200,36005045600,106,2022-01-03
36005042600,36005045600,700,2022-01-03
36005043100,36005045600,116,2022-01-03
36005043400,36005045600,97,2022-01-03
36005045600,36005045600,270,2022-01-03
36005046201,36005045600,873,2022-01-03
36005046202,36005045600,565,2022-01-03
36005048400,36005045600,588,2022-01-03
36061004300,36005045600,93,2022-01-03
36061005400,36005045600,116,2022-01-03
36061009400,36005045600,257,2022-01-03
36061009900,36005045600,197,2022-01-03
36061010400,36005045600,105,2022-01-03
36061011201,36005045600,100,2022-01-03
36061011202,36005045600,104,2022-01-03
36061011402,36005045600,160,2022-01-03
36061016800,36005045600,145,2022-01-03
36061018800,36005045600,267,2022-01-03
36061020000,36005045600,84,2022-01-03
36061022400,36005045600,84,2022-01-03
36061023100,36005045600,140,2022-01-03
36061023501,36005045600,108,2022-01-03
36061028500,36005045600,113,2022-01-03
36061030900,36005045600,119,2022-01-03
36061031704,36005045600,186,2022-01-03
36081000100,36005045600,130,2022-01-03
36081003600,36005045600,157,2022-01-03
36081005100,36005045600,217,2022-01-03
36081071600,36005045600,138,2022-01-03
36119001301,36005045600,229,2022-01-03
36119002000,36005045600,84,2022-01-03
36119002104,36005045600,194,2022-01-03
36119002600,36005045600,1241,2022-01-03
36119003300,36005045600,285,2022-01-03
36119004100,36005045600,123,2022-01-03
36119005002,36005045600,139,2022-01-03
36119005200,36005045600,87,2022-01-03
36119005300,36005045600,338,2022-01-03
36119005400,36005045600,190,2022-01-03
36119005500,36005045600,935,2022-01-03
36119005701,36005045600,286,2022-01-03
36119006000,36005045600,89,2022-01-03
36119009400,36005045600,98,2022-01-03
36119010801,36005045600,146,2022-01-03
36119010803,36005045600,109,2022-01-03
36119011000,36005045600,162,2022-01-03
36119011200,36005045600,164,2022-01-03
36119014806,36005045600,139,2022-01-03
34017020100,36005045600,130,2022-01-10
34023009300,36005045600,106,2022-01-10
36005001900,36005045600,92,2022-01-10
36005002800,36005045600,88,2022-01-10
36005005100,36005045600,111,2022-01-10
36005009600,36005045600,114,2022-01-10
36005016900,36005045600,106,2022-01-10
36005017500,36005045600,466,2022-01-10
36005017701,36005045600,99,2022-01-10
36005022000,36005045600,118,2022-01-10
36005022404,36005045600,133,2022-01-10
36005022901,36005045600,116,2022-01-10
36005026100,36005045600,141,2022-01-10
36005026300,36005045600,263,2022-01-10
36005030000,36005045600,80,2022-01-10
36005031000,36005045600,322,2022-01-10
36005031200,36005045600,91,2022-01-10
36005033000,36005045600,148,2022-01-10
36005033400,36005045600,124,2022-01-10
36005034200,36005045600,117,2022-01-10
36005034800,36005045600,105,2022-01-10
36005035800,36005045600,225,2022-01-10
36005036000,36005045600,150,2022-01-10
36005038600,36005045600,187,2022-01-10
36005038900,36005045600,89,2022-01-10
36005039300,36005045600,111,2022-01-10
36005039400,36005045600,143,2022-01-10
36005039700,36005045600,150,2022-01-10
36005040100,36005045600,88,2022-01-10
36005040304,36005045600,89,2022-01-10
36005040400,36005045600,127,2022-01-10
36005040600,36005045600,147,2022-01-10
36005040900,36005045600,186,2022-01-10
36005041400,36005045600,122,2022-01-10
36005042100,36005045600,370,2022-01-10
36005042200,36005045600,157,2022-01-10
36005042400,36005045600,300,2022-01-10
36005042600,36005045600,1003,2022-01-10
36005043400,36005045600,297,2022-01-10
36005045600,36005045600,301,2022-01-10
36005046201,36005045600,920,2022-01-10
36005046202,36005045600,415,2022-01-10
36005048400,36005045600,583,2022-01-10
36005050400,36005045600,80,2022-01-10
36047056500,36005045600,97,2022-01-10
36047080400,36005045600,118,2022-01-10
36059301900,36005045600,89,2022-01-10
36061003100,36005045600,148,2022-01-10
36061004900,36005045600,117,2022-01-10
36061005400,36005045600,365,2022-01-10
36061005900,36005045600,117,2022-01-10
36061009800,36005045600,98,2022-01-10
36061010200,36005045600,111,2022-01-10
36061010400,36005045600,88,2022-01-10
36061010900,36005045600,314,2022-01-10
36061011202,36005045600,276,2022-01-10
36061013500,36005045600,92,2022-01-10
36061013600,36005045600,94,2022-01-10
36061014602,36005045600,80,2022-01-10
36061014900,36005045600,186,2022-01-10
36061015300,36005045600,80,2022-01-10
36061015700,36005045600,80,2022-01-10
36061016300,36005045600,491,2022-01-10
36061016500,36005045600,425,2022-01-10
36061016700,36005045600,246,2022-01-10
36061017000,36005045600,109,2022-01-10
36061017100,36005045600,90,2022-01-10
36061017300,36005045600,430,2022-01-10
36061018200,36005045600,184,2022-01-10
36061018300,36005045600,149,2022-01-10
36061018900,36005045600,80,2022-01-10
36061021200,36005045600,128,2022-01-10
36061021900,36005045600,149,2022-01-10
36061022200,36005045600,96,2022-01-10
36061023400,36005045600,118,2022-01-10
36061028500,36005045600,227,2022-01-10
36061030900,36005045600,122,2022-01-10
36081016600,36005045600,95,2022-01-10
36081033100,36005045600,125,2022-01-10
36081035800,36005045600,104,2022-01-10
36081068200,36005045600,217,2022-01-10
36081084000,36005045600,91,2022-01-10
36081155102,36005045600,264,2022-01-10
36087010902,36005045600,132,2022-01-10
36119000701,36005045600,138,2022-01-10
36119001301,36005045600,394,2022-01-10
36119002000,36005045600,99,2022-01-10
36119002101,36005045600,98,2022-01-10
36119002105,36005045600,91,2022-01-10
36119002107,36005045600,151,2022-01-10
36119002404,36005045600,110,2022-01-10
36119002600,36005045600,485,2022-01-10
36119003100,36005045600,197,2022-01-10
36119003300,36005045600,230,2022-01-10
36119003600,36005045600,430,2022-01-10
36119004000,36005045600,109,2022-01-10
36119004800,36005045600,104,2022-01-10
36119005002,36005045600,452,2022-01-10
36119005400,36005045600,172,2022-01-10
36119005500,36005045600,1403,2022-01-10
36119005701,36005045600,93,2022-01-10
36119006000,36005045600,108,2022-01-10
36119006500,36005045600,146,2022-01-10
36119006802,36005045600,87,2022-01-10
36119006900,36005045600,103,2022-01-10
36119007200,36005045600,80,2022-01-10
36119007800,36005045600,85,2022-01-10
36119008602,36005045600,124,2022-01-10
36119009300,36005045600,95,2022-01-10
36119009400,36005045600,232,2022-01-10
36119010600,36005045600,117,2022-01-10
36119010803,36005045600,80,2022-01-10
36119011000,36005045600,182,2022-01-10
36119014704,36005045600,185,2022-01-10
34003036100,36005045600,129,2022-01-17
34017007700,36005045600,102,2022-01-17
34027045300,36005045600,94,2022-01-17
36005003300,36005045600,119,2022-01-17
36005005902,36005045600,135,2022-01-17
36005006500,36005045600,96,2022-01-17
36005008300,36005045600,185,2022-01-17
36005009300,36005045600,125,2022-01-17
36005011700,36005045600,239,2022-01-17
36005016900,36005045600,214,2022-01-17
36005017300,36005045600,181,2022-01-17
36005017500,36005045600,323,2022-01-17
36005017701,36005045600,105,2022-01-17
36005020000,36005045600,131,2022-01-17
36005020601,36005045600,114,2022-01-17
36005022000,36005045600,121,2022-01-17
36005022101,36005045600,97,2022-01-17
36005023501,36005045600,121,2022-01-17
36005028900,36005045600,281,2022-01-17
36005029600,36005045600,210,2022-01-17
36005030000,36005045600,125,2022-01-17
36005030100,36005045600,298,2022-01-17
36005031000,36005045600,148,2022-01-17
36005031200,36005045600,108,2022-01-17
36005033400,36005045600,145,2022-01-17
36005034200,36005045600,103,2022-01-17
36005035000,36005045600,113,2022-01-17
36005035800,36005045600,185,2022-01-17
36005036100,36005045600,165,2022-01-17
36005037300,36005045600,105,2022-01-17
36005038302,36005045600,123,2022-01-17
36005039100,36005045600,122,2022-01-17
36005039300,36005045600,107,2022-01-17
36005039600,36005045600,116,2022-01-17
36005040400,36005045600,110,2022-01-17
36005041900,36005045600,136,2022-01-17
36005042000,36005045600,162,2022-01-17
36005042100,36005045600,175,2022-01-17
36005042400,36005045600,209,2022-01-17
36005042500,36005045600,132,2022-01-17
36005042600,36005045600,969,2022-01-17
36005042800,36005045600,103,2022-01-17
36005042901,36005045600,185,2022-01-17
36005043100,36005045600,173,2022-01-17
36005043400,36005045600,119,2022-01-17
36005044400,36005045600,270,2022-01-17
36005045600,36005045600,458,2022-01-17
36005046000,36005045600,351,2022-01-17
36005046201,36005045600,509,2022-01-17
36005046202,36005045600,350,2022-01-17
36005048400,36005045600,477,2022-01-17
36047093400,36005045600,166,2022-01-17
36059409800,36005045600,118,2022-01-17
36059413500,36005045600,96,2022-01-17
36061000700,36005045600,192,2022-01-17
36061001501,36005045600,181,2022-01-17
36061002100,36005045600,111,2022-01-17
36061004900,36005045600,133,2022-01-17
36061005900,36005045600,157,2022-01-17
36061010100,36005045600,181,2022-01-17
36061010200,36005045600,114,2022-01-17
36061010601,36005045600,90,2022-01-17
36061010900,36005045600,90,2022-01-17
36061011100,36005045600,112,2022-01-17
36061011202,36005045600,142,2022-01-17
36061012400,36005045600,396,2022-01-17
36061013700,36005045600,292,2022-01-17
36061015100,36005045600,129,2022-01-17
36061015700,36005045600,618,2022-01-17
36061016300,36005045600,319,2022-01-17
36061017000,36005045600,287,2022-01-17
36061017100,36005045600,130,2022-01-17
36061017700,36005045600,117,2022-01-17
36061017800,36005045600,188,2022-01-17
36061018300,36005045600,129,2022-01-17
36061018700,36005045600,128,2022-01-17
36061018800,36005045600,211,2022-01-17
36061019400,36005045600,121,2022-01-17
36061020600,36005045600,179,2022-01-17
36061020800,36005045600,121,2022-01-17
36061021900,36005045600,283,2022-01-17
36061022400,36005045600,149,2022-01-17
36061024500,36005045600,254,2022-01-17
36061025500,36005045600,118,2022-01-17
36061026100,36005045600,118,2022-01-17
36061026500,36005045600,124,2022-01-17
36081017400,36005045600,136,2022-01-17
36119001301,36005045600,141,2022-01-17
36119002404,36005045600,93,2022-01-17
36119002600,36005045600,810,2022-01-17
36119003100,36005045600,116,2022-01-17
36119003300,36005045600,98,2022-01-17
36119003800,36005045600,90,2022-01-17
36119004200,36005045600,298,2022-01-17
36119005300,36005045600,199,2022-01-17
36119005400,36005045600,430,2022-01-17
36119005500,36005045600,1680,2022-01-17
36119005702,36005045600,108,2022-01-17
36119005800,36005045600,111,2022-01-17
36119006300,36005045600,95,2022-01-17
36119006500,36005045600,93,2022-01-17
36119008000,36005045600,104,2022-01-17
36119009300,36005045600,130,2022-01-17
36119009400,36005045600,109,2022-01-17
36119010600,36005045600,242,2022-01-17
36119014809,36005045600,241,2022-01-17
36119981000,36005045600,140,2022-01-17
34003045200,36005045600,103,2022-01-24
34023006606,36005045600,86,2022-01-24
36005004300,36005045600,139,2022-01-24
36005005100,36005045600,333,2022-01-24
36005005400,36005045600,137,2022-01-24
36005006500,36005045600,112,2022-01-24
36005011700,36005045600,279,2022-01-24
36005017300,36005045600,187,2022-01-24
36005017701,36005045600,118,2022-01-24
36005020400,36005045600,160,2022-01-24
36005021900,36005045600,142,2022-01-24
36005022101,36005045600,111,2022-01-24
36005026601,36005045600,116,2022-01-24
36005028900,36005045600,143,2022-01-24
36005029302,36005045600,410,2022-01-24
36005029600,36005045600,102,2022-01-24
36005030000,36005045600,114,2022-01-24
36005031000,36005045600,109,2022-01-24
36005032400,36005045600,201,2022-01-24
36005032600,36005045600,151,2022-01-24
36005033400,36005045600,321,2022-01-24
36005035900,36005045600,139,2022-01-24
36005036400,36005045600,161,2022-01-24
36005037200,36005045600,209,2022-01-24
36005038700,36005045600,143,2022-01-24
36005038900,36005045600,108,2022-01-24
36005039400,36005045600,170,2022-01-24
36005040100,36005045600,146,2022-01-24
36005040800,36005045600,125,2022-01-24
36005042100,36005045600,200,2022-01-24
36005042600,36005045600,383,2022-01-24
36005042800,36005045600,231,2022-01-24
36005043500,36005045600,117,2022-01-24
36005045102,36005045600,166,2022-01-24
36005045600,36005045600,539,2022-01-24
36005046000,36005045600,615,2022-01-24
36005046201,36005045600,730,2022-01-24
36005046202,36005045600,139,2022-01-24
36005048400,36005045600,678,2022-01-24
36047088800,36005045600,114,2022-01-24
36047093400,36005045600,268,2022-01-24
36059520502,36005045600,133,2022-01-24
36061009600,36005045600,131,2022-01-24
36061009900,36005045600,329,2022-01-24
36061010400,36005045600,285,2022-01-24
36061011100,36005045600,129,2022-01-24
36061011201,36005045600,128,2022-01-24
36061011202,36005045600,297,2022-01-24
36061011500,36005045600,151,2022-01-24
36061012100,36005045600,340,2022-01-24
36061012800,36005045600,146,2022-01-24
36061015500,36005045600,143,2022-01-24
36061015900,36005045600,131,2022-01-24
36061016300,36005045600,435,2022-01-24
36061016800,36005045600,188,2022-01-24
36061017100,36005045600,162,2022-01-24
36061017500,36005045600,186,2022-01-24
36061017900,36005045600,147,2022-01-24
36061018700,36005045600,181,2022-01-24
36061018800,36005045600,102,2022-01-24
36061019500,36005045600,140,2022-01-24
36061020500,36005045600,203,2022-01-24
36061020600,36005045600,227,2022-01-24
36061021303,36005045600,169,2022-01-24
36061021500,36005045600,136,2022-01-24
36061021600,36005045600,132,2022-01-24
36061022200,36005045600,114,2022-01-24
36061022400,36005045600,127,2022-01-24
36061023501,36005045600,152,2022-01-24
36061026500,36005045600,138,2022-01-24
36061030900,36005045600,187,2022-01-24
36081046400,36005045600,330,2022-01-24
36081090700,36005045600,452,2022-01-24
36119001301,36005045600,123,2022-01-24
36119002404,36005045600,134,2022-01-24
36119002600,36005045600,410,2022-01-24
36119002700,36005045600,123,2022-01-24
36119002800,36005045600,143,2022-01-24
36119003300,36005045600,229,2022-01-24
36119003500,36005045600,127,2022-01-24
36119003600,36005045600,250,2022-01-24
36119004400,36005045600,382,2022-01-24
36119005002,36005045600,116,2022-01-24
36119005300,36005045600,265,2022-01-24
36119005400,36005045600,652,2022-01-24
36119005500,36005045600,1573,2022-01-24
36119006400,36005045600,157,2022-01-24
36119006900,36005045600,316,2022-01-24
36119009300,36005045600,273,2022-01-24
36119009400,36005045600,423,2022-01-24
36119010600,36005045600,297,2022-01-24
36119011400,36005045600,122,2022-01-24
34027041705,36005045600,123,2022-01-31
34039032001,36005045600,106,2022-01-31
36005002800,36005045600,174,2022-01-31
36005004200,36005045600,138,2022-01-31
36005004300,36005045600,119,2022-01-31
36005005100,36005045600,178,2022-01-31
36005006300,36005045600,109,2022-01-31
36005006500,36005045600,175,2022-01-31
36005007100,36005045600,236,2022-01-31
36005009000,36005045600,228,2022-01-31
36005011700,36005045600,156,2022-01-31
36005016500,36005045600,104,2022-01-31
36005017300,36005045600,119,2022-01-31
36005017500,36005045600,137,2022-01-31
36005018302,36005045600,144,2022-01-31
36005022901,36005045600,136,2022-01-31
36005028900,36005045600,127,2022-01-31
36005029301,36005045600,137,2022-01-31
36005029302,36005045600,157,2022-01-31
36005030100,36005045600,263,2022-01-31
36005031000,36005045600,99,2022-01-31
36005033400,36005045600,138,2022-01-31
36005034500,36005045600,258,2022-01-31
36005035800,36005045600,118,2022-01-31
36005035900,36005045600,146,2022-01-31
36005037200,36005045600,139,2022-01-31
36005038000,36005045600,104,2022-01-31
36005038500,36005045600,301,2022-01-31
36005038600,36005045600,174,2022-01-31
36005039400,36005045600,132,2022-01-31
36005040600,36005045600,251,2022-01-31
36005040900,36005045600,150,2022-01-31
36005041400,36005045600,102,2022-01-31
36005041800,36005045600,113,2022-01-31
36005042100,36005045600,180,2022-01-31
36005042600,36005045600,451,2022-01-31
36005042800,36005045600,109,2022-01-31
36005043100,36005045600,245,2022-01-31
36005045600,36005045600,289,2022-01-31
36005045800,36005045600,165,2022-01-31
36005046000,36005045600,398,2022-01-31
36005046201,36005045600,1027,2022-01-31
36005046202,36005045600,1313,2022-01-31
36005048400,36005045600,639,2022-01-31
36047038500,36005045600,126,2022-01-31
36047079400,36005045600,189,2022-01-31
36047080400,36005045600,153,2022-01-31
36047080800,36005045600,277,2022-01-31
36047081800,36005045600,105,2022-01-31
36059410900,36005045600,112,2022-01-31
36059520502,36005045600,139,2022-01-31
36061005400,36005045600,261,2022-01-31
36061007200,36005045600,286,2022-01-31
36061008000,36005045600,118,2022-01-31
36061008200,36005045600,136,2022-01-31
36061008400,36005045600,158,2022-01-31
36061009400,36005045600,147,2022-01-31
36061009900,36005045600,137,2022-01-31
36061010300,36005045600,392,2022-01-31
36061010900,36005045600,260,2022-01-31
36061011202,36005045600,402,2022-01-31
36061011300,36005045600,277,2022-01-31
36061011900,36005045600,122,2022-01-31
36061012800,36005045600,292,2022-01-31
36061013000,36005045600,142,2022-01-31
36061014900,36005045600,385,2022-01-31
36061015100,36005045600,191,2022-01-31
36061015802,36005045600,205,2022-01-31
36061015900,36005045600,130,2022-01-31
36061016300,36005045600,338,2022-01-31
36061016900,36005045600,106,2022-01-31
36061017000,36005045600,96,2022-01-31
36061017100,36005045600,126,2022-01-31
36061017200,36005045600,135,2022-01-31
36061017300,36005045600,92,2022-01-31
36061017500,36005045600,107,2022-01-31
36061018800,36005045600,163,2022-01-31
36061019600,36005045600,108,2022-01-31
36061019702,36005045600,121,2022-01-31
36061020500,36005045600,130,2022-01-31
36061020901,36005045600,103,2022-01-31
36061021303,36005045600,154,2022-01-31
36061021600,36005045600,102,2022-01-31
36081003300,36005045600,168,2022-01-31
36081044400,36005045600,126,2022-01-31
36081071600,36005045600,480,2022-01-31
36081084602,36005045600,174,2022-01-31
36103112206,36005045600,182,2022-01-31
36119000103,36005045600,133,2022-01-31
36119000300,36005045600,148,2022-01-31
36119000401,36005045600,104,2022-01-31
36119002000,36005045600,180,2022-01-31
36119002105,36005045600,233,2022-01-31
36119002404,36005045600,110,2022-01-31
36119002600,36005045600,896,2022-01-31
36119003000,36005045600,127,2022-01-31
36119003500,36005045600,285,2022-01-31
36119003600,36005045600,131,2022-01-31
36119004000,36005045600,134,2022-01-31
36119004200,36005045600,128,2022-01-31
36119005400,36005045600,690,2022-01-31
36119005500,36005045600,1581,2022-01-31
36119005701,36005045600,223,2022-01-31
36119009400,36005045600,240,2022-01-31
36119010600,36005045600,408,2022-01-31
36119010701,36005045600,111,2022-01-31
36119011000,36005045600,325,2022-01-31
36119011600,36005045600,424,2022-01-31
36119013102,36005045600,120,2022-01-31
34017007700,36005045600,129,2022-02-07
36005002800,36005045600,220,2022-02-07
36005005100,36005045600,184,2022-02-07
36005006300,36005045600,120,2022-02-07
36005009000,36005045600,156,2022-02-07
36005011502,36005045600,126,2022-02-07
36005015300,36005045600,185,2022-02-07
36005017500,36005045600,461,2022-02-07
36005017702,36005045600,130,2022-02-07
36005018302,36005045600,170,2022-02-07
36005018500,36005045600,140,2022-02-07
36005019500,36005045600,121,2022-02-07
36005022101,36005045600,107,2022-02-07
36005022200,36005045600,109,2022-02-07
36005023501,36005045600,126,2022-02-07
36005025000,36005045600,178,2022-02-07
36005025300,36005045600,132,2022-02-07
36005029302,36005045600,521,2022-02-07
36005035800,36005045600,148,2022-02-07
36005038000,36005045600,143,2022-02-07
36005038302,36005045600,262,2022-02-07
36005038800,36005045600,151,2022-02-07
36005038900,36005045600,113,2022-02-07
36005040600,36005045600,222,2022-02-07
36005041800,36005045600,234,2022-02-07
36005041900,36005045600,127,2022-02-07
36005042100,36005045600,106,2022-02-07
36005042500,36005045600,212,2022-02-07
36005042600,36005045600,250,2022-02-07
36005042800,36005045600,107,2022-02-07
36005045600,36005045600,102,2022-02-07
36005046000,36005045600,305,2022-02-07
36005046201,36005045600,1804,2022-02-07
36005046202,36005045600,1427,2022-02-07
36005048400,36005045600,1272,2022-02-07
36005050400,36005045600,280,2022-02-07
36047080400,36005045600,189,2022-02-07
36061004700,36005045600,117,2022-02-07
36061004900,36005045600,97,2022-02-07
36061005400,36005045600,101,2022-02-07
36061008000,36005045600,125,2022-02-07
36061008601,36005045600,114,2022-02-07
36061009900,36005045600,143,2022-02-07
36061010200,36005045600,160,2022-02-07
36061010900,36005045600,101,2022-02-07
36061011100,36005045600,129,2022-02-07
36061011202,36005045600,371,2022-02-07
36061011300,36005045600,267,2022-02-07
36061011500,36005045600,104,2022-02-07
36061013300,36005045600,191,2022-02-07
36061014300,36005045600,241,2022-02-07
36061015300,36005045600,402,2022-02-07
36061015900,36005045600,108,2022-02-07
36061016300,36005045600,455,2022-02-07
36061016500,36005045600,183,2022-02-07
36061016600,36005045600,197,2022-02-07
36061016800,36005045600,187,2022-02-07
36061017200,36005045600,137,2022-02-07
36061017300,36005045600,227,2022-02-07
36061017700,36005045600,139,2022-02-07
36061017800,36005045600,180,2022-02-07
36061017900,36005045600,185,2022-02-07
36061019100,36005045600,184,2022-02-07
36061021703,36005045600,158,2022-02-07
36061021900,36005045600,174,2022-02-07
36061022200,36005045600,100,2022-02-07
36061022301,36005045600,127,2022-02-07
36081012200,36005045600,103,2022-02-07
36081071600,36005045600,271,2022-02-07
36119000300,36005045600,148,2022-02-07
36119001504,36005045600,173,2022-02-07
36119002000,36005045600,162,2022-02-07
36119002106,36005045600,115,2022-02-07
36119002405,36005045600,153,2022-02-07
36119002600,36005045600,715,2022-02-07
36119003500,36005045600,124,2022-02-07
36119003600,36005045600,281,2022-02-07
36119004000,36005045600,122,2022-02-07
36119004100,36005045600,139,2022-02-07
36119004400,36005045600,342,2022-02-07
36119004600,36005045600,145,2022-02-07
36119004800,36005045600,119,2022-02-07
36119005400,36005045600,599,2022-02-07
36119005500,36005045600,3010,2022-02-07
36119005701,36005045600,244,2022-02-07
36119006000,36005045600,683,2022-02-07
36119006900,36005045600,325,2022-02-07
36119007700,36005045600,97,2022-02-07
36119008500,36005045600,111,2022-02-07
36119008602,36005045600,138,2022-02-07
36119009400,36005045600,165,2022-02-07
36119010600,36005045600,242,2022-02-07
36119010701,36005045600,264,2022-02-07
36119010903,36005045600,174,2022-02-07
36119011000,36005045600,458,2022-02-07
36119012000,36005045600,141,2022-02-07
36119014704,36005045600,103,2022-02-07
36119014809,36005045600,178,2022-02-07
34013010400,36005045600,102,2022-02-14
34025803600,36005045600,121,2022-02-14
34027041704,36005045600,91,2022-02-14
34027041902,36005045600,97,2022-02-14
36005006000,36005045600,131,2022-02-14
36005006500,36005045600,105,2022-02-14
36005008700,36005045600,289,2022-02-14
36005011700,36005045600,197,2022-02-14
36005016900,36005045600,350,2022-02-14
36005017300,36005045600,200,2022-02-14
36005017500,36005045600,267,2022-02-14
36005017701,36005045600,138,2022-02-14
36005017702,36005045600,169,2022-02-14
36005018400,36005045600,171,2022-02-14
36005021200,36005045600,89,2022-02-14
36005021602,36005045600,109,2022-02-14
36005022403,36005045600,135,2022-02-14
36005022703,36005045600,205,2022-02-14
36005023900,36005045600,116,2022-02-14
36005024600,36005045600,97,2022-02-14
36005025300,36005045600,97,2022-02-14
36005026602,36005045600,255,2022-02-14
36005028400,36005045600,141,2022-02-14
36005028900,36005045600,97,2022-02-14
36005029302,36005045600,138,2022-02-14
36005029600,36005045600,162,2022-02-14
36005031000,36005045600,278,2022-02-14
36005033000,36005045600,107,2022-02-14
36005034800,36005045600,139,2022-02-14
36005035000,36005045600,103,2022-02-14
36005035800,36005045600,97,2022-02-14
36005036000,36005045600,113,2022-02-14
36005037600,36005045600,284,2022-02-14
36005038302,36005045600,183,2022-02-14
36005038500,36005045600,297,2022-02-14
36005038800,36005045600,154,2022-02-14
36005039600,36005045600,121,2022-02-14
36005039700,36005045600,159,2022-02-14
36005040100,36005045600,104,2022-02-14
36005041900,36005045600,138,2022-02-14
36005042100,36005045600,678,2022-02-14
36005042500,36005045600,283,2022-02-14
36005042600,36005045600,718,2022-02-14
36005043400,36005045600,111,2022-02-14
36005044400,36005045600,341,2022-02-14
36005045600,36005045600,1246,2022-02-14
36005046000,36005045600,948,2022-02-14
36005046201,36005045600,1426,2022-02-14
36005046202,36005045600,524,2022-02-14
36005048400,36005045600,421,2022-02-14
36047080800,36005045600,254,2022-02-14
36047107000,36005045600,155,2022-02-14
36059413500,36005045600,109,2022-02-14
36059517301,36005045600,101,2022-02-14
36059520502,36005045600,119,2022-02-14
36061001402,36005045600,104,2022-02-14
36061001501,36005045600,150,2022-02-14
36061004900,36005045600,97,2022-02-14
36061005400,36005045600,99,2022-02-14
36061007000,36005045600,224,2022-02-14
36061007600,36005045600,124,2022-02-14
36061008000,36005045600,141,2022-02-14
36061008200,36005045600,134,2022-02-14
36061009400,36005045600,98,2022-02-14
36061010900,36005045600,89,2022-02-14
36061011202,36005045600,111,2022-02-14
36061011300,36005045600,104,2022-02-14
36061013400,36005045600,103,2022-02-14
36061013900,36005045600,103,2022-02-14
36061014601,36005045600,89,2022-02-14
36061014602,36005045600,93,2022-02-14
36061014700,36005045600,136,2022-02-14
36061015001,36005045600,110,2022-02-14
36061015100,36005045600,116,2022-02-14
36061015200,36005045600,109,2022-02-14
36061015500,36005045600,202,2022-02-14
36061015900,36005045600,100,2022-02-14
36061016300,36005045600,558,2022-02-14
36061016400,36005045600,138,2022-02-14
36061016600,36005045600,111,2022-02-14
36061016900,36005045600,111,2022-02-14
36061017000,36005045600,114,2022-02-14
36061017200,36005045600,132,2022-02-14
36061017500,36005045600,165,2022-02-14
36061017900,36005045600,115,2022-02-14
36061019500,36005045600,116,2022-02-14
36061020500,36005045600,414,2022-02-14
36061021800,36005045600,119,2022-02-14
36061021900,36005045600,452,2022-02-14
36061022200,36005045600,105,2022-02-14
36061028500,36005045600,233,2022-02-14
36061029100,36005045600,113,2022-02-14
36061030900,36005045600,178,2022-02-14
36081029400,36005045600,96,2022-02-14
36081071600,36005045600,115,2022-02-14
36119000300,36005045600,137,2022-02-14
36119001200,36005045600,172,2022-02-14
36119002000,36005045600,345,2022-02-14
36119002105,36005045600,97,2022-02-14
36119002106,36005045600,186,2022-02-14
36119002107,36005045600,115,2022-02-14
36119002404,36005045600,231,2022-02-14
36119002600,36005045600,1003,2022-02-14
36119002700,36005045600,117,2022-02-14
36119003300,36005045600,225,2022-02-14
36119003500,36005045600,121,2022-02-14
36119005002,36005045600,119,2022-02-14
36119005100,36005045600,96,2022-02-14
36119005300,36005045600,181,2022-02-14
36119005400,36005045600,247,2022-02-14
36119005500,36005045600,2096,2022-02-14
36119006000,36005045600,118,2022-02-14
36119006100,36005045600,104,2022-02-14
36119006500,36005045600,269,2022-02-14
36119006600,36005045600,350,2022-02-14
36119007000,36005045600,99,2022-02-14
36119009400,36005045600,125,2022-02-14
36119010300,36005045600,215,2022-02-14
36119010701,36005045600,111,2022-02-14
36119011000,36005045600,285,2022-02-14
36119012000,36005045600,169,2022-02-14
36119013000,36005045600,130,2022-02-14
34003005000,36005045600,203,2022-02-21
34003012001,36005045600,487,2022-02-21
34003015500,36005045600,58,2022-02-21
34003039300,36005045600,85,2022-02-21
34003054200,36005045600,70,2022-02-21
34013980200,36005045600,88,2022-02-21
36005002800,36005045600,75,2022-02-21
36005006500,36005045600,78,2022-02-21
36005007100,36005045600,65,2022-02-21
36005007300,36005045600,83,2022-02-21
36005008700,36005045600,123,2022-02-21
36005012701,36005045600,163,2022-02-21
36005015800,36005045600,89,2022-02-21
36005016000,36005045600,96,2022-02-21
36005017500,36005045600,99,2022-02-21
36005019700,36005045600,73,2022-02-21
36005020400,36005045600,98,2022-02-21
36005021200,36005045600,123,2022-02-21
36005022000,36005045600,185,2022-02-21
36005026602,36005045600,162,2022-02-21
36005027402,36005045600,77,2022-02-21
36005028300,36005045600,68,2022-02-21
36005028400,36005045600,101,2022-02-21
36005029600,36005045600,150,2022-02-21
36005031200,36005045600,131,2022-02-21
36005033400,36005045600,194,2022-02-21
36005035800,36005045600,195,2022-02-21
36005037600,36005045600,155,2022-02-21
36005038600,36005045600,174,2022-02-21
36005039300,36005045600,77,2022-02-21
36005039600,36005045600,93,2022-02-21
36005040100,36005045600,176,2022-02-21
36005041900,36005045600,81,2022-02-21
36005042100,36005045600,86,2022-02-21
36005042200,36005045600,74,2022-02-21
36005042400,36005045600,181,2022-02-21
36005042600,36005045600,740,2022-02-21
36005042800,36005045600,70,2022-02-21
36005043400,36005045600,71,2022-02-21
36005045600,36005045600,337,2022-02-21
36005046000,36005045600,77,2022-02-21
36005046201,36005045600,1199,2022-02-21
36005046202,36005045600,403,2022-02-21
36005048400,36005045600,290,2022-02-21
36005050400,36005045600,97,2022-02-21
36047069800,36005045600,114,2022-02-21
36047077400,36005045600,68,2022-02-21
36047078800,36005045600,68,2022-02-21
36047080400,36005045600,157,2022-02-21
36047080800,36005045600,176,2022-02-21
36047081800,36005045600,108,2022-02-21
36059407301,36005045600,71,2022-02-21
36059407401,36005045600,98,2022-02-21
36059413500,36005045600,67,2022-02-21
36059413600,36005045600,69,2022-02-21
36059520502,36005045600,110,2022-02-21
36061001501,36005045600,195,2022-02-21
36061004300,36005045600,71,2022-02-21
36061005800,36005045600,67,2022-02-21
36061007000,36005045600,187,2022-02-21
36061007400,36005045600,75,2022-02-21
36061009400,36005045600,97,2022-02-21
36061009800,36005045600,76,2022-02-21
36061010000,36005045600,74,2022-02-21
36061010400,36005045600,148,2022-02-21
36061010900,36005045600,130,2022-02-21
36061011202,36005045600,244,2022-02-21
36061011300,36005045600,161,2022-02-21
36061012400,36005045600,65,2022-02-21
36061012500,36005045600,70,2022-02-21
36061012800,36005045600,79,2022-02-21
36061014602,36005045600,65,2022-02-21
36061014802,36005045600,71,2022-02-21
36061015100,36005045600,92,2022-02-21
36061015300,36005045600,91,2022-02-21
36061015500,36005045600,106,2022-02-21
36061016300,36005045600,148,2022-02-21
36061016500,36005045600,166,2022-02-21
36061017000,36005045600,87,2022-02-21
36061017200,36005045600,89,2022-02-21
36061017300,36005045600,181,2022-02-21
36061017401,36005045600,84,2022-02-21
36061017700,36005045600,101,2022-02-21
36061018300,36005045600,92,2022-02-21
36061019100,36005045600,71,2022-02-21
36061020500,36005045600,210,2022-02-21
36061020901,36005045600,94,2022-02-21
36061021303,36005045600,121,2022-02-21
36061022200,36005045600,198,2022-02-21
36061023200,36005045600,72,2022-02-21
36061029700,36005045600,130,2022-02-21
36079011500,36005045600,65,2022-02-21
36081033100,36005045600,89,2022-02-21
36081038302,36005045600,124,2022-02-21
36081046400,36005045600,133,2022-02-21
36087010902,36005045600,137,2022-02-21
36087011102,36005045600,124,2022-02-21
36119000402,36005045600,91,2022-02-21
36119002000,36005045600,146,2022-02-21
36119002105,36005045600,81,2022-02-21
36119002300,36005045600,106,2022-02-21
36119002404,36005045600,147,2022-02-21
36119002405,36005045600,130,2022-02-21
36119002600,36005045600,845,2022-02-21
36119003100,36005045600,90,2022-02-21
36119003300,36005045600,80,2022-02-21
36119005002,36005045600,163,2022-02-21
36119005400,36005045600,88,2022-02-21
36119005500,36005045600,1547,2022-02-21
36119005701,36005045600,329,2022-02-21
36119005702,36005045600,129,2022-02-21
36119006000,36005045600,591,2022-02-21
36119006100,36005045600,74,2022-02-21
36119006900,36005045600,152,2022-02-21
36119007800,36005045600,76,2022-02-21
36119009000,36005045600,65,2022-02-21
36119010000,36005045600,98,2022-02-21
36119010400,36005045600,112,2022-02-21
36119010600,36005045600,83,2022-02-21
36119010701,36005045600,144,2022-02-21
36119013000,36005045600,119,2022-02-21
36119013202,36005045600,120,2022-02-21
36119014806,36005045600,76,2022-02-21
34003042500,36005045600,94,2022-02-28
34017007700,36005045600,66,2022-02-28
34017020100,36005045600,134,2022-02-28
34027041704,36005045600,83,2022-02-28
34027041705,36005045600,127,2022-02-28
34027041902,36005045600,65,2022-02-28
36005001900,36005045600,57,2022-02-28
36005005100,36005045600,137,2022-02-28
36005006300,36005045600,72,2022-02-28
36005008700,36005045600,82,2022-02-28
36005012901,36005045600,87,2022-02-28
36005016500,36005045600,153,2022-02-28
36005016700,36005045600,167,2022-02-28
36005017300,36005045600,86,2022-02-28
36005017500,36005045600,92,2022-02-28
36005017701,36005045600,153,2022-02-28
36005018302,36005045600,161,2022-02-28
36005022101,36005045600,67,2022-02-28
36005022902,36005045600,120,2022-02-28
36005024800,36005045600,57,2022-02-28
36005026701,36005045600,67,2022-02-28
36005028400,36005045600,77,2022-02-28
36005030000,36005045600,70,2022-02-28
36005031000,36005045600,152,2022-02-28
36005033400,36005045600,85,2022-02-28
36005035800,36005045600,289,2022-02-28
36005037200,36005045600,199,2022-02-28
36005037900,36005045600,78,2022-02-28
36005038302,36005045600,88,2022-02-28
36005038500,36005045600,69,2022-02-28
36005038700,36005045600,150,2022-02-28
36005038900,36005045600,81,2022-02-28
36005039700,36005045600,190,2022-02-28
36005040600,36005045600,84,2022-02-28
36005041400,36005045600,82,2022-02-28
36005041900,36005045600,91,2022-02-28
36005042000,36005045600,113,2022-02-28
36005042100,36005045600,189,2022-02-28
36005042200,36005045600,62,2022-02-28
36005042300,36005045600,83,2022-02-28
36005042600,36005045600,295,2022-02-28
36005043100,36005045600,82,2022-02-28
36005043400,36005045600,77,2022-02-28
36005044400,36005045600,137,2022-02-28
36005044901,36005045600,85,2022-02-28
36005045600,36005045600,257,2022-02-28
36005046000,36005045600,469,2022-02-28
36005046201,36005045600,1285,2022-02-28
36005046202,36005045600,822,2022-02-28
36005048400,36005045600,843,2022-02-28
36005050400,36005045600,89,2022-02-28
36047069800,36005045600,82,2022-02-28
36047079400,36005045600,89,2022-02-28
36047095000,36005045600,57,2022-02-28
36059413500,36005045600,63,2022-02-28
36061003100,36005045600,65,2022-02-28
36061003300,36005045600,98,2022-02-28
36061004100,36005045600,65,2022-02-28
36061004900,36005045600,67,2022-02-28
36061005400,36005045600,128,2022-02-28
36061006400,36005045600,62,2022-02-28
36061007000,36005045600,98,2022-02-28
36061007600,36005045600,62,2022-02-28
36061008601,36005045600,77,2022-02-28
36061009400,36005045600,92,2022-02-28
36061009900,36005045600,148,2022-02-28
36061010200,36005045600,84,2022-02-28
36061010900,36005045600,72,2022-02-28
36061011203,36005045600,73,2022-02-28
36061011600,36005045600,151,2022-02-28
36061012400,36005045600,101,2022-02-28
36061013100,36005045600,64,2022-02-28
36061013500,36005045600,63,2022-02-28
36061014000,36005045600,72,2022-02-28
36061014200,36005045600,96,2022-02-28
36061014802,36005045600,67,2022-02-28
36061014900,36005045600,72,2022-02-28
36061015100,36005045600,186,2022-02-28
36061015300,36005045600,79,2022-02-28
36061015700,36005045600,71,2022-02-28
36061015900,36005045600,148,2022-02-28
36061016300,36005045600,133,2022-02-28
36061016400,36005045600,67,2022-02-28
36061016500,36005045600,134,2022-02-28
36061016600,36005045600,76,2022-02-28
36061016700,36005045600,83,2022-02-28
36061017300,36005045600,136,2022-02-28
36061018100,36005045600,175,2022-02-28
36061018300,36005045600,79,2022-02-28
36061019100,36005045600,61,2022-02-28
36061020500,36005045600,123,2022-02-28
36061021303,36005045600,105,2022-02-28
36061021900,36005045600,83,2022-02-28
36061022200,36005045600,59,2022-02-28
36061022301,36005045600,194,2022-02-28
36061023501,36005045600,87,2022-02-28
36061024200,36005045600,117,2022-02-28
36061024302,36005045600,61,2022-02-28
36061030900,36005045600,400,2022-02-28
36081024000,36005045600,103,2022-02-28
36081033100,36005045600,82,2022-02-28
36081046400,36005045600,98,2022-02-28
36081071600,36005045600,105,2022-02-28
36081117500,36005045600,75,2022-02-28
36081124100,36005045600,75,2022-02-28
36119000900,36005045600,64,2022-02-28
36119002106,36005045600,124,2022-02-28
36119002404,36005045600,72,2022-02-28
36119002600,36005045600,430,2022-02-28
36119002700,36005045600,83,2022-02-28
36119003100,36005045600,57,2022-02-28
36119003300,36005045600,68,2022-02-28
36119003400,36005045600,76,2022-02-28
36119003500,36005045600,69,2022-02-28
36119004000,36005045600,70,2022-02-28
36119004100,36005045600,85,2022-02-28
36119005002,36005045600,168,2022-02-28
36119005300,36005045600,90,2022-02-28
36119005400,36005045600,125,2022-02-28
36119005500,36005045600,1934,2022-02-28
36119005701,36005045600,292,2022-02-28
36119005800,36005045600,76,2022-02-28
36119006000,36005045600,259,2022-02-28
36119006100,36005045600,67,2022-02-28
36119006900,36005045600,147,2022-02-28
36119007600,36005045600,94,2022-02-28
36119008500,36005045600,80,2022-02-28
36119008800,36005045600,67,2022-02-28
36119009300,36005045600,123,2022-02-28
36119009400,36005045600,156,2022-02-28
34025810200,36005045600,72,2022-03-07
34039032001,36005045600,104,2022-03-07
36005002500,36005045600,81,2022-03-07
36005005100,36005045600,81,2022-03-07
36005005600,36005045600,82,2022-03-07
36005006500,36005045600,291,2022-03-07
36005007000,36005045600,110,2022-03-07
36005007800,36005045600,163,2022-03-07
36005009200,36005045600,86,2022-03-07
36005011700,36005045600,107,2022-03-07
36005017500,36005045600,85,2022-03-07
36005018302,36005045600,163,2022-03-07
36005019500,36005045600,204,2022-03-07
36005021200,36005045600,134,2022-03-07
36005022000,36005045600,101,2022-03-07
36005022200,36005045600,74,2022-03-07
36005028300,36005045600,74,2022-03-07
36005029302,36005045600,111,2022-03-07
36005030000,36005045600,80,2022-03-07
36005031000,36005045600,65,2022-03-07
36005031200,36005045600,72,2022-03-07
36005034800,36005045600,103,2022-03-07
36005035800,36005045600,212,2022-03-07
36005038200,36005045600,75,2022-03-07
36005038302,36005045600,87,2022-03-07
36005038600,36005045600,93,2022-03-07
36005039700,36005045600,181,2022-03-07
36005040400,36005045600,127,2022-03-07
36005040600,36005045600,245,2022-03-07
36005040900,36005045600,309,2022-03-07
36005041800,36005045600,82,2022-03-07
36005042000,36005045600,115,2022-03-07
36005042100,36005045600,69,2022-03-07
36005042600,36005045600,542,2022-03-07
36005043400,36005045600,265,2022-03-07
36005044400,36005045600,653,2022-03-07
36005045600,36005045600,223,2022-03-07
36005046000,36005045600,531,2022-03-07
36005046201,36005045600,1485,2022-03-07
36005046202,36005045600,712,2022-03-07
36005048400,36005045600,434,2022-03-07
36005050400,36005045600,105,2022-03-07
36005051600,36005045600,81,2022-03-07
36047013300,36005045600,78,2022-03-07
36047030500,36005045600,87,2022-03-07
36047080800,36005045600,186,2022-03-07
36047095000,36005045600,91,2022-03-07
36061001800,36005045600,72,2022-03-07
36061003601,36005045600,172,2022-03-07
36061004900,36005045600,63,2022-03-07
36061005400,36005045600,63,2022-03-07
36061006200,36005045600,323,2022-03-07
36061007100,36005045600,63,2022-03-07
36061007400,36005045600,106,2022-03-07
36061009200,36005045600,89,2022-03-07
36061009600,36005045600,76,2022-03-07
36061010000,36005045600,75,2022-03-07
36061010200,36005045600,84,2022-03-07
36061010400,36005045600,234,2022-03-07
36061010900,36005045600,67,2022-03-07
36061011202,36005045600,162,2022-03-07
36061012000,36005045600,72,2022-03-07
36061012400,36005045600,93,2022-03-07
36061012500,36005045600,85,2022-03-07
36061013700,36005045600,66,2022-03-07
36061014601,36005045600,69,2022-03-07
36061014602,36005045600,159,2022-03-07
36061015001,36005045600,222,2022-03-07
36061015100,36005045600,82,2022-03-07
36061015400,36005045600,101,2022-03-07
36061015700,36005045600,69,2022-03-07
36061016300,36005045600,347,2022-03-07
36061016400,36005045600,125,2022-03-07
36061017000,36005045600,77,2022-03-07
36061017200,36005045600,89,2022-03-07
36061021200,36005045600,93,2022-03-07
36061022200,36005045600,206,2022-03-07
36061022301,36005045600,139,2022-03-07
36061022700,36005045600,75,2022-03-07
36061023100,36005045600,93,2022-03-07
36061023501,36005045600,82,2022-03-07
36061030900,36005045600,131,2022-03-07
36061031703,36005045600,95,2022-03-07
36081071600,36005045600,158,2022-03-07
36119000402,36005045600,98,2022-03-07
36119001301,36005045600,234,2022-03-07
36119001303,36005045600,79,2022-03-07
36119002000,36005045600,96,2022-03-07
36119002402,36005045600,157,2022-03-07
36119002404,36005045600,116,2022-03-07
36119002600,36005045600,701,2022-03-07
36119002700,36005045600,92,2022-03-07
36119003300,36005045600,194,2022-03-07
36119004800,36005045600,72,2022-03-07
36119005002,36005045600,233,2022-03-07
36119005300,36005045600,85,2022-03-07
36119005400,36005045600,401,2022-03-07
36119005500,36005045600,1289,2022-03-07
36119005701,36005045600,347,2022-03-07
36119006000,36005045600,133,2022-03-07
36119006100,36005045600,74,2022-03-07
36119006300,36005045600,70,2022-03-07
36119006600,36005045600,93,2022-03-07
36119007200,36005045600,128,2022-03-07
36119009300,36005045600,158,2022-03-07
36119010600,36005045600,90,2022-03-07
36119011000,36005045600,95,2022-03-07
36119014806,36005045600,174,2022-03-07
34003041100,36005045600,130,2022-03-14
34003047500,36005045600,75,2022-03-14
34025812501,36005045600,67,2022-03-14
34027041802,36005045600,63,2022-03-14
34031246203,36005045600,62,2022-03-14
36005003900,36005045600,68,2022-03-14
36005006300,36005045600,100,2022-03-14
36005008300,36005045600,95,2022-03-14
36005009200,36005045600,72,2022-03-14
36005016600,36005045600,116,2022-03-14
36005018302,36005045600,206,2022-03-14
36005020601,36005045600,89,2022-03-14
36005022000,36005045600,339,2022-03-14
36005024400,36005045600,72,2022-03-14
36005026300,36005045600,93,2022-03-14
36005029302,36005045600,240,2022-03-14
36005030900,36005045600,90,2022-03-14
36005031000,36005045600,71,2022-03-14
36005033400,36005045600,85,2022-03-14
36005034800,36005045600,76,2022-03-14
36005035000,36005045600,84,2022-03-14
36005035100,36005045600,80,2022-03-14
36005035800,36005045600,101,2022-03-14
36005038600,36005045600,86,2022-03-14
36005039600,36005045600,87,2022-03-14
36005041800,36005045600,157,2022-03-14
36005042100,36005045600,128,2022-03-14
36005042300,36005045600,93,2022-03-14
36005042600,36005045600,324,2022-03-14
36005043400,36005045600,83,2022-03-14
36005044901,36005045600,73,2022-03-14
36005045102,36005045600,69,2022-03-14
36005045600,36005045600,203,2022-03-14
36005046000,36005045600,373,2022-03-14
36005046201,36005045600,759,2022-03-14
36005046202,36005045600,678,2022-03-14
36005048400,36005045600,881,2022-03-14
36005050400,36005045600,153,2022-03-14
36047048500,36005045600,84,2022-03-14
36059300700,36005045600,87,2022-03-14
36059413500,36005045600,62,2022-03-14
36061001501,36005045600,145,2022-03-14
36061003800,36005045600,78,2022-03-14
36061005700,36005045600,120,2022-03-14
36061006200,36005045600,165,2022-03-14
36061007600,36005045600,63,2022-03-14
36061009900,36005045600,227,2022-03-14
36061010200,36005045600,70,2022-03-14
36061010400,36005045600,127,2022-03-14
36061010800,36005045600,116,2022-03-14
36061010900,36005045600,72,2022-03-14
36061011202,36005045600,262,2022-03-14
36061011300,36005045600,117,2022-03-14
36061012400,36005045600,82,2022-03-14
36061012700,36005045600,160,2022-03-14
36061014500,36005045600,106,2022-03-14
36061014602,36005045600,62,2022-03-14
36061015300,36005045600,62,2022-03-14
36061015500,36005045600,95,2022-03-14
36061016300,36005045600,109,2022-03-14
36061016700,36005045600,83,2022-03-14
36061017000,36005045600,89,2022-03-14
36061017300,36005045600,93,2022-03-14
36061018700,36005045600,97,2022-03-14
36061021200,36005045600,64,2022-03-14
36061021303,36005045600,220,2022-03-14
36061022200,36005045600,71,2022-03-14
36061030900,36005045600,134,2022-03-14
36081015802,36005045600,150,2022-03-14
36081016600,36005045600,76,2022-03-14
36081035700,36005045600,112,2022-03-14
36081071600,36005045600,80,2022-03-14
36087011700,36005045600,82,2022-03-14
36119000300,36005045600,117,2022-03-14
36119000600,36005045600,141,2022-03-14
36119001301,36005045600,93,2022-03-14
36119001403,36005045600,71,2022-03-14
36119001503,36005045600,243,2022-03-14
36119001504,36005045600,109,2022-03-14
36119002000,36005045600,104,2022-03-14
36119002105,36005045600,83,2022-03-14
36119002402,36005045600,67,2022-03-14
36119002404,36005045600,64,2022-03-14
36119002600,36005045600,656,2022-03-14
36119003100,36005045600,119,2022-03-14
36119003300,36005045600,72,2022-03-14
36119003400,36005045600,101,2022-03-14
36119003600,36005045600,62,2022-03-14
36119004400,36005045600,416,2022-03-14
36119005002,36005045600,103,2022-03-14
36119005300,36005045600,146,2022-03-14
36119005400,36005045600,293,2022-03-14
36119005500,36005045600,1553,2022-03-14
36119005701,36005045600,139,2022-03-14
36119005702,36005045600,72,2022-03-14
36119006000,36005045600,243,2022-03-14
36119006500,36005045600,65,2022-03-14
36119006802,36005045600,74,2022-03-14
36119009000,36005045600,93,2022-03-14
36119010600,36005045600,88,2022-03-14
36119010701,36005045600,156,2022-03-14
36119010803,36005045600,72,2022-03-14
36119010903,36005045600,81,2022-03-14
36119012102,36005045600,99,2022-03-14
36119012900,36005045600,93,2022-03-14
36119981000,36005045600,89,2022-03-14
34031181900,36005045600,78,2022-03-21
36005006500,36005045600,71,2022-03-21
36005009600,36005045600,74,2022-03-21
36005011502,36005045600,218,2022-03-21
36005017500,36005045600,105,2022-03-21
36005019400,36005045600,69,2022-03-21
36005019700,36005045600,71,2022-03-21
36005022404,36005045600,113,2022-03-21
36005022703,36005045600,98,2022-03-21
36005026300,36005045600,82,2022-03-21
36005026400,36005045600,113,2022-03-21
36005026500,36005045600,117,2022-03-21
36005026602,36005045600,58,2022-03-21
36005027600,36005045600,84,2022-03-21
36005029302,36005045600,143,2022-03-21
36005030200,36005045600,102,2022-03-21
36005030900,36005045600,91,2022-03-21
36005033000,36005045600,105,2022-03-21
36005033400,36005045600,136,2022-03-21
36005033800,36005045600,73,2022-03-21
36005035800,36005045600,247,2022-03-21
36005037200,36005045600,175,2022-03-21
36005038500,36005045600,168,2022-03-21
36005038600,36005045600,152,2022-03-21
36005038900,36005045600,231,2022-03-21
36005039500,36005045600,83,2022-03-21
36005039700,36005045600,236,2022-03-21
36005040600,36005045600,104,2022-03-21
36005040800,36005045600,111,2022-03-21
36005040900,36005045600,137,2022-03-21
36005041400,36005045600,101,2022-03-21
36005041800,36005045600,77,2022-03-21
36005041900,36005045600,117,2022-03-21
36005042100,36005045600,127,2022-03-21
36005042300,36005045600,108,2022-03-21
36005042600,36005045600,701,2022-03-21
36005042800,36005045600,170,2022-03-21
36005043100,36005045600,70,2022-03-21
36005043400,36005045600,150,2022-03-21
36005044400,36005045600,176,2022-03-21
36005044901,36005045600,73,2022-03-21
36005045600,36005045600,149,2022-03-21
36005046000,36005045600,566,2022-03-21
36005046201,36005045600,1151,2022-03-21
36005046202,36005045600,356,2022-03-21
36005048400,36005045600,641,2022-03-21
36005050400,36005045600,133,2022-03-21
36047001500,36005045600,73,2022-03-21
36047022700,36005045600,83,2022-03-21
36059406701,36005045600,58,2022-03-21
36059414400,36005045600,63,2022-03-21
36059415401,36005045600,77,2022-03-21
36059520300,36005045600,82,2022-03-21
36061005400,36005045600,245,2022-03-21
36061007000,36005045600,98,2022-03-21
36061007700,36005045600,64,2022-03-21
36061008000,36005045600,73,2022-03-21
36061008100,36005045600,80,2022-03-21
36061009200,36005045600,78,2022-03-21
36061009900,36005045600,71,2022-03-21
36061010100,36005045600,69,2022-03-21
36061010200,36005045600,83,2022-03-21
36061010900,36005045600,63,2022-03-21
36061011201,36005045600,144,2022-03-21
36061011202,36005045600,142,2022-03-21
36061011300,36005045600,147,2022-03-21
36061012000,36005045600,58,2022-03-21
36061013400,36005045600,124,2022-03-21
36061014900,36005045600,80,2022-03-21
36061015300,36005045600,214,2022-03-21
36061015500,36005045600,150,2022-03-21
36061016300,36005045600,112,2022-03-21
36061016500,36005045600,131,2022-03-21
36061017300,36005045600,73,2022-03-21
36061018900,36005045600,143,2022-03-21
36061020500,36005045600,100,2022-03-21
36061020901,36005045600,75,2022-03-21
36061021200,36005045600,221,2022-03-21
36061021900,36005045600,70,2022-03-21
36061022301,36005045600,66,2022-03-21
36061022302,36005045600,112,2022-03-21
36061023000,36005045600,75,2022-03-21
36061023501,36005045600,89,2022-03-21
36061023900,36005045600,90,2022-03-21
36061030900,36005045600,247,2022-03-21
36061031703,36005045600,184,2022-03-21
36079011200,36005045600,92,2022-03-21
36081010600,36005045600,72,2022-03-21
36081015802,36005045600,67,2022-03-21
36081017400,36005045600,78,2022-03-21
36081071600,36005045600,152,2022-03-21
36119002101,36005045600,63,2022-03-21
36119002105,36005045600,149,2022-03-21
36119002402,36005045600,68,2022-03-21
36119002404,36005045600,149,2022-03-21
36119002600,36005045600,272,2022-03-21
36119003300,36005045600,130,2022-03-21
36119003500,36005045600,76,2022-03-21
36119005002,36005045600,260,2022-03-21
36119005100,36005045600,69,2022-03-21
36119005300,36005045600,140,2022-03-21
36119005400,36005045600,389,2022-03-21
36119005500,36005045600,840,2022-03-21
36119005701,36005045600,168,2022-03-21
36119006000,36005045600,145,2022-03-21
36119006300,36005045600,77,2022-03-21
36119008800,36005045600,67,2022-03-21
36119009100,36005045600,136,2022-03-21
36119009300,36005045600,107,2022-03-21
36119009400,36005045600,59,2022-03-21
36119010701,36005045600,65,2022-03-21
36119010903,36005045600,81,2022-03-21
36119012900,36005045600,73,2022-03-21
36119981000,36005045600,310,2022-03-21
34003030100,36005045600,128,2022-03-28
34013002800,36005045600,104,2022-03-28
34013011300,36005045600,84,2022-03-28
34017019800,36005045600,89,2022-03-28
34027043000,36005045600,120,2022-03-28
36005005100,36005045600,81,2022-03-28
36005009200,36005045600,78,2022-03-28
36005011800,36005045600,95,2022-03-28
36005014500,36005045600,123,2022-03-28
36005016500,36005045600,69,2022-03-28
36005016700,36005045600,103,2022-03-28
36005017500,36005045600,91,2022-03-28
36005018302,36005045600,91,2022-03-28
36005022401,36005045600,74,2022-03-28
36005026400,36005045600,88,2022-03-28
36005028400,36005045600,277,2022-03-28
36005028900,36005045600,113,2022-03-28
36005030900,36005045600,98,2022-03-28
36005032400,36005045600,98,2022-03-28
36005033000,36005045600,86,2022-03-28
36005035800,36005045600,142,2022-03-28
36005037400,36005045600,63,2022-03-28
36005037900,36005045600,76,2022-03-28
36005038200,36005045600,83,2022-03-28
36005038500,36005045600,124,2022-03-28
36005038900,36005045600,170,2022-03-28
36005039300,36005045600,78,2022-03-28
36005039400,36005045600,89,2022-03-28
36005039500,36005045600,81,2022-03-28
36005039600,36005045600,84,2022-03-28
36005039700,36005045600,296,2022-03-28
36005040400,36005045600,92,2022-03-28
36005040701,36005045600,71,2022-03-28
36005041400,36005045600,103,2022-03-28
36005041800,36005045600,147,2022-03-28
36005042100,36005045600,233,2022-03-28
36005042200,36005045600,79,2022-03-28
36005042500,36005045600,97,2022-03-28
36005042600,36005045600,506,2022-03-28
36005043100,36005045600,170,2022-03-28
36005043400,36005045600,81,2022-03-28
36005046000,36005045600,529,2022-03-28
36005046201,36005045600,1086,2022-03-28
36005046202,36005045600,847,2022-03-28
36005048400,36005045600,606,2022-03-28
36005050400,36005045600,92,2022-03-28
36059407000,36005045600,79,2022-03-28
36059407301,36005045600,328,2022-03-28
36059413500,36005045600,67,2022-03-28
36059415102,36005045600,137,2022-03-28
36061000600,36005045600,84,2022-03-28
36061000900,36005045600,74,2022-03-28
36061004900,36005045600,71,2022-03-28
36061005400,36005045600,104,2022-03-28
36061005800,36005045600,84,2022-03-28
36061007000,36005045600,80,2022-03-28
36061009400,36005045600,70,2022-03-28
36061009900,36005045600,192,2022-03-28
36061010200,36005045600,99,2022-03-28
36061010400,36005045600,142,2022-03-28
36061010900,36005045600,201,2022-03-28
36061011202,36005045600,78,2022-03-28
36061011300,36005045600,173,2022-03-28
36061011500,36005045600,107,2022-03-28
36061011900,36005045600,86,2022-03-28
36061013700,36005045600,78,2022-03-28
36061014602,36005045600,61,2022-03-28
36061015400,36005045600,71,2022-03-28
36061015700,36005045600,111,2022-03-28
36061015900,36005045600,76,2022-03-28
36061016300,36005045600,155,2022-03-28
36061016800,36005045600,290,2022-03-28
36061016900,36005045600,76,2022-03-28
36061017100,36005045600,104,2022-03-28
36061017300,36005045600,138,2022-03-28
36061017500,36005045600,76,2022-03-28
36061017700,36005045600,79,2022-03-28
36061017900,36005045600,76,2022-03-28
36061018100,36005045600,104,2022-03-28
36061018300,36005045600,77,2022-03-28
36061018500,36005045600,84,2022-03-28
36061020300,36005045600,79,2022-03-28
36061020500,36005045600,87,2022-03-28
36061021303,36005045600,260,2022-03-28
36061021900,36005045600,91,2022-03-28
36061022200,36005045600,69,2022-03-28
36061022301,36005045600,70,2022-03-28
36061022302,36005045600,183,2022-03-28
36061022500,36005045600,88,2022-03-28
36061024500,36005045600,89,2022-03-28
36061024700,36005045600,96,2022-03-28
36061025700,36005045600,73,2022-03-28
36061030900,36005045600,114,2022-03-28
36081071600,36005045600,231,2022-03-28
36103122300,36005045600,100,2022-03-28
36119000600,36005045600,91,2022-03-28
36119001504,36005045600,102,2022-03-28
36119002000,36005045600,102,2022-03-28
36119002107,36005045600,103,2022-03-28
36119002600,36005045600,299,2022-03-28
36119002900,36005045600,102,2022-03-28
36119003200,36005045600,93,2022-03-28
36119003600,36005045600,85,2022-03-28
36119004000,36005045600,85,2022-03-28
36119004100,36005045600,86,2022-03-28
36119004600,36005045600,68,2022-03-28
36119005002,36005045600,246,2022-03-28
36119005300,36005045600,176,2022-03-28
36119005400,36005045600,338,2022-03-28
36119005500,36005045600,1313,2022-03-28
36119005701,36005045600,165,2022-03-28
36119005800,36005045600,73,2022-03-28
36119006000,36005045600,74,2022-03-28
36119007200,36005045600,73,2022-03-28
36119008404,36005045600,65,2022-03-28
36119009100,36005045600,83,2022-03-28
36119009300,36005045600,124,2022-03-28
36119009400,36005045600,74,2022-03-28
36119009703,36005045600,75,2022-03-28
36119011200,36005045600,66,2022-03-28
36119013000,36005045600,63,2022-03-28
34003017100,36005045600,82,2022-04-04
34003029100,36005045600,64,2022-04-04
34017004900,36005045600,90,2022-04-04
34017007700,36005045600,89,2022-04-04
34025806504,36005045600,134,2022-04-04
34025807700,36005045600,112,2022-04-04
34025807900,36005045600,71,2022-04-04
36005002400,36005045600,100,2022-04-04
36005004200,36005045600,83,2022-04-04
36005005100,36005045600,79,2022-04-04
36005006100,36005045600,176,2022-04-04
36005006300,36005045600,75,2022-04-04
36005006500,36005045600,76,2022-04-04
36005008700,36005045600,179,2022-04-04
36005011700,36005045600,98,2022-04-04
36005011900,36005045600,77,2022-04-04
36005016900,36005045600,123,2022-04-04
36005017300,36005045600,313,2022-04-04
36005017500,36005045600,96,2022-04-04
36005018302,36005045600,247,2022-04-04
36005018400,36005045600,95,2022-04-04
36005019400,36005045600,140,2022-04-04
36005022000,36005045600,223,2022-04-04
36005022500,36005045600,116,2022-04-04
36005023800,36005045600,128,2022-04-04
36005026400,36005045600,80,2022-04-04
36005028400,36005045600,71,2022-04-04
36005029302,36005045600,374,2022-04-04
36005031000,36005045600,81,2022-04-04
36005033400,36005045600,107,2022-04-04
36005034200,36005045600,73,2022-04-04
36005034500,36005045600,147,2022-04-04
36005035000,36005045600,79,2022-04-04
36005035800,36005045600,185,2022-04-04
36005037400,36005045600,191,2022-04-04
36005038000,36005045600,159,2022-04-04
36005038700,36005045600,89,2022-04-04
36005038900,36005045600,87,2022-04-04
36005039000,36005045600,73,2022-04-04
36005039600,36005045600,79,2022-04-04
36005040100,36005045600,197,2022-04-04
36005040600,36005045600,116,2022-04-04
36005041800,36005045600,154,2022-04-04
36005042100,36005045600,72,2022-04-04
36005042300,36005045600,86,2022-04-04
36005042400,36005045600,88,2022-04-04
36005042500,36005045600,177,2022-04-04
36005042600,36005045600,565,2022-04-04
36005042800,36005045600,78,2022-04-04
36005043000,36005045600,65,2022-04-04
36005043100,36005045600,101,2022-04-04
36005043400,36005045600,168,2022-04-04
36005044200,36005045600,118,2022-04-04
36005045600,36005045600,445,2022-04-04
36005046000,36005045600,465,2022-04-04
36005046201,36005045600,1404,2022-04-04
36005046202,36005045600,349,2022-04-04
36005048400,36005045600,293,2022-04-04
36005050400,36005045600,184,2022-04-04
36047031500,36005045600,77,2022-04-04
36059414400,36005045600,90,2022-04-04
36061001300,36005045600,93,2022-04-04
36061001501,36005045600,166,2022-04-04
36061003400,36005045600,69,2022-04-04
36061004000,36005045600,67,2022-04-04
36061006200,36005045600,268,2022-04-04
36061008000,36005045600,177,2022-04-04
36061008601,36005045600,91,2022-04-04
36061009400,36005045600,229,2022-04-04
36061009900,36005045600,232,2022-04-04
36061011202,36005045600,167,2022-04-04
36061012100,36005045600,97,2022-04-04
36061013000,36005045600,122,2022-04-04
36061013500,36005045600,101,2022-04-04
36061013700,36005045600,65,2022-04-04
36061014802,36005045600,81,2022-04-04
36061015100,36005045600,141,2022-04-04
36061015300,36005045600,179,2022-04-04
36061015500,36005045600,200,2022-04-04
36061015700,36005045600,396,2022-04-04
36061016100,36005045600,81,2022-04-04
36061016300,36005045600,78,2022-04-04
36061016500,36005045600,76,2022-04-04
36061016600,36005045600,65,2022-04-04
36061016800,36005045600,159,2022-04-04
36061016900,36005045600,75,2022-04-04
36061017000,36005045600,128,2022-04-04
36061018500,36005045600,89,2022-04-04
36061019500,36005045600,106,2022-04-04
36061020500,36005045600,195,2022-04-04
36061021200,36005045600,74,2022-04-04
36061021303,36005045600,137,2022-04-04
36061021703,36005045600,113,2022-04-04
36061021900,36005045600,246,2022-04-04
36061022200,36005045600,91,2022-04-04
36061022302,36005045600,151,2022-04-04
36061024302,36005045600,103,2022-04-04
36061030900,36005045600,234,2022-04-04
36081017400,36005045600,89,2022-04-04
36081026901,36005045600,74,2022-04-04
36081033100,36005045600,101,2022-04-04
36119000900,36005045600,233,2022-04-04
36119001504,36005045600,70,2022-04-04
36119002000,36005045600,251,2022-04-04
36119002105,36005045600,158,2022-04-04
36119002404,36005045600,72,2022-04-04
36119002600,36005045600,557,2022-04-04
36119002700,36005045600,90,2022-04-04
36119003100,36005045600,71,2022-04-04
36119003300,36005045600,77,2022-04-04
36119003400,36005045600,74,2022-04-04
36119003600,36005045600,95,2022-04-04
36119003900,36005045600,74,2022-04-04
36119004000,36005045600,81,2022-04-04
36119005300,36005045600,164,2022-04-04
36119005400,36005045600,406,2022-04-04
36119005500,36005045600,1516,2022-04-04
36119005701,36005045600,353,2022-04-04
36119005800,36005045600,76,2022-04-04
36119005901,36005045600,75,2022-04-04
36119006000,36005045600,147,2022-04-04
36119006100,36005045600,65,2022-04-04
36119009400,36005045600,308,2022-04-04
36119010701,36005045600,91,2022-04-04
36119010903,36005045600,232,2022-04-04
36119011000,36005045600,329,2022-04-04
36119012102,36005045600,80,2022-04-04
34003042500,36005045600,139,2022-04-11
34003045200,36005045600,59,2022-04-11
34023006606,36005045600,61,2022-04-11
34039035700,36005045600,105,2022-04-11
36005002800,36005045600,73,2022-04-11
36005004400,36005045600,82,2022-04-11
36005005100,36005045600,74,2022-04-11
36005006500,36005045600,75,2022-04-11
36005008700,36005045600,84,2022-04-11
36005009200,36005045600,76,2022-04-11
36005009600,36005045600,168,2022-04-11
36005014702,36005045600,97,2022-04-11
36005017500,36005045600,175,2022-04-11
36005017702,36005045600,190,2022-04-11
36005020000,36005045600,69,2022-04-11
36005022000,36005045600,242,2022-04-11
36005022500,36005045600,97,2022-04-11
36005024501,36005045600,104,2022-04-11
36005024800,36005045600,63,2022-04-11
36005025200,36005045600,89,2022-04-11
36005025600,36005045600,88,2022-04-11
36005026300,36005045600,175,2022-04-11
36005026602,36005045600,84,2022-04-11
36005026702,36005045600,97,2022-04-11
36005027402,36005045600,95,2022-04-11
36005028500,36005045600,109,2022-04-11
36005029302,36005045600,237,2022-04-11
36005030000,36005045600,127,2022-04-11
36005030100,36005045600,166,2022-04-11
36005032400,36005045600,115,2022-04-11
36005033000,36005045600,81,2022-04-11
36005035800,36005045600,186,2022-04-11
36005036400,36005045600,153,2022-04-11
36005038000,36005045600,139,2022-04-11
36005038200,36005045600,73,2022-04-11
36005038500,36005045600,282,2022-04-11
36005038700,36005045600,87,2022-04-11
36005039000,36005045600,67,2022-04-11
36005039600,36005045600,172,2022-04-11
36005039901,36005045600,77,2022-04-11
36005040800,36005045600,131,2022-04-11
36005040900,36005045600,345,2022-04-11
36005041800,36005045600,165,2022-04-11
36005041900,36005045600,98,2022-04-11
36005042000,36005045600,86,2022-04-11
36005042100,36005045600,164,2022-04-11
36005042200,36005045600,70,2022-04-11
36005042300,36005045600,152,2022-04-11
36005042500,36005045600,71,2022-04-11
36005042600,36005045600,424,2022-04-11
36005042800,36005045600,70,2022-04-11
36005042902,36005045600,114,2022-04-11
36005043100,36005045600,89,2022-04-11
36005043400,36005045600,84,2022-04-11
36005043500,36005045600,63,2022-04-11
36005045600,36005045600,96,2022-04-11
36005046000,36005045600,91,2022-04-11
36005046201,36005045600,1150,2022-04-11
36005046202,36005045600,434,2022-04-11
36005048400,36005045600,512,2022-04-11
36005050400,36005045600,389,2022-04-11
36047035200,36005045600,171,2022-04-11
36059407301,36005045600,105,2022-04-11
36059409200,36005045600,84,2022-04-11
36059412301,36005045600,73,2022-04-11
36061001300,36005045600,70,2022-04-11
36061001501,36005045600,281,2022-04-11
36061002100,36005045600,92,2022-04-11
36061004900,36005045600,117,2022-04-11
36061008000,36005045600,79,2022-04-11
36061009900,36005045600,149,2022-04-11
36061010200,36005045600,84,2022-04-11
36061010400,36005045600,201,2022-04-11
36061010601,36005045600,103,2022-04-11
36061011201,36005045600,63,2022-04-11
36061011202,36005045600,182,2022-04-11
36061011300,36005045600,90,2022-04-11
36061011402,36005045600,160,2022-04-11
36061013400,36005045600,78,2022-04-11
36061013900,36005045600,98,2022-04-11
36061014000,36005045600,95,2022-04-11
36061014200,36005045600,74,2022-04-11
36061014801,36005045600,112,2022-04-11
36061014802,36005045600,70,2022-04-11
36061015801,36005045600,114,2022-04-11
36061016100,36005045600,90,2022-04-11
36061016300,36005045600,78,2022-04-11
36061016400,36005045600,189,2022-04-11
36061016500,36005045600,226,2022-04-11
36061016600,36005045600,69,2022-04-11
36061016700,36005045600,92,2022-04-11
36061016800,36005045600,130,2022-04-11
36061017000,36005045600,87,2022-04-11
36061017100,36005045600,68,2022-04-11
36061017300,36005045600,228,2022-04-11
36061017900,36005045600,130,2022-04-11
36061018100,36005045600,85,2022-04-11
36061018300,36005045600,144,2022-04-11
36061019100,36005045600,149,2022-04-11
36061019900,36005045600,74,2022-04-11
36061020500,36005045600,189,2022-04-11
36061020901,36005045600,94,2022-04-11
36061021900,36005045600,273,2022-04-11
36061022200,36005045600,258,2022-04-11
36061024302,36005045600,121,2022-04-11
36061024500,36005045600,375,2022-04-11
36061025700,36005045600,70,2022-04-11
36061026100,36005045600,177,2022-04-11
36081044400,36005045600,80,2022-04-11
36087011102,36005045600,182,2022-04-11
36087011302,36005045600,68,2022-04-11
36087011700,36005045600,64,2022-04-11
36119000203,36005045600,63,2022-04-11
36119000401,36005045600,111,2022-04-11
36119000802,36005045600,73,2022-04-11
36119001700,36005045600,79,2022-04-11
36119002404,36005045600,199,2022-04-11
36119002600,36005045600,1052,2022-04-11
36119003100,36005045600,83,2022-04-11
36119003300,36005045600,147,2022-04-11
36119003500,36005045600,180,2022-04-11
36119004600,36005045600,71,2022-04-11
36119004800,36005045600,74,2022-04-11
36119005200,36005045600,127,2022-04-11
36119005300,36005045600,76,2022-04-11
36119005500,36005045600,1519,2022-04-11
36119005701,36005045600,73,2022-04-11
36119005800,36005045600,214,2022-04-11
36119006000,36005045600,66,2022-04-11
36119006500,36005045600,95,2022-04-11
36119010400,36005045600,138,2022-04-11
36119010903,36005045600,83,2022-04-11
36119013102,36005045600,80,2022-04-11
34003012001,36005045600,135,2022-04-18
34003015400,36005045600,60,2022-04-18
34003042500,36005045600,67,2022-04-18
34003050000,36005045600,69,2022-04-18
34013008900,36005045600,68,2022-04-18
34013015900,36005045600,74,2022-04-18
34017007700,36005045600,69,2022-04-18
34039034500,36005045600,150,2022-04-18
34039035400,36005045600,69,2022-04-18
36005001900,36005045600,94,2022-04-18
36005006500,36005045600,70,2022-04-18
36005009600,36005045600,79,2022-04-18
36005011502,36005045600,136,2022-04-18
36005014400,36005045600,110,2022-04-18
36005017300,36005045600,87,2022-04-18
36005017500,36005045600,115,2022-04-18
36005017701,36005045600,236,2022-04-18
36005017702,36005045600,119,2022-04-18
36005019700,36005045600,69,2022-04-18
36005022101,36005045600,72,2022-04-18
36005022401,36005045600,74,2022-04-18
36005026300,36005045600,195,2022-04-18
36005026601,36005045600,83,2022-04-18
36005028800,36005045600,81,2022-04-18
36005029600,36005045600,153,2022-04-18
36005030100,36005045600,272,2022-04-18
36005030900,36005045600,80,2022-04-18
36005031000,36005045600,450,2022-04-18
36005031800,36005045600,65,2022-04-18
36005032400,36005045600,96,2022-04-18
36005032600,36005045600,67,2022-04-18
36005033400,36005045600,370,2022-04-18
36005033700,36005045600,87,2022-04-18
36005035800,36005045600,74,2022-04-18
36005035900,36005045600,111,2022-04-18
36005036000,36005045600,87,2022-04-18
36005038302,36005045600,99,2022-04-18
36005038600,36005045600,140,2022-04-18
36005038700,36005045600,111,2022-04-18
36005039100,36005045600,77,2022-04-18
36005039400,36005045600,88,2022-04-18
36005039600,36005045600,194,2022-04-18
36005039902,36005045600,69,2022-04-18
36005040600,36005045600,65,2022-04-18
36005040800,36005045600,81,2022-04-18
36005042000,36005045600,89,2022-04-18
36005042100,36005045600,178,2022-04-18
36005042200,36005045600,70,2022-04-18
36005042600,36005045600,432,2022-04-18
36005043400,36005045600,170,2022-04-18
36005044901,36005045600,75,2022-04-18
36005045600,36005045600,401,2022-04-18
36005046201,36005045600,1173,2022-04-18
36005046202,36005045600,404,2022-04-18
36005048400,36005045600,376,2022-04-18
36005050400,36005045600,86,2022-04-18
36059300500,36005045600,69,2022-04-18
36059300700,36005045600,84,2022-04-18
36059519300,36005045600,75,2022-04-18
36061001800,36005045600,73,2022-04-18
36061003300,36005045600,150,2022-04-18
36061004700,36005045600,131,2022-04-18
36061005400,36005045600,74,2022-04-18
36061007600,36005045600,65,2022-04-18
36061009900,36005045600,69,2022-04-18
36061010200,36005045600,219,2022-04-18
36061010300,36005045600,91,2022-04-18
36061010400,36005045600,79,2022-04-18
36061011100,36005045600,111,2022-04-18
36061011202,36005045600,77,2022-04-18
36061011300,36005045600,97,2022-04-18
36061011500,36005045600,105,2022-04-18
36061012100,36005045600,79,2022-04-18
36061012400,36005045600,339,2022-04-18
36061013100,36005045600,100,2022-04-18
36061013500,36005045600,110,2022-04-18
36061013700,36005045600,88,2022-04-18
36061014300,36005045600,79,2022-04-18
36061014500,36005045600,87,2022-04-18
36061014802,36005045600,72,2022-04-18
36061015100,36005045600,75,2022-04-18
36061015500,36005045600,100,2022-04-18
36061016500,36005045600,73,2022-04-18
36061017200,36005045600,71,2022-04-18
36061018200,36005045600,100,2022-04-18
36061018300,36005045600,85,2022-04-18
36061019900,36005045600,107,2022-04-18
36061021900,36005045600,111,2022-04-18
36061022000,36005045600,78,2022-04-18
36061022301,36005045600,166,2022-04-18
36061022302,36005045600,92,2022-04-18
36061024302,36005045600,106,2022-04-18
36061024500,36005045600,119,2022-04-18
36081015900,36005045600,73,2022-04-18
36081025800,36005045600,87,2022-04-18
36081071600,36005045600,72,2022-04-18
36087011200,36005045600,145,2022-04-18
36119000402,36005045600,92,2022-04-18
36119000900,36005045600,98,2022-04-18
36119001504,36005045600,116,2022-04-18
36119001800,36005045600,101,2022-04-18
36119002106,36005045600,84,2022-04-18
36119002600,36005045600,616,2022-04-18
36119002700,36005045600,90,2022-04-18
36119003300,36005045600,72,2022-04-18
36119005002,36005045600,336,2022-04-18
36119005300,36005045600,265,2022-04-18
36119005400,36005045600,589,2022-04-18
36119005500,36005045600,1812,2022-04-18
36119005701,36005045600,182,2022-04-18
36119006000,36005045600,79,2022-04-18
36119006100,36005045600,75,2022-04-18
36119006300,36005045600,65,2022-04-18
36119006900,36005045600,238,2022-04-18
36119007800,36005045600,173,2022-04-18
36119008000,36005045600,78,2022-04-18
36119008602,36005045600,252,2022-04-18
36119009300,36005045600,88,2022-04-18
36119009400,36005045600,78,2022-04-18
36119010701,36005045600,83,2022-04-18
36119010801,36005045600,96,2022-04-18
36119010803,36005045600,240,2022-04-18
36119010903,36005045600,154,2022-04-18
36119011000,36005045600,179,2022-04-18
36119011200,36005045600,94,2022-04-18
36119014806,36005045600,95,2022-04-18
34003032104,36005045600,59,2022-04-25
34017007700,36005045600,152,2022-04-25
34031124402,36005045600,124,2022-04-25
36005006300,36005045600,62,2022-04-25
36005008700,36005045600,189,2022-04-25
36005009600,36005045600,154,2022-04-25
36005012901,36005045600,69,2022-04-25
36005016400,36005045600,78,2022-04-25
36005017300,36005045600,188,2022-04-25
36005017500,36005045600,84,2022-04-25
36005017702,36005045600,85,2022-04-25
36005018302,36005045600,122,2022-04-25
36005018400,36005045600,104,2022-04-25
36005020000,36005045600,56,2022-04-25
36005022000,36005045600,83,2022-04-25
36005023900,36005045600,77,2022-04-25
36005024400,36005045600,66,2022-04-25
36005025400,36005045600,56,2022-04-25
36005025600,36005045600,71,2022-04-25
36005026300,36005045600,75,2022-04-25
36005026400,36005045600,74,2022-04-25
36005027402,36005045600,79,2022-04-25
36005028900,36005045600,92,2022-04-25
36005029302,36005045600,148,2022-04-25
36005030100,36005045600,140,2022-04-25
36005031000,36005045600,238,2022-04-25
36005032600,36005045600,60,2022-04-25
36005033400,36005045600,84,2022-04-25
36005033700,36005045600,70,2022-04-25
36005034200,36005045600,61,2022-04-25
36005034500,36005045600,109,2022-04-25
36005034800,36005045600,101,2022-04-25
36005035000,36005045600,64,2022-04-25
36005036400,36005045600,123,2022-04-25
36005036800,36005045600,75,2022-04-25
36005037200,36005045600,81,2022-04-25
36005038500,36005045600,97,2022-04-25
36005038600,36005045600,66,2022-04-25
36005039100,36005045600,56,2022-04-25
36005039400,36005045600,63,2022-04-25
36005039700,36005045600,96,2022-04-25
36005040100,36005045600,80,2022-04-25
36005041400,36005045600,68,2022-04-25
36005041800,36005045600,84,2022-04-25
36005042200,36005045600,67,2022-04-25
36005042400,36005045600,72,2022-04-25
36005042500,36005045600,70,2022-04-25
36005042600,36005045600,150,2022-04-25
36005043100,36005045600,67,2022-04-25
36005043400,36005045600,251,2022-04-25
36005045101,36005045600,59,2022-04-25
36005045600,36005045600,272,2022-04-25
36005046000,36005045600,318,2022-04-25
36005046201,36005045600,1490,2022-04-25
36005046202,36005045600,643,2022-04-25
36005048400,36005045600,576,2022-04-25
36005050400,36005045600,152,2022-04-25
36005051600,36005045600,67,2022-04-25
36047042900,36005045600,71,2022-04-25
36047079602,36005045600,75,2022-04-25
36047095000,36005045600,154,2022-04-25
36059301900,36005045600,75,2022-04-25
36059406400,36005045600,75,2022-04-25
36059414400,36005045600,63,2022-04-25
36059521200,36005045600,81,2022-04-25
36061000900,36005045600,142,2022-04-25
36061003300,36005045600,101,2022-04-25
36061004900,36005045600,117,2022-04-25
36061005800,36005045600,75,2022-04-25
36061006700,36005045600,59,2022-04-25
36061007500,36005045600,91,2022-04-25
36061008000,36005045600,107,2022-04-25
36061008603,36005045600,81,2022-04-25
36061008700,36005045600,56,2022-04-25
36061009100,36005045600,58,2022-04-25
36061009400,36005045600,125,2022-04-25
36061009600,36005045600,60,2022-04-25
36061009900,36005045600,82,2022-04-25
36061010200,36005045600,171,2022-04-25
36061010900,36005045600,60,2022-04-25
36061011100,36005045600,56,2022-04-25
36061011201,36005045600,209,2022-04-25
36061011300,36005045600,160,2022-04-25
36061011700,36005045600,154,2022-04-25
36061012400,36005045600,96,2022-04-25
36061013000,36005045600,159,2022-04-25
36061013100,36005045600,74,2022-04-25
36061013700,36005045600,69,2022-04-25
36061014601,36005045600,66,2022-04-25
36061015602,36005045600,64,2022-04-25
36061015900,36005045600,144,2022-04-25
36061016300,36005045600,239,2022-04-25
36061017000,36005045600,80,2022-04-25
36061017100,36005045600,191,2022-04-25
36061017500,36005045600,56,2022-04-25
36061017700,36005045600,93,2022-04-25
36061019500,36005045600,70,2022-04-25
36061019900,36005045600,62,2022-04-25
36061021100,36005045600,151,2022-04-25
36061021703,36005045600,90,2022-04-25
36061021800,36005045600,77,2022-04-25
36061021900,36005045600,150,2022-04-25
36061022200,36005045600,68,2022-04-25
36061022301,36005045600,185,2022-04-25
36061022500,36005045600,70,2022-04-25
36061023700,36005045600,94,2022-04-25
36061024200,36005045600,76,2022-04-25
36061024500,36005045600,215,2022-04-25
36061030900,36005045600,212,2022-04-25
36061031703,36005045600,77,2022-04-25
36081009400,36005045600,77,2022-04-25
36081033100,36005045600,82,2022-04-25
36081044400,36005045600,68,2022-04-25
36081044601,36005045600,70,2022-04-25
36087011102,36005045600,90,2022-04-25
36103169902,36005045600,124,2022-04-25
36103170001,36005045600,72,2022-04-25
36103170201,36005045600,94,2022-04-25
36119000900,36005045600,70,2022-04-25
36119002105,36005045600,66,2022-04-25
36119002404,36005045600,120,2022-04-25
36119002600,36005045600,542,2022-04-25
36119003100,36005045600,73,2022-04-25
36119003200,36005045600,72,2022-04-25
36119003600,36005045600,124,2022-04-25
36119004400,36005045600,189,2022-04-25
36119005300,36005045600,112,2022-04-25
36119005400,36005045600,302,2022-04-25
36119005500,36005045600,609,2022-04-25
36119005701,36005045600,186,2022-04-25
36119006000,36005045600,89,2022-04-25
36119006100,36005045600,84,2022-04-25
36119006600,36005045600,87,2022-04-25
36119007000,36005045600,59,2022-04-25
36119007200,36005045600,62,2022-04-25
36119010500,36005045600,62,2022-04-25
36119010600,36005045600,93,2022-04-25
36119010903,36005045600,112,2022-04-25
36119012200,36005045600,58,2022-04-25
36119981000,36005045600,247,2022-04-25
